1,-35.21366882324219,288.1687316894531,28.9353084564209,-0.22915896773338318,0.3470555543899536,-0.2553507685661316,-0.5525364875793457,0.2589053511619568,-0.7922571897506714,-9.906486511230469,270.0482482910156,86.0076675415039,117.20761108398438,210.48562622070312,268.2708435058594,1110,41.38172912597656,16.309661865234375,-41.59416580200195,269.1971435546875,77.3126449584961,-41.59416580200195,269.1971435546875,77.3126449584961,0.0,0.0,0.0,-41.59416580200195,269.1971435546875,77.3126449584961,-60.217044830322266,265.65447998046875,39.2381591796875,0.4378487467765808,0.08329275250434875,0.8951820135116577,-60.217044830322266,265.65447998046875,39.2381591796875,-63.74189758300781,259.9061279296875,13.018569946289062,0.13019917905330658,0.21232962608337402,0.9684855341911316,-63.74189758300781,259.9061279296875,13.018569946289062,-59.22468948364258,253.7720947265625,-3.931309461593628,-0.24308209121227264,0.33008742332458496,0.9121147394180298,1111,46.694664001464844,15.578988075256348,-33.63218307495117,286.8719482421875,71.64372253417969,-60.07929229736328,299.74273681640625,16.28697395324707,0.42190128564834595,-0.20532310009002686,0.8830865025520325,-60.07929229736328,299.74273681640625,16.28697395324707,-68.11019897460938,306.1333312988281,-16.24574851989746,0.23541903495788574,-0.18733471632003784,0.9536684155464172,-68.11019897460938,306.1333312988281,-16.24574851989746,-72.62834167480469,309.7286682128906,-34.5484733581543,0.23541902005672455,-0.18733596801757812,0.9536682963371277,-72.62834167480469,309.7286682128906,-34.5484733581543,-76.01322174072266,310.9814147949219,-47.62594985961914,0.2495046854019165,-0.09234187006950378,0.9639607667922974,1112,53.2048225402832,15.300636291503906,-24.348613739013672,287.61480712890625,66.8127670288086,-41.941158294677734,299.0157165527344,11.185517311096191,0.2959398329257965,-0.1917848289012909,0.9357554316520691,-41.941158294677734,299.0157165527344,11.185517311096191,-56.09941864013672,265.10491943359375,0.49089837074279785,0.3699343502521515,0.8860388398170471,0.27943453192710876,-56.09941864013672,265.10491943359375,0.49089837074279785,-51.856693267822266,254.11573791503906,19.753772735595703,-0.1879039853811264,0.48669445514678955,-0.8531239628791809,-51.856693267822266,254.11573791503906,19.753772735595703,-45.91102600097656,256.5280456542969,33.225067138671875,-0.3984677493572235,-0.16166846454143524,-0.9028215408325195,1113,51.15785598754883,14.559525489807129,-14.920957565307617,285.6918640136719,62.6900749206543,-23.00764274597168,294.7408142089844,10.715205192565918,0.1515129804611206,-0.1695420891046524,0.973806619644165,-23.00764274597168,294.7408142089844,10.715205192565918,-37.800987243652344,263.83026123046875,1.53404700756073,0.4169871509075165,0.8712906837463379,0.25879374146461487,-37.800987243652344,263.83026123046875,1.53404700756073,-36.05530548095703,253.75421142578125,21.00848388671875,-0.07936328649520874,0.45808371901512146,-0.8853591680526733,-36.05530548095703,253.75421142578125,21.00848388671875,-31.127168655395508,256.0310974121094,34.815128326416016,-0.3321838080883026,-0.15347477793693542,-0.9306445717811584,1114,40.1068115234375,12.93290901184082,-6.251423358917236,277.7442932128906,59.7349967956543,-6.573284149169922,286.8314208984375,11.172192573547363,0.0065145124681293964,-0.18392488360404968,0.9829187393188477,-6.573284149169922,286.8314208984375,11.172192573547363,-21.6888427734375,264.6261291503906,3.004384756088257,0.5383778810501099,0.7908961772918701,0.2909165918827057,-21.6888427734375,264.6261291503906,3.004384756088257,-23.68512725830078,257.25311279296875,16.526222229003906,0.1285422444343567,0.4747539758682251,-0.87068110704422,-23.68512725830078,257.25311279296875,16.526222229003906,-20.562416076660156,258.31390380859375,29.809389114379883,-0.22816064953804016,-0.07750661671161652,-0.970533549785614
1,-35.26051330566406,288.15374755859375,28.994064331054688,-0.23430773615837097,0.3453684449195862,-0.25479045510292053,-0.5527675151824951,0.2585737407207489,-0.7922043204307556,-9.96029281616211,270.0825500488281,86.08523559570312,117.20694732666016,210.59620666503906,268.33624267578125,1110,41.38172912597656,16.309661865234375,-41.66813278198242,269.35638427734375,77.43579864501953,-41.66813278198242,269.35638427734375,77.43579864501953,0.0,0.0,0.0,-41.66813278198242,269.35638427734375,77.43579864501953,-60.325870513916016,265.7728271484375,39.38220977783203,0.43866828083992004,0.0842542052268982,0.8946906328201294,-60.325870513916016,265.7728271484375,39.38220977783203,-63.89087677001953,259.9535827636719,13.183695793151855,0.131682351231575,0.21494823694229126,0.967707097530365,-63.89087677001953,259.9535827636719,13.183695793151855,-59.411502838134766,253.74241638183594,-3.7481260299682617,-0.24104614555835724,0.3342381715774536,0.9111430048942566,1111,46.694664001464844,15.578988075256348,-33.62651062011719,286.9747619628906,71.70391845703125,-60.0859260559082,299.8136291503906,16.34563636779785,0.4220976233482361,-0.2048138678073883,0.8831109404563904,-60.0859260559082,299.8136291503906,16.34563636779785,-68.14033508300781,306.16156005859375,-16.18962860107422,0.23610801994800568,-0.1860840916633606,0.9537429809570312,-68.14033508300781,306.16156005859375,-16.18962860107422,-72.67169952392578,309.7328796386719,-34.49378204345703,0.2361079901456833,-0.18608458340168,0.9537429213523865,-72.67169952392578,309.7328796386719,-34.49378204345703,-76.0613021850586,311.0491943359375,-47.56379318237305,0.24985271692276,-0.09702754020690918,0.9634101986885071,1112,53.2048225402832,15.300636291503906,-24.346052169799805,287.6573486328125,66.85811614990234,-41.958675384521484,298.9816589355469,11.221574783325195,0.29627758264541626,-0.1904962956905365,0.9359117746353149,-41.958675384521484,298.9816589355469,11.221574783325195,-56.2988166809082,265.12255859375,0.6058956980705261,0.37468695640563965,0.8846888542175293,0.27737218141555786,-56.2988166809082,265.12255859375,0.6058956980705261,-52.120079040527344,254.1616973876953,19.89888572692871,-0.1850699484348297,0.48543989658355713,-0.8544572591781616,-52.120079040527344,254.1616973876953,19.89888572692871,-46.16596603393555,256.5715637207031,33.36688995361328,-0.39903369545936584,-0.1615048050880432,-0.9026008248329163,1113,51.15785598754883,14.559525489807129,-14.933741569519043,285.675537109375,62.72823715209961,-23.0472412109375,294.611572265625,10.738006591796875,0.15201535820960999,-0.1674264669418335,0.9740942716598511,-23.0472412109375,294.611572265625,10.738006591796875,-38.01119613647461,263.76025390625,1.6344120502471924,0.42179620265960693,0.8696209788322449,0.25660741329193115,-38.01119613647461,263.76025390625,1.6344120502471924,-36.29247283935547,253.72572326660156,21.13266944885254,-0.07813768833875656,0.4561961889266968,-0.8864421248435974,-36.29247283935547,253.72572326660156,21.13266944885254,-31.3370304107666,256.0093688964844,34.92841720581055,-0.3340243995189667,-0.1539304256439209,-0.9299101829528809,1114,40.1068115234375,12.93290901184082,-6.307777404785156,277.6764221191406,59.78476333618164,-6.651655673980713,286.6221618652344,11.195863723754883,0.006960149854421616,-0.18106317520141602,0.9834468960762024,-6.651655673980713,286.6221618652344,11.195863723754883,-21.880352020263672,264.47332763671875,3.085132598876953,0.5424076318740845,0.7888853549957275,0.28888368606567383,-21.880352020263672,264.47332763671875,3.085132598876953,-23.922380447387695,257.1632080078125,16.634262084960938,0.13148771226406097,0.47070395946502686,-0.872438371181488,-23.922380447387695,257.1632080078125,16.634262084960938,-20.80061149597168,258.2585144042969,29.91485023498535,-0.22809180617332458,-0.0800284743309021,-0.970345139503479
1,-35.26338195800781,288.1004638671875,29.0565185546875,-0.23941564559936523,0.34378501772880554,-0.25440311431884766,-0.552933931350708,0.25835368037223816,-0.7921599745750427,-9.96309757232666,270.07366943359375,86.16181945800781,117.24242401123047,210.63796997070312,268.40264892578125,1110,41.38172912597656,16.309661865234375,-41.689571380615234,269.4717102050781,77.56088256835938,-41.689571380615234,269.4717102050781,77.56088256835938,0.0,0.0,0.0,-41.689571380615234,269.4717102050781,77.56088256835938,-60.38640594482422,265.8492431640625,39.53017807006836,0.4395875930786133,0.08516904711723328,0.8941527009010315,-60.38640594482422,265.8492431640625,39.53017807006836,-63.98716735839844,259.958740234375,13.352485656738281,0.13300304114818573,0.21758030354976654,0.9669378399848938,-63.98716735839844,259.958740234375,13.352485656738281,-59.53722381591797,253.67001342773438,-3.5584487915039062,-0.23946250975131989,0.33841198682785034,0.9100193381309509,1111,46.694664001464844,15.578988075256348,-33.57076644897461,287.0343322753906,71.76705932617188,-60.0506706237793,299.8455810546875,16.412166595458984,0.42242440581321716,-0.20437325537204742,0.8830567598342896,-60.0506706237793,299.8455810546875,16.412166595458984,-68.13310241699219,306.156982421875,-16.123254776000977,0.23692944645881653,-0.18501323461532593,0.953747570514679,-68.13310241699219,306.156982421875,-16.123254776000977,-72.68023681640625,309.7077331542969,-34.427494049072266,0.2369297444820404,-0.18501289188861847,0.9537476897239685,-72.68023681640625,309.7077331542969,-34.427494049072266,-76.07637786865234,311.08306884765625,-47.48972702026367,0.2503347098827362,-0.10137807577848434,0.9628369808197021,1112,53.2048225402832,15.300636291503906,-24.294404983520508,287.65789794921875,66.90547943115234,-41.9354362487793,298.91064453125,11.263415336608887,0.29675546288490295,-0.18929246068000793,0.936004638671875,-41.9354362487793,298.91064453125,11.263415336608887,-56.45524597167969,265.1054382324219,0.7203831076622009,0.3793812692165375,0.8832802772521973,0.2754739224910736,-56.45524597167969,265.1054382324219,0.7203831076622009,-52.34212112426758,254.17056274414062,20.04219627380371,-0.1821640580892563,0.4842890501022339,-0.8557338118553162,-52.34212112426758,254.17056274414062,20.04219627380371,-46.38117599487305,256.57550048828125,33.508056640625,-0.3994916081428528,-0.16117452085018158,-0.9024572968482971,1113,51.15785598754883,14.559525489807129,-14.89810848236084,285.6184997558594,62.76718521118164,-23.04629135131836,294.4469299316406,10.763997077941895,0.1526651829481125,-0.1654103696346283,0.9743370413780212,-23.04629135131836,294.4469299316406,10.763997077941895,-38.17631912231445,263.6551818847656,1.7335069179534912,0.426477313041687,0.8679417371749878,0.25454673171043396,-38.17631912231445,263.6551818847656,1.7335069179534912,-36.493465423583984,253.66241455078125,21.256328582763672,-0.07650694996118546,0.4542974531650543,-0.8875587582588196,-36.493465423583984,253.66241455078125,21.256328582763672,-31.516769409179688,255.95355224609375,35.043182373046875,-0.3354570269584656,-0.1544354408979416,-0.92931067943573,1114,40.1068115234375,12.93290901184082,-6.315706729888916,277.569091796875,59.83353042602539,-6.68919563293457,286.3788757324219,11.220022201538086,0.007559474557638168,-0.17831142246723175,0.9839451313018799,-6.68919563293457,286.3788757324219,11.220022201538086,-22.030582427978516,264.2873229980469,3.1657097339630127,0.5464217662811279,0.7868458032608032,0.2868744432926178,-22.030582427978516,264.2873229980469,3.1657097339630127,-24.11400032043457,257.0361633300781,16.74020767211914,0.13415271043777466,0.46690717339515686,-0.8740713000297546,-24.11400032043457,257.0361633300781,16.74020767211914,-20.988927841186523,258.1639099121094,30.017303466796875,-0.22833317518234253,-0.08239872008562088,-0.9700899720191956
1,-35.28327178955078,288.0828857421875,29.13204574584961,-0.24288415908813477,0.34359097480773926,-0.25426924228668213,-0.5532048940658569,0.2582750618457794,-0.791996419429779,-9.978996276855469,270.0423278808594,86.23143768310547,117.28886413574219,210.62472534179688,268.43463134765625,1110,41.38172912597656,16.309661865234375,-41.719173431396484,269.52496337890625,77.66226196289062,-41.719173431396484,269.52496337890625,77.66226196289062,0.0,0.0,0.0,-41.719173431396484,269.52496337890625,77.66226196289062,-60.43779373168945,265.90972900390625,39.6415901184082,0.4400998055934906,0.08499899506568909,0.8939168453216553,-60.43779373168945,265.90972900390625,39.6415901184082,-64.0618667602539,259.9952087402344,13.47252368927002,0.13386407494544983,0.21846739947795868,0.966619074344635,-64.0618667602539,259.9952087402344,13.47252368927002,-59.6280403137207,253.6687774658203,-3.4285755157470703,-0.23859520256519318,0.340440958738327,0.909490168094635,1111,46.694664001464844,15.578988075256348,-33.54943084716797,287.05511474609375,71.84187316894531,-60.04549789428711,299.8954772949219,16.501462936401367,0.4226822555065155,-0.20483769476413727,0.8828256726264954,-60.04549789428711,299.8954772949219,16.501462936401367,-68.15313720703125,306.2082824707031,-16.027414321899414,0.23766840994358063,-0.18505440652370453,0.9535558223724365,-68.15313720703125,306.2082824707031,-16.027414321899414,-72.71444702148438,309.7598571777344,-34.327972412109375,0.23766829073429108,-0.18505577743053436,0.9535555839538574,-72.71444702148438,309.7598571777344,-34.327972412109375,-76.11048889160156,311.2275695800781,-47.38017654418945,0.25032734870910645,-0.10818728059530258,0.9620975255966187,1112,53.2048225402832,15.300636291503906,-24.27618408203125,287.6435546875,66.96997833251953,-41.93879318237305,298.8963928222656,11.334781646728516,0.2971184551715851,-0.1892939954996109,0.9358891248703003,-41.93879318237305,298.8963928222656,11.334781646728516,-56.577476501464844,265.1369323730469,0.8096173405647278,0.38248735666275024,0.8820852637290955,0.27500712871551514,-56.577476501464844,265.1369323730469,0.8096173405647278,-52.51066589355469,254.20481872558594,20.142791748046875,-0.18011288344860077,0.4841667711734772,-0.85623699426651,-52.51066589355469,254.20481872558594,20.142791748046875,-46.54690170288086,256.5967712402344,33.609718322753906,-0.3996805250644684,-0.16030427813529968,-0.902528703212738,1113,51.15785598754883,14.559525489807129,-14.890897750854492,285.56939697265625,62.8239860534668,-23.064783096313477,294.3708190917969,10.820257186889648,0.15314675867557526,-0.16490435600280762,0.9743472933769226,-23.064783096313477,294.3708190917969,10.820257186889648,-38.306522369384766,263.6278991699219,1.8113739490509033,0.42962646484375,0.8665659427642822,0.25393787026405334,-38.306522369384766,263.6278991699219,1.8113739490509033,-36.64360046386719,253.64605712890625,21.341506958007812,-0.0756007507443428,0.4538004696369171,-0.8878905177116394,-36.64360046386719,253.64605712890625,21.341506958007812,-31.649568557739258,255.932373046875,35.122894287109375,-0.33662548661231995,-0.154110386967659,-0.9289420247077942,1114,40.1068115234375,12.93290901184082,-6.337764739990234,277.4891052246094,59.889678955078125,-6.733514308929443,286.2501525878906,11.267531394958496,0.008010032586753368,-0.17732495069503784,0.984119713306427,-6.733514308929443,286.2501525878906,11.267531394958496,-22.152856826782227,264.205810546875,3.2326533794403076,0.5491978526115417,0.7851635217666626,0.2861819565296173,-22.152856826782227,264.205810546875,3.2326533794403076,-24.2521915435791,256.9772644042969,16.816741943359375,0.13517773151397705,0.46545150876045227,-0.8746896386146545,-24.2521915435791,256.9772644042969,16.816741943359375,-21.113521575927734,258.11285400390625,30.0899600982666,-0.22932668030261993,-0.08297176659107208,-0.9698066711425781
1,-35.30607986450195,288.087646484375,29.177013397216797,-0.2451501041650772,0.34339824318885803,-0.25441038608551025,-0.5533768534660339,0.25822246074676514,-0.7918934226036072,-9.987821578979492,270.0428771972656,86.2690200805664,117.31961059570312,210.63735961914062,268.4485168457031,1110,41.38172912597656,16.309661865234375,-41.7366828918457,269.5791320800781,77.72679901123047,-41.7366828918457,269.5791320800781,77.72679901123047,0.0,0.0,0.0,-41.7366828918457,269.5791320800781,77.72679901123047,-60.477630615234375,265.9634704589844,39.717166900634766,0.44062474370002747,0.08500903844833374,0.8936572670936584,-60.477630615234375,265.9634704589844,39.717166900634766,-64.10828399658203,260.02508544921875,13.55441951751709,0.13410715758800507,0.21934892237186432,0.9663857221603394,-64.10828399658203,260.02508544921875,13.55441951751709,-59.676876068115234,253.66969299316406,-3.33644700050354,-0.2384650558233261,0.34199944138526917,0.9089394807815552,1111,46.694664001464844,15.578988075256348,-33.53593063354492,287.0880432128906,71.88601684570312,-60.05516815185547,299.94207763671875,16.559886932373047,0.4230519235134125,-0.2050558179616928,0.8825979828834534,-60.05516815185547,299.94207763671875,16.559886932373047,-68.19256591796875,306.2511901855469,-15.962279319763184,0.23854069411754608,-0.18494611978530884,0.9533588886260986,-68.19256591796875,306.2511901855469,-15.962279319763184,-72.77061462402344,309.8006286621094,-34.259063720703125,0.23854057490825653,-0.1849445253610611,0.9533592462539673,-72.77061462402344,309.8006286621094,-34.259063720703125,-76.16350555419922,311.3768310546875,-47.29943084716797,0.25009509921073914,-0.11618425697088242,0.9612250924110413,1112,53.2048225402832,15.300636291503906,-24.26587677001953,287.6536560058594,67.00536346435547,-41.955230712890625,298.9017028808594,11.377687454223633,0.29756829142570496,-0.1892133504152298,0.9357624053955078,-41.955230712890625,298.9017028808594,11.377687454223633,-56.675724029541016,265.1752624511719,0.8607165813446045,0.3846248388290405,0.8812222480773926,0.27479296922683716,-56.675724029541016,265.1752624511719,0.8607165813446045,-52.63164138793945,254.24349975585938,20.1988582611084,-0.17910628020763397,0.4841511845588684,-0.856456995010376,-52.63164138793945,254.24349975585938,20.1988582611084,-46.661739349365234,256.6233215332031,33.66521453857422,-0.40009185671806335,-0.15949127078056335,-0.9024903774261475,1113,51.15785598754883,14.559525489807129,-14.888635635375977,285.5570068359375,62.85248565673828,-23.09109115600586,294.3367004394531,10.849577903747559,0.15368205308914185,-0.1644972413778305,0.9743318557739258,-23.09109115600586,294.3367004394531,10.849577903747559,-38.40874099731445,263.6278381347656,1.853228211402893,0.43176600337028503,0.8656055331230164,0.25358444452285767,-38.40874099731445,263.6278381347656,1.853228211402893,-36.74822235107422,253.65272521972656,21.386995315551758,-0.0754915103316307,0.4534946382045746,-0.8880560398101807,-36.74822235107422,253.65272521972656,21.386995315551758,-31.73677635192871,255.93409729003906,35.16287612915039,-0.3377993702888489,-0.15377718210220337,-0.9285710453987122,1114,40.1068115234375,12.93290901184082,-6.354881286621094,277.45684814453125,59.91651153564453,-6.776259422302246,286.18255615234375,11.288228988647461,0.008528759703040123,-0.17660970985889435,0.9842440485954285,-6.776259422302246,286.18255615234375,11.288228988647461,-22.245609283447266,264.1696472167969,3.2633872032165527,0.5509794354438782,0.784044623374939,0.285824716091156,-22.245609283447266,264.1696472167969,3.2633872032165527,-24.354990005493164,256.96051025390625,16.856245040893555,0.13582448661327362,0.4642013609409332,-0.8752535581588745,-24.354990005493164,256.96051025390625,16.856245040893555,-21.207460403442383,258.10565185546875,30.12654685974121,-0.2299739569425583,-0.08366966992616653,-0.9695934057235718
1,-35.305660247802734,288.10162353515625,29.222274780273438,-0.2449394315481186,0.3422921597957611,-0.2545594573020935,-0.5535053610801697,0.25831353664398193,-0.7917739152908325,-9.974427223205566,270.1134033203125,86.32612609863281,117.36256408691406,210.68695068359375,268.4781188964844,1110,41.38172912597656,16.309661865234375,-41.72405242919922,269.644287109375,77.79314422607422,-41.72405242919922,269.644287109375,77.79314422607422,0.0,0.0,0.0,-41.72405242919922,269.644287109375,77.79314422607422,-60.45233917236328,265.9609069824219,39.78377151489258,0.4403270184993744,0.08660118281841278,0.8936511278152466,-60.45233917236328,265.9609069824219,39.78377151489258,-64.05619049072266,259.97528076171875,13.62808895111084,0.1331171691417694,0.22109392285346985,0.9661248326301575,-64.05619049072266,259.97528076171875,13.62808895111084,-59.59801483154297,253.5924530029297,-3.2453832626342773,-0.239905446767807,0.34347572922706604,0.9080032110214233,1111,46.694664001464844,15.578988075256348,-33.52762222290039,287.1484069824219,71.93201446533203,-60.059234619140625,299.9378662109375,16.596847534179688,0.4232493042945862,-0.20402565598487854,0.8827420473098755,-60.059234619140625,299.9378662109375,16.596847534179688,-68.20950317382812,306.2135314941406,-15.928559303283691,0.23891808092594147,-0.18396571278572083,0.9534541964530945,-68.20950317382812,306.2135314941406,-15.928559303283691,-72.7947998046875,309.74420166015625,-34.227169036865234,0.23891811072826385,-0.1839665174484253,0.9534540176391602,-72.7947998046875,309.74420166015625,-34.227169036865234,-76.17816925048828,311.3979797363281,-47.26039505004883,0.24939335882663727,-0.12190252542495728,0.9606991410255432,1112,53.2048225402832,15.300636291503906,-24.25855255126953,287.7104797363281,67.049072265625,-41.96003723144531,298.895263671875,11.412503242492676,0.2977723777294159,-0.18814916908740997,0.9359121322631836,-41.96003723144531,298.895263671875,11.412503242492676,-56.680419921875,265.1668701171875,0.9015856981277466,0.3846217393875122,0.8812728524208069,0.2746346890926361,-56.680419921875,265.1668701171875,0.9015856981277466,-52.648372650146484,254.24490356445312,20.247760772705078,-0.1785733550786972,0.4837176203727722,-0.8568131923675537,-52.648372650146484,254.24490356445312,20.247760772705078,-46.686946868896484,256.6241455078125,33.71797180175781,-0.39952385425567627,-0.15945245325565338,-0.9027489423751831,1113,51.15785598754883,14.559525489807129,-14.881669998168945,285.611083984375,62.896766662597656,-23.095144271850586,294.33319091796875,10.885908126831055,0.1538885086774826,-0.16341829299926758,0.9744808077812195,-23.095144271850586,294.33319091796875,10.885908126831055,-38.41217041015625,263.6205139160156,1.9015246629714966,0.4317484200000763,0.8657130599021912,0.2532471716403961,-38.41217041015625,263.6205139160156,1.9015246629714966,-36.75088882446289,253.65830993652344,21.44181251525879,-0.07552620023488998,0.4529078006744385,-0.8883525133132935,-36.75088882446289,253.65830993652344,21.44181251525879,-31.740291595458984,255.94656372070312,35.21686553955078,-0.33774203062057495,-0.15424099564552307,-0.9285149574279785,1114,40.1068115234375,12.93290901184082,-6.346935749053955,277.5093688964844,59.96798324584961,-6.77871561050415,286.1825866699219,11.330400466918945,0.008739291690289974,-0.1755472868680954,0.9844322204589844,-6.77871561050415,286.1825866699219,11.330400466918945,-22.241628646850586,264.1622009277344,3.3136610984802246,0.5507500767707825,0.7843107581138611,0.2855360805988312,-22.241628646850586,264.1622009277344,3.3136610984802246,-24.360122680664062,256.97210693359375,16.915176391601562,0.1364113837480545,0.4629754424095154,-0.8758115172386169,-24.360122680664062,256.97210693359375,16.915176391601562,-21.221378326416016,258.13641357421875,30.185888290405273,-0.2293321192264557,-0.08506997674703598,-0.9696235656738281
1,-35.29934310913086,288.1785583496094,29.230224609375,-0.2449226826429367,0.3418353796005249,-0.254567950963974,-0.5535338521003723,0.25834089517593384,-0.7917450666427612,-9.965461730957031,270.2129821777344,86.33993530273438,117.37808227539062,210.78024291992188,268.48529052734375,1110,41.38172912597656,16.309661865234375,-41.71538543701172,269.7436218261719,77.8099136352539,-41.71538543701172,269.7436218261719,77.8099136352539,0.0,0.0,0.0,-41.71538543701172,269.7436218261719,77.8099136352539,-60.424415588378906,266.0199279785156,39.794986724853516,0.4398743212223053,0.08754902333021164,0.8937817811965942,-60.424415588378906,266.0199279785156,39.794986724853516,-63.992210388183594,260.001953125,13.641785621643066,0.1317853331565857,0.2222888022661209,0.9660332798957825,-63.992210388183594,260.001953125,13.641785621643066,-59.50047302246094,253.6000213623047,-3.2155494689941406,-0.24171137809753418,0.34450361132621765,0.9071344137191772,1111,46.694664001464844,15.578988075256348,-33.51921463012695,287.2449951171875,71.9403076171875,-60.05352020263672,300.0090026855469,16.600553512573242,0.42329224944114685,-0.20361962914466858,0.8828151822090149,-60.05352020263672,300.0090026855469,16.600553512573242,-68.20918273925781,306.2670593261719,-15.926898002624512,0.239076167345047,-0.18344950675964355,0.9535139799118042,-68.20918273925781,306.2670593261719,-15.926898002624512,-72.88394927978516,309.2906188964844,-34.293556213378906,0.24358004331588745,-0.15754343569278717,0.9569998979568481,-72.88394927978516,309.2906188964844,-34.293556213378906,-76.31021881103516,310.6783447265625,-47.34660720825195,0.2525555193424225,-0.10229137539863586,0.9621601700782776,1112,53.2048225402832,15.300636291503906,-24.250385284423828,287.8048400878906,67.05665588378906,-41.9545783996582,298.9639587402344,11.415802955627441,0.29781797528266907,-0.18771745264530182,0.9359842538833618,-41.9545783996582,298.9639587402344,11.415802955627441,-56.681793212890625,265.24432373046875,0.8864941000938416,0.38480061292648315,0.8810448050498962,0.2751154899597168,-56.681793212890625,265.24432373046875,0.8864941000938416,-52.66392517089844,254.31512451171875,20.23154640197754,-0.1779453009366989,0.48403769731521606,-0.8567631244659424,-52.66392517089844,254.31512451171875,20.23154640197754,-46.71080780029297,256.6784973144531,33.708229064941406,-0.398966908454895,-0.1583888828754425,-0.903182327747345,1113,51.15785598754883,14.559525489807129,-14.873708724975586,285.7035217285156,62.90486145019531,-23.089717864990234,294.4016418457031,10.890387535095215,0.1539359986782074,-0.16296887397766113,0.9745485782623291,-23.089717864990234,294.4016418457031,10.890387535095215,-38.41206359863281,263.6944580078125,1.8963137865066528,0.43189841508865356,0.8655583262443542,0.25352033972740173,-38.41206359863281,263.6944580078125,1.8963137865066528,-36.751060485839844,253.7296905517578,21.435317993164062,-0.07551354169845581,0.45302435755729675,-0.8882941007614136,-36.751060485839844,253.7296905517578,21.435317993164062,-31.74078941345215,256.01165771484375,35.21153259277344,-0.33772003650665283,-0.15381723642349243,-0.9285932183265686,1114,40.1068115234375,12.93290901184082,-6.339129447937012,277.6004333496094,59.97939682006836,-6.773279190063477,286.251220703125,11.337839126586914,0.008787257596850395,-0.17509326338768005,0.9845125675201416,-6.773279190063477,286.251220703125,11.337839126586914,-22.233278274536133,264.2313537597656,3.3140110969543457,0.5506460666656494,0.7842919826507568,0.28578847646713257,-22.233278274536133,264.2313537597656,3.3140110969543457,-24.36274528503418,257.05078125,16.918846130371094,0.1371178925037384,0.4623621702194214,-0.8760250210762024,-24.36274528503418,257.05078125,16.918846130371094,-21.23378562927246,258.2231140136719,30.191164016723633,-0.22861717641353607,-0.08565639704465866,-0.9697408080101013
1,-35.256874084472656,288.1945495605469,29.267988204956055,-0.24387295544147491,0.341894268989563,-0.2545734643936157,-0.5535336136817932,0.2577750086784363,-0.7919296622276306,-9.925029754638672,270.2384033203125,86.38162231445312,117.41845703125,210.93580627441406,268.5694580078125,1110,41.38172912597656,16.309661865234375,-41.6717643737793,269.7381591796875,77.83968353271484,-41.6717643737793,269.7381591796875,77.83968353271484,0.0,0.0,0.0,-41.6717643737793,269.7381591796875,77.83968353271484,-60.35126876831055,265.9896240234375,39.812679290771484,0.43918007612228394,0.0881330668926239,0.8940656185150146,-60.35126876831055,265.9896240234375,39.812679290771484,-63.8785285949707,259.9607238769531,13.65649700164795,0.13028807938098907,0.2226923704147339,0.9661433696746826,-63.8785285949707,259.9607238769531,13.65649700164795,-59.34982681274414,253.559814453125,-3.191326856613159,-0.24370059370994568,0.34444868564605713,0.9066228866577148,1111,46.694664001464844,15.578988075256348,-33.49064254760742,287.2493896484375,71.9783935546875,-60.01820755004883,300.0047912597656,16.633426666259766,0.42318472266197205,-0.20348234474658966,0.8828983902931213,-60.01820755004883,300.0047912597656,16.633426666259766,-68.16846466064453,306.2560119628906,-15.89669132232666,0.2389177531003952,-0.18324913084506989,0.9535923004150391,-68.16846466064453,306.2560119628906,-15.89669132232666,-72.84352111816406,309.25274658203125,-34.26767349243164,0.24359509348869324,-0.15614567697048187,0.9572250843048096,-72.84352111816406,309.25274658203125,-34.26767349243164,-76.25523376464844,310.71026611328125,-47.316932678222656,0.25148245692253113,-0.10743594914674759,0.9618804454803467,1112,53.2048225402832,15.300636291503906,-24.220672607421875,287.81976318359375,67.09813690185547,-41.91645812988281,298.9790344238281,11.454632759094238,0.2976765036582947,-0.18772000074386597,0.936028778553009,-41.91645812988281,298.9790344238281,11.454632759094238,-56.60704803466797,265.2568359375,0.8824232816696167,0.3838435709476471,0.8811116218566895,0.27623632550239563,-56.60704803466797,265.2568359375,0.8824232816696167,-52.60919952392578,254.31671142578125,20.225440979003906,-0.17705868184566498,0.48452162742614746,-0.8566731214523315,-52.60919952392578,254.31671142578125,20.225440979003906,-46.6780891418457,256.6666259765625,33.714168548583984,-0.3974922299385071,-0.15748700499534607,-0.9039899706840515,1113,51.15785598754883,14.559525489807129,-14.840510368347168,285.7289123535156,62.948936462402344,-23.04697036743164,294.435302734375,10.93433666229248,0.15375706553459167,-0.16312381625175476,0.9745507836341858,-23.04697036743164,294.435302734375,10.93433666229248,-38.334407806396484,263.7208557128906,1.905716896057129,0.43091440200805664,0.8657629489898682,0.2544940710067749,-38.334407806396484,263.7208557128906,1.905716896057129,-36.69041061401367,253.7491455078125,21.442617416381836,-0.07474041730165482,0.4533400535583496,-0.8881986141204834,-36.69041061401367,253.7491455078125,21.442617416381836,-31.700279235839844,256.0263671875,35.226924896240234,-0.3363625109195709,-0.1534973680973053,-0.929138720035553,1114,40.1068115234375,12.93290901184082,-6.297011852264404,277.6351013183594,60.02389907836914,-6.7227396965026855,286.3006591796875,11.384902954101562,0.008616798557341099,-0.1753922551870346,0.9844609498977661,-6.7227396965026855,286.3006591796875,11.384902954101562,-22.15176010131836,264.2684020996094,3.335519313812256,0.5495427846908569,0.7847334146499634,0.28669872879981995,-22.15176010131836,264.2684020996094,3.335519313812256,-24.302873611450195,257.092529296875,16.939420700073242,0.1385118067264557,0.4620598256587982,-0.8759653568267822,-24.302873611450195,257.092529296875,16.939420700073242,-21.200729370117188,258.2728271484375,30.217323303222656,-0.2266579568386078,-0.08623838424682617,-0.970149040222168
1,-35.2188606262207,288.21087646484375,29.280956268310547,-0.24138706922531128,0.3427302837371826,-0.25485965609550476,-0.55328369140625,0.25664493441581726,-0.792471170425415,-9.884069442749023,270.24212646484375,86.38964080810547,117.40192413330078,211.19952392578125,268.7020568847656,1110,41.38172912597656,16.309661865234375,-41.620426177978516,269.6688537597656,77.82179260253906,-41.620426177978516,269.6688537597656,77.82179260253906,0.0,0.0,0.0,-41.620426177978516,269.6688537597656,77.82179260253906,-60.27043151855469,265.9280090332031,39.77956008911133,0.43848660588264465,0.08795227110385895,0.8944238424301147,-60.27043151855469,265.9280090332031,39.77956008911133,-63.75511932373047,259.922119140625,13.612382888793945,0.12871558964252472,0.2218424528837204,0.9665496349334717,-63.75511932373047,259.922119140625,13.612382888793945,-59.18928909301758,253.55288696289062,-3.237426519393921,-0.24569855630397797,0.34274405241012573,0.9067296981811523,1111,46.694664001464844,15.578988075256348,-33.47774124145508,287.20819091796875,71.99108123779297,-60.00045394897461,299.9797058105469,16.64750862121582,0.4231073558330536,-0.20373941957950592,0.8828762769699097,-60.00045394897461,299.9797058105469,16.64750862121582,-68.14451599121094,306.24603271484375,-15.881256103515625,0.2387361079454422,-0.18369193375110626,0.9535524845123291,-68.14451599121094,306.24603271484375,-15.881256103515625,-72.82017517089844,309.2183837890625,-34.25605010986328,0.24362647533416748,-0.15487514436244965,0.9574235677719116,-72.82017517089844,309.2183837890625,-34.25605010986328,-76.21672821044922,310.7472229003906,-47.30110168457031,0.2503650486469269,-0.11269303411245346,0.9615703821182251,1112,53.2048225402832,15.300636291503906,-24.206043243408203,287.8079528808594,67.11763000488281,-41.89297103881836,299.0050354003906,11.478906631469727,0.2975274920463562,-0.18835605680942535,0.935948371887207,-41.89297103881836,299.0050354003906,11.478906631469727,-56.49336242675781,265.2668762207031,0.8328852653503418,0.381486713886261,0.881528377532959,0.2781648337841034,-56.49336242675781,265.2668762207031,0.8328852653503418,-52.500732421875,254.30462646484375,20.16444969177246,-0.1768275946378708,0.48550161719322205,-0.8561660051345825,-52.500732421875,254.30462646484375,20.16444969177246,-46.5960693359375,256.6412353515625,33.66708755493164,-0.3957196772098541,-0.15659524500370026,-0.9049220085144043,1113,51.15785598754883,14.559525489807129,-14.818215370178223,285.74566650390625,62.971458435058594,-23.012269973754883,294.5074768066406,10.964211463928223,0.15352463722229004,-0.16416217386722565,0.9744130969047546,-23.012269973754883,294.5074768066406,10.964211463928223,-38.21525955200195,263.77032470703125,1.8704878091812134,0.42853400111198425,0.8664029240608215,0.25632914900779724,-38.21525955200195,263.77032470703125,1.8704878091812134,-36.58296203613281,253.7773895263672,21.39751625061035,-0.07420852780342102,0.4543050527572632,-0.887749969959259,-36.58296203613281,253.7773895263672,21.39751625061035,-31.622547149658203,256.0461730957031,35.19393539428711,-0.33435946702957153,-0.15292859077453613,-0.9299551248550415,1114,40.1068115234375,12.93290901184082,-6.253378868103027,277.6766662597656,60.04024124145508,-6.668790340423584,286.4115295410156,11.413549423217773,0.00840799231082201,-0.17679497599601746,0.984211802482605,-6.668790340423584,286.4115295410156,11.413549423217773,-22.033655166625977,264.3522644042969,3.315577507019043,0.5472577810287476,0.785695493221283,0.2884293794631958,-22.033655166625977,264.3522644042969,3.315577507019043,-24.196746826171875,257.16302490234375,16.910524368286133,0.13928303122520447,0.46292030811309814,-0.8753883838653564,-24.196746826171875,257.16302490234375,16.910524368286133,-21.12442398071289,258.3408508300781,30.195581436157227,-0.22447900474071503,-0.08605775237083435,-0.9706715941429138
1,-35.172664642333984,288.2234802246094,29.323177337646484,-0.2379917949438095,0.34400084614753723,-0.2549753487110138,-0.5530696511268616,0.25551852583885193,-0.7929843664169312,-9.846681594848633,270.2253723144531,86.42680358886719,117.39007568359375,211.44190979003906,268.8572692871094,1110,41.38172912597656,16.309661865234375,-41.569942474365234,269.55853271484375,77.81743621826172,-41.569942474365234,269.55853271484375,77.81743621826172,0.0,0.0,0.0,-41.569942474365234,269.55853271484375,77.81743621826172,-60.18001174926758,265.8424987792969,39.75321960449219,0.43754762411117554,0.0873689278960228,0.8949406147003174,-60.18001174926758,265.8424987792969,39.75321960449219,-63.61733627319336,259.8799133300781,13.569877624511719,0.12696610391139984,0.22024287283420563,0.967146635055542,-63.61733627319336,259.8799133300781,13.569877624511719,-59.011932373046875,253.56053161621094,-3.2879295349121094,-0.24782811105251312,0.3400614559650421,0.9071600437164307,1111,46.694664001464844,15.578988075256348,-33.47714614868164,287.13623046875,72.03306579589844,-59.97758865356445,299.9391174316406,16.686073303222656,0.42275211215019226,-0.2042398899793625,0.8829308152198792,-59.97758865356445,299.9391174316406,16.686073303222656,-68.0958023071289,306.2253723144531,-15.84531021118164,0.23797835409641266,-0.18427608907222748,0.9536291360855103,-68.0958023071289,306.2253723144531,-15.84531021118164,-72.75948333740234,309.1807861328125,-34.22587203979492,0.24300242960453033,-0.1539926826953888,0.957724392414093,-72.75948333740234,309.1807861328125,-34.22587203979492,-76.13551330566406,310.7627868652344,-47.26991271972656,0.24885225296020508,-0.11661165952682495,0.9614958763122559,1112,53.2048225402832,15.300636291503906,-24.201862335205078,287.776123046875,67.17155456542969,-41.86116027832031,299.0336608886719,11.536252975463867,0.2970627546310425,-0.18937306106090546,0.9358908534049988,-41.86116027832031,299.0336608886719,11.536252975463867,-56.33852005004883,265.2711486816406,0.7998101711273193,0.37827208638191223,0.882164716720581,0.28052741289138794,-56.33852005004883,265.2711486816406,0.7998101711273193,-52.342384338378906,254.27691650390625,20.11248016357422,-0.1769828349351883,0.48691797256469727,-0.8553290367126465,-52.342384338378906,254.27691650390625,20.11248016357422,-46.46670913696289,256.59759521484375,33.63050079345703,-0.3937769830226898,-0.15552763640880585,-0.9059529304504395,1113,51.15785598754883,14.559525489807129,-14.802706718444824,285.7528381347656,63.03184509277344,-22.965492248535156,294.5980224609375,11.033790588378906,0.15293878316879272,-0.1657242774963379,0.9742408394813538,-22.965492248535156,294.5980224609375,11.033790588378906,-38.05520248413086,263.8285827636719,1.8608646392822266,0.4253407418727875,0.8673126101493835,0.25856155157089233,-38.05520248413086,263.8285827636719,1.8608646392822266,-36.42613983154297,253.80014038085938,21.369951248168945,-0.07406146824359894,0.4559193253517151,-0.8869343400001526,-36.42613983154297,253.80014038085938,21.369951248168945,-31.49700164794922,256.05572509765625,35.17973709106445,-0.33225125074386597,-0.15203891694545746,-0.9308561086654663,1114,40.1068115234375,12.93290901184082,-6.208575248718262,277.7176513671875,60.09347915649414,-6.596540451049805,286.55377197265625,11.484857559204102,0.007852476090192795,-0.17884445190429688,0.9838460683822632,-6.596540451049805,286.55377197265625,11.484857559204102,-21.87841033935547,264.4580383300781,3.329392194747925,0.5443013310432434,0.7869938015937805,0.29047691822052,-21.87841033935547,264.4580383300781,3.329392194747925,-24.044057846069336,257.2392272949219,16.908248901367188,0.1394476443529129,0.4648245871067047,-0.8743526339530945,-24.044057846069336,257.2392272949219,16.908248901367188,-20.999521255493164,258.40447998046875,30.200807571411133,-0.22244882583618164,-0.08513909578323364,-0.9712197780609131
1,-35.17192077636719,288.2648620605469,29.361465454101562,-0.23587247729301453,0.34657466411590576,-0.25516200065612793,-0.5528425574302673,0.2544018626213074,-0.793501615524292,-9.854607582092285,270.164306640625,86.43714904785156,117.32990264892578,211.6377410888672,268.9866027832031,1110,41.38172912597656,16.309661865234375,-41.5683479309082,269.4349060058594,77.79200744628906,-41.5683479309082,269.4349060058594,77.79200744628906,0.0,0.0,0.0,-41.5683479309082,269.4349060058594,77.79200744628906,-60.15150451660156,265.80712890625,39.70613479614258,0.43691486120224,0.08529388904571533,0.8954498171806335,-60.15150451660156,265.80712890625,39.70613479614258,-63.56118392944336,259.92279052734375,13.501483917236328,0.12594495713710785,0.21735262870788574,0.967933714389801,-63.56118392944336,259.92279052734375,13.501483917236328,-58.93495178222656,253.6678924560547,-3.3746633529663086,-0.248948872089386,0.33659136295318604,0.908146858215332,1111,46.694664001464844,15.578988075256348,-33.50804138183594,287.0476379394531,72.069091796875,-59.9914436340332,299.96771240234375,16.741180419921875,0.4224802553653717,-0.20610933005809784,0.8826264142990112,-59.9914436340332,299.96771240234375,16.741180419921875,-68.08808135986328,306.3030700683594,-15.786052703857422,0.23734590411186218,-0.18571551144123077,0.9535076022148132,-68.08808135986328,306.3030700683594,-15.786052703857422,-72.74298095703125,309.2560119628906,-34.16924285888672,0.24254481494426727,-0.1538638472557068,0.9578611850738525,-72.74298095703125,309.2560119628906,-34.16924285888672,-76.10383605957031,310.88665771484375,-47.211212158203125,0.2477336972951889,-0.1201973557472229,0.9613432288169861,1112,53.2048225402832,15.300636291503906,-24.230268478393555,287.7222595214844,67.21703338623047,-41.86906433105469,299.11651611328125,11.603066444396973,0.29671788215637207,-0.1916729211807251,0.9355320334434509,-41.86906433105469,299.11651611328125,11.603066444396973,-56.2697868347168,265.3552551269531,0.7601668834686279,0.37626969814300537,0.8821320533752441,0.2833090126514435,-56.2697868347168,265.3552551269531,0.7601668834686279,-52.252708435058594,254.30258178710938,20.035097122192383,-0.17791035771369934,0.48950624465942383,-0.8536576628684998,-52.252708435058594,254.30258178710938,20.035097122192383,-46.38426208496094,256.5863037109375,33.56254959106445,-0.39329251646995544,-0.15305085480213165,-0.9065850377082825,1113,51.15785598754883,14.559525489807129,-14.82358169555664,285.73175048828125,63.078548431396484,-22.96369171142578,294.7222900390625,11.101876258850098,0.15251395106315613,-0.16844767332077026,0.9738403558731079,-22.96369171142578,294.7222900390625,11.101876258850098,-37.98344039916992,263.9462890625,1.8365999460220337,0.4233686625957489,0.8674975037574768,0.26116466522216797,-37.98344039916992,263.9462890625,1.8365999460220337,-36.33374786376953,253.8548126220703,21.31142234802246,-0.07499934732913971,0.45878496766090393,-0.8853764533996582,-36.33374786376953,253.8548126220703,21.31142234802246,-31.409761428833008,256.07623291015625,35.12858200073242,-0.33190402388572693,-0.14973606169223785,-0.9313532710075378,1114,40.1068115234375,12.93290901184082,-6.210195064544678,277.7239074707031,60.12196731567383,-6.578177452087402,286.7111511230469,11.540907859802246,0.007448021788150072,-0.18190322816371918,0.9832882881164551,-6.578177452087402,286.7111511230469,11.540907859802246,-21.809587478637695,264.60394287109375,3.3224151134490967,0.5425042510032654,0.7874027490615845,0.2927218973636627,-21.809587478637695,264.60394287109375,3.3224151134490967,-23.962059020996094,257.3365783691406,16.87744903564453,0.1385992169380188,0.4679509401321411,-0.8728185892105103,-23.962059020996094,257.3365783691406,16.87744903564453,-20.92144203186035,258.4682922363281,30.173803329467773,-0.2221624255180359,-0.0826885774731636,-0.9714969992637634
1,-35.162899017333984,288.2245178222656,29.394649505615234,-0.23436900973320007,0.3469136953353882,-0.2548965811729431,-0.5527481436729431,0.25416114926338196,-0.7936444878578186,-9.864053726196289,270.11761474609375,86.47648620605469,117.2987289428711,211.64642333984375,269.058837890625,1110,41.38172912597656,16.309661865234375,-41.571929931640625,269.35162353515625,77.80680847167969,-41.571929931640625,269.35162353515625,77.80680847167969,0.0,0.0,0.0,-41.571929931640625,269.35162353515625,77.80680847167969,-60.134437561035156,265.7301025390625,39.71026611328125,0.43642935156822205,0.08514679223299026,0.8957005739212036,-60.134437561035156,265.7301025390625,39.71026611328125,-63.52159118652344,259.86065673828125,13.499349594116211,0.1251128911972046,0.21680249273777008,0.9681649804115295,-63.52159118652344,259.86065673828125,13.499349594116211,-58.8802375793457,253.62513732910156,-3.3798084259033203,-0.24976271390914917,0.3355487287044525,0.908309280872345,1111,46.694664001464844,15.578988075256348,-33.53063201904297,286.9791259765625,72.1026840209961,-59.9881591796875,299.9032897949219,16.763347625732422,0.4220674932003021,-0.2061745673418045,0.8828086853027344,-59.9881591796875,299.9032897949219,16.763347625732422,-68.07243347167969,306.2322082519531,-15.768218040466309,0.23698343336582184,-0.18552671372890472,0.9536343812942505,-68.07243347167969,306.2322082519531,-15.768218040466309,-72.72492218017578,309.1462097167969,-34.158226013183594,0.2424192726612091,-0.1518348902463913,0.9582166075706482,-72.72492218017578,309.1462097167969,-34.158226013183594,-76.07563018798828,310.7999267578125,-47.19989776611328,0.2469857931137085,-0.12189800292253494,0.9613214731216431,1112,53.2048225402832,15.300636291503906,-24.249996185302734,287.6695556640625,67.25833892822266,-41.86066818237305,299.07989501953125,11.638751983642578,0.296244740486145,-0.1919434368610382,0.9356264472007751,-41.86066818237305,299.07989501953125,11.638751983642578,-56.21495056152344,265.3115234375,0.7564100027084351,0.37505608797073364,0.8823174238204956,0.28433945775032043,-56.21495056152344,265.3115234375,0.7564100027084351,-52.189579010009766,254.23394775390625,20.015308380126953,-0.1782776415348053,0.49060913920402527,-0.8529475927352905,-52.189579010009766,254.23394775390625,20.015308380126953,-46.327667236328125,256.50115966796875,33.548370361328125,-0.39285457134246826,-0.1519443839788437,-0.9069610238075256,1113,51.15785598754883,14.559525489807129,-14.83745002746582,285.6944885253906,63.125770568847656,-22.94907569885254,294.7111511230469,11.149169921875,0.15198026597499847,-0.16893711686134338,0.9738389849662781,-22.94907569885254,294.7111511230469,11.149169921875,-37.922115325927734,263.92242431640625,1.8507822751998901,0.4220525622367859,0.8678572177886963,0.2620983123779297,-37.922115325927734,263.92242431640625,1.8507822751998901,-36.27370834350586,253.80845642089844,21.314056396484375,-0.07494085282087326,0.45980721712112427,-0.8848509192466736,-36.27370834350586,253.80845642089844,21.314056396484375,-31.36176872253418,256.0198059082031,35.137115478515625,-0.3310920298099518,-0.14905725419521332,-0.931751012802124,1114,40.1068115234375,12.93290901184082,-6.2111077308654785,277.70025634765625,60.17021179199219,-6.553253650665283,286.7215576171875,11.595276832580566,0.006925086956471205,-0.18259254097938538,0.9831642508506775,-6.553253650665283,286.7215576171875,11.595276832580566,-21.745885848999023,264.5963134765625,3.353586435317993,0.54112309217453,0.7880451679229736,0.2935481369495392,-21.745885848999023,264.5963134765625,3.353586435317993,-23.913034439086914,257.3193664550781,16.901140213012695,0.139544278383255,0.4685679078102112,-0.8723368644714355,-23.913034439086914,257.3193664550781,16.901140213012695,-20.895586013793945,258.44879150390625,30.202964782714844,-0.2204696387052536,-0.08252135664224625,-0.971896767616272
1,-35.150413513183594,288.1255798339844,29.38001251220703,-0.2326904982328415,0.34785202145576477,-0.25488772988319397,-0.5527092218399048,0.2542734146118164,-0.7936356663703918,-9.859976768493652,269.9819641113281,86.45391845703125,117.29385375976562,211.4849395751953,269.03424072265625,1110,41.38172912597656,16.309661865234375,-41.56172180175781,269.17681884765625,77.76222229003906,-41.56172180175781,269.17681884765625,77.76222229003906,0.0,0.0,0.0,-41.56172180175781,269.17681884765625,77.76222229003906,-60.10657501220703,265.5804443359375,39.65470504760742,0.4360142946243286,0.08455557376146317,0.895958662033081,-60.10657501220703,265.5804443359375,39.65470504760742,-63.4719123840332,259.7413635253906,13.434202194213867,0.1243070662021637,0.21568089723587036,0.9685191512107849,-63.4719123840332,259.7413635253906,13.434202194213867,-58.8143424987793,253.53677368164062,-3.4518868923187256,-0.2506353557109833,0.3338842988014221,0.9086821675300598,1111,46.694664001464844,15.578988075256348,-33.544532775878906,286.8247375488281,72.08739471435547,-59.98572540283203,299.7822265625,16.748044967651367,0.4218069016933441,-0.2067061960697174,0.8828088641166687,-59.98572540283203,299.7822265625,16.748044967651367,-68.06149291992188,306.1123046875,-15.78540325164795,0.23673412203788757,-0.18556074798107147,0.9536897540092468,-68.06149291992188,306.1123046875,-15.78540325164795,-72.71420288085938,308.986572265625,-34.18161392211914,0.24243073165416718,-0.14976449310779572,0.9585395455360413,-72.71420288085938,308.986572265625,-34.18161392211914,-76.05884552001953,310.64776611328125,-47.22389221191406,0.2465386986732483,-0.12244912981987,0.9613661766052246,1112,53.2048225402832,15.300636291503906,-24.26178550720215,287.5364074707031,67.25017547607422,-41.853553771972656,298.99444580078125,11.634410858154297,0.2959267497062683,-0.19274583458900452,0.9355621337890625,-41.853553771972656,298.99444580078125,11.634410858154297,-56.15555191040039,265.221435546875,0.6978320479393005,0.3736901581287384,0.8824390769004822,0.2857567071914673,-56.15555191040039,265.221435546875,0.6978320479393005,-52.108341217041016,254.10923767089844,19.932193756103516,-0.17924486100673676,0.4921424984931946,-0.8518608808517456,-52.108341217041016,254.10923767089844,19.932193756103516,-46.247108459472656,256.3533935546875,33.469390869140625,-0.39280906319618225,-0.15039920806884766,-0.9072381258010864,1113,51.15785598754883,14.559525489807129,-14.843385696411133,285.58184814453125,63.12119674682617,-22.934755325317383,294.65631103515625,11.151495933532715,0.15160071849822998,-0.17002005875110626,0.9737095832824707,-22.934755325317383,294.65631103515625,11.151495933532715,-37.85589599609375,263.8567810058594,1.8054076433181763,0.4205890893936157,0.868160605430603,0.2634425163269043,-37.85589599609375,263.8567810058594,1.8054076433181763,-36.19648361206055,253.70724487304688,21.249204635620117,-0.07544124871492386,0.4614245891571045,-0.8839660286903381,-36.19648361206055,253.70724487304688,21.249204635620117,-31.290706634521484,255.90054321289062,35.077327728271484,-0.3306766450405121,-0.1478404998779297,-0.9320923686027527,1114,40.1068115234375,12.93290901184082,-6.202448844909668,277.60528564453125,60.16053771972656,-6.526615142822266,286.6920166015625,11.597675323486328,0.006561176385730505,-0.1839168518781662,0.9829199314117432,-6.526615142822266,286.6920166015625,11.597675323486328,-21.67938804626465,264.55224609375,3.3217225074768066,0.5397036075592041,0.7885628938674927,0.29476863145828247,-21.67938804626465,264.55224609375,3.3217225074768066,-23.845277786254883,257.24896240234375,16.855308532714844,0.1394631266593933,0.4702634811401367,-0.8714369535446167,-23.845277786254883,257.24896240234375,16.855308532714844,-20.83851432800293,258.36212158203125,30.160926818847656,-0.21968887746334076,-0.08133286237716675,-0.9721736907958984
1,-35.15526580810547,288.111083984375,29.43218994140625,-0.23122335970401764,0.3482997715473175,-0.2550824284553528,-0.5528283715248108,0.25485000014305115,-0.7933676838874817,-9.859166145324707,269.95068359375,86.49807739257812,117.32207489013672,211.32102966308594,269.0167236328125,1110,41.38172912597656,16.309661865234375,-41.557003021240234,269.1142883300781,77.79683685302734,-41.557003021240234,269.1142883300781,77.79683685302734,0.0,0.0,0.0,-41.557003021240234,269.1142883300781,77.79683685302734,-60.09513473510742,265.52740478515625,39.685157775878906,0.43585625290870667,0.0843324288725853,0.8960565328598022,-60.09513473510742,265.52740478515625,39.685157775878906,-63.44537353515625,259.705322265625,13.458942413330078,0.12374936044216156,0.2150530219078064,0.9687301516532898,-63.44537353515625,259.705322265625,13.458942413330078,-58.77571487426758,253.5215301513672,-3.4314424991607666,-0.2512857913970947,0.33276501297950745,0.9089130163192749,1111,46.694664001464844,15.578988075256348,-33.56283950805664,286.77813720703125,72.13909149169922,-60.00257110595703,299.7426452636719,16.800682067871094,0.42178353667259216,-0.20681814849376678,0.8827937841415405,-60.00257110595703,299.7426452636719,16.800682067871094,-68.07917785644531,306.0648193359375,-15.734097480773926,0.23675869405269623,-0.18532902002334595,0.9537286758422852,-68.07917785644531,306.0648193359375,-15.734097480773926,-72.73680877685547,308.8978271484375,-34.135459899902344,0.2426871359348297,-0.14761464297771454,0.9588080644607544,-72.73680877685547,308.8978271484375,-34.135459899902344,-76.08090209960938,310.55218505859375,-47.178749084472656,0.24649818241596222,-0.12194522470235825,0.9614406228065491,1112,53.2048225402832,15.300636291503906,-24.279376983642578,287.50689697265625,67.30577087402344,-41.867469787597656,298.9847106933594,11.692930221557617,0.29586493968963623,-0.19307851791381836,0.9355130195617676,-41.867469787597656,298.9847106933594,11.692930221557617,-56.12838363647461,265.20574951171875,0.7211407423019409,0.372616708278656,0.882594645023346,0.2866767346858978,-56.12838363647461,265.20574951171875,0.7211407423019409,-52.05245590209961,254.0668487548828,19.933984756469727,-0.18051667511463165,0.49332505464553833,-0.8509078025817871,-52.05245590209961,254.0668487548828,19.933984756469727,-46.18534469604492,256.2930603027344,33.47159957885742,-0.3932030200958252,-0.14919660985469818,-0.9072661399841309,1113,51.15785598754883,14.559525489807129,-14.856734275817871,285.56903076171875,63.178611755371094,-22.942359924316406,294.6737976074219,11.213322639465332,0.1514931172132492,-0.17058785259723663,0.9736270308494568,-22.942359924316406,294.6737976074219,11.213322639465332,-37.8219108581543,263.8628845214844,1.8385248184204102,0.4194168746471405,0.8684816360473633,0.26425182819366455,-37.8219108581543,263.8628845214844,1.8385248184204102,-36.14031982421875,253.68545532226562,21.265832901000977,-0.07644954323768616,0.46269261837005615,-0.8832163214683533,-36.14031982421875,253.68545532226562,21.265832901000977,-31.231700897216797,255.86526489257812,35.0950813293457,-0.3308681547641754,-0.1469312608242035,-0.9321681261062622,1114,40.1068115234375,12.93290901184082,-6.203425884246826,277.6070861816406,60.21464157104492,-6.523096084594727,286.7324523925781,11.658990859985352,0.006470174062997103,-0.18469882011413574,0.9827738404273987,-6.523096084594727,286.7324523925781,11.658990859985352,-21.643674850463867,264.5776672363281,3.3642940521240234,0.5385565757751465,0.7890971899032593,0.2954360246658325,-21.643674850463867,264.5776672363281,3.3642940521240234,-23.799076080322266,257.2530212402344,16.887985229492188,0.13878792524337769,0.4716395437717438,-0.870800793170929,-23.799076080322266,257.2530212402344,16.887985229492188,-20.7933292388916,258.3540954589844,30.194835662841797,-0.2196146696805954,-0.0804499015212059,-0.9722639918327332
1,-35.16870880126953,288.1357421875,29.45621109008789,-0.2311503291130066,0.34902313351631165,-0.25477662682533264,-0.5529809594154358,0.25561705231666565,-0.7930145263671875,-9.889398574829102,269.93060302734375,86.51513671875,117.32695007324219,211.1244659423828,268.9525451660156,1110,41.38172912597656,16.309661865234375,-41.58844757080078,269.1021728515625,77.80400848388672,-41.58844757080078,269.1021728515625,77.80400848388672,0.0,0.0,0.0,-41.58844757080078,269.1021728515625,77.80400848388672,-60.12084197998047,265.54266357421875,39.68696594238281,0.43572133779525757,0.08368881791830063,0.8961825370788574,-60.12084197998047,265.54266357421875,39.68696594238281,-63.465187072753906,259.7393493652344,13.455839157104492,0.12353166192770004,0.21435977518558502,0.9689115881919861,-63.465187072753906,259.7393493652344,13.455839157104492,-58.79319763183594,253.56863403320312,-3.438676595687866,-0.2514112889766693,0.33206143975257874,0.909135639667511,1111,46.694664001464844,15.578988075256348,-33.59242248535156,286.77044677734375,72.16268157958984,-60.011417388916016,299.7765197753906,16.824125289916992,0.4214527904987335,-0.2074812352657318,0.8827962279319763,-60.011417388916016,299.7765197753906,16.824125289916992,-68.08096313476562,306.1021728515625,-15.711729049682617,0.2365517020225525,-0.18543100357055664,0.9537602066993713,-68.08096313476562,306.1021728515625,-15.711729049682617,-72.74089050292969,308.8946228027344,-34.11870574951172,0.24280685186386108,-0.14550140500068665,0.9591007828712463,-72.74089050292969,308.8946228027344,-34.11870574951172,-76.034912109375,310.8685607910156,-47.1302490234375,0.2428072988986969,-0.14550194144248962,0.9591004848480225,1112,53.2048225402832,15.300636291503906,-24.307146072387695,287.50299072265625,67.33343505859375,-41.87437438964844,299.0227355957031,11.722665786743164,0.29551392793655396,-0.19378384947776794,0.935478150844574,-41.87437438964844,299.0227355957031,11.722665786743164,-56.14108657836914,265.2572021484375,0.7170789241790771,0.3727681040763855,0.8822434544563293,0.28755971789360046,-56.14108657836914,265.2572021484375,0.7170789241790771,-52.052066802978516,254.08912658691406,19.910184860229492,-0.18109656870365143,0.49461737275123596,-0.8500339388847351,-52.052066802978516,254.08912658691406,19.910184860229492,-46.176212310791016,256.2919616699219,33.44783020019531,-0.39378899335861206,-0.14762996137142181,-0.9072681665420532,1113,51.15785598754883,14.559525489807129,-14.88291072845459,285.56842041015625,63.2083740234375,-22.94901466369629,294.71246337890625,11.24695110321045,0.15112736821174622,-0.1713237464427948,0.9735546708106995,-22.94901466369629,294.71246337890625,11.24695110321045,-37.826419830322266,263.90985107421875,1.8416414260864258,0.4193567931652069,0.8682485222816467,0.26511213183403015,-37.826419830322266,263.90985107421875,1.8416414260864258,-36.14934539794922,253.71026611328125,21.25772476196289,-0.07624417543411255,0.46369969844818115,-0.8827057480812073,-36.14934539794922,253.71026611328125,21.25772476196289,-31.243453979492188,255.874755859375,35.09034729003906,-0.3306843042373657,-0.14589862525463104,-0.9323955774307251,1114,40.1068115234375,12.93290901184082,-6.228354454040527,277.6088562011719,60.24163818359375,-6.529792785644531,286.77105712890625,11.692809104919434,0.006101158447563648,-0.18544435501098633,0.9826357364654541,-6.529792785644531,286.77105712890625,11.692809104919434,-21.647216796875,264.62249755859375,3.3757705688476562,0.5384442806243896,0.7888755202293396,0.29623180627822876,-21.647216796875,264.62249755859375,3.3757705688476562,-23.80859375,257.28387451171875,16.89093780517578,0.13917264342308044,0.47253933548927307,-0.8702515363693237,-23.80859375,257.28387451171875,16.89093780517578,-20.808015823364258,258.3722839355469,30.19999885559082,-0.21923695504665375,-0.07952453196048737,-0.9724253416061401
1,-35.181156158447266,288.130859375,29.486286163330078,-0.23126593232154846,0.34997209906578064,-0.2546209692955017,-0.5531418919563293,0.25614818930625916,-0.7927308678627014,-9.911809921264648,269.87164306640625,86.53233337402344,117.34156036376953,210.9433135986328,268.90447998046875,1110,41.38172912597656,16.309661865234375,-41.61273956298828,269.0525207519531,77.81486511230469,-41.61273956298828,269.0525207519531,77.81486511230469,0.0,0.0,0.0,-41.61273956298828,269.0525207519531,77.81486511230469,-60.14228439331055,265.532958984375,39.69273376464844,0.4356543719768524,0.08274960517883301,0.8963022828102112,-60.14228439331055,265.532958984375,39.69273376464844,-63.483116149902344,259.75506591796875,13.455543518066406,0.12340188026428223,0.21342076361179352,0.9691354632377625,-63.483116149902344,259.75506591796875,13.455543518066406,-58.81087112426758,253.600341796875,-3.444739580154419,-0.25142496824264526,0.33120080828666687,0.9094457030296326,1111,46.694664001464844,15.578988075256348,-33.6136360168457,286.7252197265625,72.1917724609375,-60.02003479003906,299.7862243652344,16.86014747619629,0.4212518632411957,-0.2083575427532196,0.882685661315918,-60.02003479003906,299.7862243652344,16.86014747619629,-68.08906555175781,306.1178283691406,-15.67467975616455,0.23653657734394073,-0.18560543656349182,0.953730046749115,-68.08906555175781,306.1178283691406,-15.67467975616455,-72.75543212890625,308.86846923828125,-34.08631896972656,0.24314236640930176,-0.1433229297399521,0.9593437910079956,-72.75543212890625,308.86846923828125,-34.08631896972656,-76.05399322509766,310.8128662109375,-47.10116195678711,0.24314188957214355,-0.14332441985607147,0.9593436121940613,1112,53.2048225402832,15.300636291503906,-24.327302932739258,287.4612731933594,67.3650894165039,-41.88204574584961,299.0352478027344,11.761637687683105,0.29530394077301025,-0.1946961134672165,0.9353550672531128,-41.88204574584961,299.0352478027344,11.761637687683105,-56.15802001953125,265.2860107421875,0.7182158827781677,0.3730102777481079,0.8818181157112122,0.28854840993881226,-56.15802001953125,265.2860107421875,0.7182158827781677,-52.060787200927734,254.08692932128906,19.891508102416992,-0.1814602017402649,0.4959902763366699,-0.8491559624671936,-52.060787200927734,254.08692932128906,19.891508102416992,-46.1778450012207,256.2655944824219,33.429988861083984,-0.39426395297050476,-0.1460101306438446,-0.9073240756988525,1113,51.15785598754883,14.559525489807129,-14.902447700500488,285.529541015625,63.2401123046875,-22.957063674926758,294.7233581542969,11.285684585571289,0.1509121060371399,-0.17225629091262817,0.9734234809875488,-22.957063674926758,294.7233581542969,11.285684585571289,-37.836429595947266,263.9324645996094,1.8451519012451172,0.4194119870662689,0.8679180145263672,0.26610493659973145,-37.836429595947266,263.9324645996094,1.8451519012451172,-36.16732406616211,253.7089385986328,21.249330520629883,-0.07588186860084534,0.4647880494594574,-0.8821643590927124,-36.16732406616211,253.7089385986328,21.249330520629883,-31.264678955078125,255.85768127441406,35.08555603027344,-0.3304655849933624,-0.14483721554279327,-0.9326386451721191,1114,40.1068115234375,12.93290901184082,-6.248167514801025,277.57183837890625,60.267635345458984,-6.53880500793457,286.77972412109375,11.727383613586426,0.005882547702640295,-0.18636903166770935,0.9824621677398682,-6.53880500793457,286.77972412109375,11.727383613586426,-21.65635108947754,264.64044189453125,3.3858859539031982,0.5384485125541687,0.7885448932647705,0.2971029281616211,-21.65635108947754,264.64044189453125,3.3858859539031982,-23.82556915283203,257.2877502441406,16.89214515686035,0.13967755436897278,0.47344526648521423,-0.8696780204772949,-23.82556915283203,257.2877502441406,16.89214515686035,-20.829662322998047,258.3641357421875,30.203235626220703,-0.21889565885066986,-0.07864600419998169,-0.9725735783576965
1,-35.13327407836914,288.1280212402344,29.521038055419922,-0.23171359300613403,0.3504071533679962,-0.2544698417186737,-0.5532011985778809,0.2567441761493683,-0.7924966216087341,-9.871747970581055,269.8376159667969,86.56049346923828,117.39527130126953,210.77218627929688,268.8787536621094,1110,41.38172912597656,16.309661865234375,-41.57472229003906,269.0361633300781,77.84294891357422,-41.57472229003906,269.0361633300781,77.84294891357422,0.0,0.0,0.0,-41.57472229003906,269.0361633300781,77.84294891357422,-60.11405563354492,265.54608154296875,39.722862243652344,0.4358844757080078,0.08205648511648178,0.8962541222572327,-60.11405563354492,265.54608154296875,39.722862243652344,-63.45960998535156,259.7816162109375,13.48332691192627,0.1235763430595398,0.21292482316493988,0.9692223072052002,-63.45960998535156,259.7816162109375,13.48332691192627,-58.793792724609375,253.63238525390625,-3.4207277297973633,-0.25107911229133606,0.3309052586555481,0.9096488356590271,1111,46.694664001464844,15.578988075256348,-33.56776428222656,286.7072448730469,72.2260971069336,-59.9666748046875,299.7984619140625,16.898029327392578,0.421132355928421,-0.20883949100971222,0.8826287984848022,-59.9666748046875,299.7984619140625,16.898029327392578,-68.04067993164062,306.11676025390625,-15.638145446777344,0.2366824597120285,-0.18521542847156525,0.9537697434425354,-68.04067993164062,306.11676025390625,-15.638145446777344,-72.71672821044922,308.8152770996094,-34.05504608154297,0.2436467707157135,-0.14060695469379425,0.9596176743507385,-72.71672821044922,308.8152770996094,-34.05504608154297,-76.02214050292969,310.7227783203125,-47.073604583740234,0.2436469942331314,-0.14060483872890472,0.9596178531646729,1112,53.2048225402832,15.300636291503906,-24.280954360961914,287.4409484863281,67.39997100830078,-41.8288459777832,299.04132080078125,11.799859046936035,0.29518869519233704,-0.19514018297195435,0.9352989196777344,-41.8288459777832,299.04132080078125,11.799859046936035,-56.12738800048828,265.30419921875,0.7485875487327576,0.3735998570919037,0.8815013766288757,0.2887534499168396,-56.12738800048828,265.30419921875,0.7485875487327576,-52.01260757446289,254.09095764160156,19.909833908081055,-0.1822374165058136,0.49661752581596375,-0.8486226797103882,-52.01260757446289,254.09095764160156,19.909833908081055,-46.11435317993164,256.2579040527344,33.44353103637695,-0.39529019594192505,-0.14522477984428406,-0.9070035815238953,1113,51.15785598754883,14.559525489807129,-14.856803894042969,285.5065002441406,63.27464294433594,-22.905723571777344,294.72137451171875,11.323065757751465,0.15080539882183075,-0.17265084385871887,0.9733701348304749,-22.905723571777344,294.72137451171875,11.323065757751465,-37.7978630065918,263.93939208984375,1.8735649585723877,0.41977185010910034,0.8676664233207703,0.2663576006889343,-37.7978630065918,263.93939208984375,1.8735649585723877,-36.132076263427734,253.71189880371094,21.275920867919922,-0.07573104649782181,0.464968740940094,-0.8820821046829224,-36.132076263427734,253.71189880371094,21.275920867919922,-31.228023529052734,255.8567657470703,35.112247467041016,-0.33056044578552246,-0.14457596838474274,-0.9326454401016235,1114,40.1068115234375,12.93290901184082,-6.205881595611572,277.5460510253906,60.29975891113281,-6.490929126739502,286.77044677734375,11.762615203857422,0.005769406910985708,-0.18670322000980377,0.9823994636535645,-6.490929126739502,286.77044677734375,11.762615203857422,-21.617464065551758,264.6396179199219,3.415062427520752,0.5387691259384155,0.7882444262504578,0.29731881618499756,-21.617464065551758,264.6396179199219,3.415062427520752,-23.789134979248047,257.28790283203125,16.921459197998047,0.13983547687530518,0.4733823239803314,-0.8696868419647217,-23.789134979248047,257.28790283203125,16.921459197998047,-20.791637420654297,258.3642578125,30.23219108581543,-0.21901193261146545,-0.0786437913775444,-0.9725475907325745
1,-35.0791015625,288.0771179199219,29.535112380981445,-0.23332026600837708,0.3501110374927521,-0.2538743317127228,-0.5532712936401367,0.25688380002975464,-0.792402446269989,-9.841324806213379,269.7856140136719,86.58467864990234,117.44181060791016,210.6880645751953,268.88128662109375,1110,41.38172912597656,16.309661865234375,-41.550594329833984,269.02850341796875,77.87007904052734,-41.550594329833984,269.02850341796875,77.87007904052734,0.0,0.0,0.0,-41.550594329833984,269.02850341796875,77.87007904052734,-60.095741271972656,265.5434875488281,39.75236129760742,0.43602120876312256,0.08193738013505936,0.8961985111236572,-60.095741271972656,265.5434875488281,39.75236129760742,-63.44617462158203,259.7651672363281,13.51648998260498,0.1237565353512764,0.2134365439414978,0.9690867066383362,-63.44617462158203,259.7651672363281,13.51648998260498,-58.789546966552734,253.59661865234375,-3.383057117462158,-0.2505846321582794,0.3319448232650757,0.9094064235687256,1111,46.694664001464844,15.578988075256348,-33.51473617553711,286.6826171875,72.24108123779297,-59.89362716674805,299.77984619140625,16.904891967773438,0.42081302404403687,-0.2089354246854782,0.8827584981918335,-59.89362716674805,299.77984619140625,16.904891967773438,-67.9679183959961,306.06207275390625,-15.638195037841797,0.23669084906578064,-0.18415802717208862,0.953972339630127,-67.9679183959961,306.06207275390625,-15.638195037841797,-72.6512222290039,308.7015686035156,-34.06180191040039,0.2440248429775238,-0.13753166794776917,0.9599671363830566,-72.6512222290039,308.7015686035156,-34.06180191040039,-75.96175384521484,310.5673828125,-47.085105895996094,0.24402424693107605,-0.13753196597099304,0.9599672555923462,1112,53.2048225402832,15.300636291503906,-24.226869583129883,287.39776611328125,67.4142074584961,-41.7572135925293,298.98944091796875,11.806746482849121,0.2948935031890869,-0.19499386847019196,0.9354225397109985,-41.7572135925293,298.98944091796875,11.806746482849121,-56.11753845214844,265.26885986328125,0.7851322293281555,0.3752141296863556,0.8810691237449646,0.28797852993011475,-56.11753845214844,265.26885986328125,0.7851322293281555,-52.00072479248047,254.05885314941406,19.94784164428711,-0.18232741951942444,0.49647414684295654,-0.8486872911453247,-52.00072479248047,254.05885314941406,19.94784164428711,-46.08629608154297,256.22161865234375,33.47514724731445,-0.3963741660118103,-0.14494457840919495,-0.9065752029418945,1113,51.15785598754883,14.559525489807129,-14.806028366088867,285.4450378417969,63.28993606567383,-22.84123420715332,294.6380615234375,11.33236312866211,0.15054844319820404,-0.1722414493560791,0.9734824895858765,-22.84123420715332,294.6380615234375,11.33236312866211,-37.78342819213867,263.8720703125,1.90975022315979,0.4211824834346771,0.867215096950531,0.2655995190143585,-37.78342819213867,263.8720703125,1.90975022315979,-36.13064956665039,253.6610565185547,21.3218936920166,-0.07513967156410217,0.4642195999622345,-0.8825271725654602,-36.13064956665039,253.6610565185547,21.3218936920166,-31.221534729003906,255.8108367919922,35.155662536621094,-0.3309016525745392,-0.1449071615934372,-0.9324730038642883,1114,40.1068115234375,12.93290901184082,-6.168294429779053,277.4683532714844,60.32019805908203,-6.43952751159668,286.6604309082031,11.776841163635254,0.005489799659699202,-0.18604908883571625,0.982525110244751,-6.43952751159668,286.6604309082031,11.776841163635254,-21.600502014160156,264.5455017089844,3.4496564865112305,0.5399957895278931,0.7876781821250916,0.2965933680534363,-21.600502014160156,264.5455017089844,3.4496564865112305,-23.78807258605957,257.2174987792969,16.966381072998047,0.1408591866493225,0.4718552231788635,-0.8703513145446777,-23.78807258605957,257.2174987792969,16.966381072998047,-20.792335510253906,258.3086242675781,30.276308059692383,-0.21888330578804016,-0.07972300052642822,-0.9724888205528259
1,-35.04932403564453,288.0180358886719,29.527738571166992,-0.2344478964805603,0.3497222065925598,-0.2534521520137787,-0.5532963275909424,0.2563094198703766,-0.7925708889961243,-9.827834129333496,269.74102783203125,86.58924102783203,117.46107482910156,210.77560424804688,268.9245910644531,1110,41.38172912597656,16.309661865234375,-41.54131317138672,269.00872802734375,77.87544250488281,-41.54131317138672,269.00872802734375,77.87544250488281,0.0,0.0,0.0,-41.54131317138672,269.00872802734375,77.87544250488281,-60.08884811401367,265.52069091796875,39.75916290283203,0.436077356338501,0.08200841397047043,0.8961647152900696,-60.08884811401367,265.52069091796875,39.75916290283203,-63.44215393066406,259.7281494140625,13.526793479919434,0.12386263906955719,0.21396183967590332,0.9689573645591736,-63.44215393066406,259.7281494140625,13.526793479919434,-58.79356384277344,253.54347229003906,-3.3690693378448486,-0.2501521408557892,0.3328127861022949,0.9092081785202026,1111,46.694664001464844,15.578988075256348,-33.48512268066406,286.6498107910156,72.23456573486328,-59.85065841674805,299.7413024902344,16.89065170288086,0.42059993743896484,-0.2088438719511032,0.8828815817832947,-59.85065841674805,299.7413024902344,16.89065170288086,-67.92726135253906,305.9962463378906,-15.657118797302246,0.23675857484340668,-0.18335822224617004,0.9541095495223999,-67.92726135253906,305.9962463378906,-15.657118797302246,-72.61846160888672,308.5830383300781,-34.08618927001953,0.2444363236427307,-0.13478553295135498,0.9602519273757935,-72.61846160888672,308.5830383300781,-34.08618927001953,-75.93458557128906,310.4115905761719,-47.11335372924805,0.24443648755550385,-0.13478533923625946,0.9602519273757935,1112,53.2048225402832,15.300636291503906,-24.19659423828125,287.3509521484375,67.40690612792969,-41.71534729003906,298.92645263671875,11.792421340942383,0.29469847679138184,-0.1947217583656311,0.9355406165122986,-41.71534729003906,298.92645263671875,11.792421340942383,-56.1215705871582,265.2174987792969,0.7951770424842834,0.37641340494155884,0.8807653784751892,0.28734180331230164,-56.1215705871582,265.2174987792969,0.7951770424842834,-52.00153350830078,254.00869750976562,19.95789337158203,-0.18247021734714508,0.49642089009284973,-0.8486877679824829,-52.00153350830078,254.00869750976562,19.95789337158203,-46.07415771484375,256.1662902832031,33.48035430908203,-0.3972419500350952,-0.14459794759750366,-0.9062507152557373,1113,51.15785598754883,14.559525489807129,-14.778172492980957,285.38458251953125,63.283607482910156,-22.80445671081543,294.5527648925781,11.320267677307129,0.15038129687309265,-0.17177601158618927,0.9735905528068542,-22.80445671081543,294.5527648925781,11.320267677307129,-37.78244400024414,263.7972412109375,1.9204376935958862,0.4221917390823364,0.8669207692146301,0.2649575173854828,-37.78244400024414,263.7972412109375,1.9204376935958862,-36.14036178588867,253.59800720214844,21.339698791503906,-0.07465332001447678,0.4636836647987366,-0.8828501105308533,-36.14036178588867,253.59800720214844,21.339698791503906,-31.228530883789062,255.75039672851562,35.17210006713867,-0.3310846984386444,-0.14508302509784698,-0.932380735874176,1114,40.1068115234375,12.93290901184082,-6.149821758270264,277.3959045410156,60.31882858276367,-6.412024021148682,286.5563659667969,11.769445419311523,0.005307014100253582,-0.18540915846824646,0.9826470613479614,-6.412024021148682,286.5563659667969,11.769445419311523,-21.59797477722168,264.45172119140625,3.4604597091674805,0.5408852100372314,0.7873116135597229,0.29594507813453674,-21.59797477722168,264.45172119140625,3.4604597091674805,-23.796125411987305,257.13983154296875,16.98417854309082,0.1415405422449112,0.4708179831504822,-0.8708022832870483,-23.796125411987305,257.13983154296875,16.98417854309082,-20.801477432250977,258.2397766113281,30.293622970581055,-0.2188037484884262,-0.08036740869283676,-0.9724536538124084
1,-34.972023010253906,287.9559326171875,29.525453567504883,-0.23675695061683655,0.3487616181373596,-0.2527340054512024,-0.5532659292221069,0.25557705760002136,-0.7928285598754883,-9.776923179626465,269.7136535644531,86.60983276367188,117.50498962402344,210.91673278808594,269.00445556640625,1110,41.38172912597656,16.309661865234375,-41.498046875,269.0352478027344,77.9033203125,-41.498046875,269.0352478027344,77.9033203125,0.0,0.0,0.0,-41.498046875,269.0352478027344,77.9033203125,-60.05241775512695,265.5381774902344,39.79119110107422,0.43623802065849304,0.08222079277038574,0.8960670232772827,-60.05241775512695,265.5381774902344,39.79119110107422,-63.41204833984375,259.7135925292969,13.566729545593262,0.12409627437591553,0.21514546871185303,0.968665361404419,-63.41204833984375,259.7135925292969,13.566729545593262,-58.777339935302734,253.4928741455078,-3.319718837738037,-0.24940507113933563,0.3347521722316742,0.9087013602256775,1111,46.694664001464844,15.578988075256348,-33.40165328979492,286.64874267578125,72.23396301269531,-59.748504638671875,299.7182922363281,16.875974655151367,0.4203019142150879,-0.20849385857582092,0.8831061720848083,-59.748504638671875,299.7182922363281,16.875974655151367,-67.83584594726562,305.9289855957031,-15.677604675292969,0.2370733618736267,-0.1820610612630844,0.9542798399925232,-67.83584594726562,305.9289855957031,-15.677604675292969,-72.54094696044922,308.453369140625,-34.111785888671875,0.24516059458255768,-0.13153371214866638,0.9605181217193604,-72.54094696044922,308.453369140625,-34.111785888671875,-75.86688995361328,310.2378234863281,-47.14256286621094,0.24516025185585022,-0.13153479993343353,0.9605181217193604,1112,53.2048225402832,15.300636291503906,-24.11256217956543,287.32073974609375,67.40324401855469,-41.61628341674805,298.85308837890625,11.775063514709473,0.29444563388824463,-0.193995863199234,0.9357709884643555,-41.61628341674805,298.85308837890625,11.775063514709473,-56.112205505371094,265.1639099121094,0.8352912664413452,0.3787572681903839,0.8802490234375,0.2858402729034424,-56.112205505371094,265.1639099121094,0.8352912664413452,-51.992767333984375,253.96762084960938,20.005456924438477,-0.18244363367557526,0.4958665668964386,-0.8490174412727356,-51.992767333984375,253.96762084960938,20.005456924438477,-46.04350280761719,256.125732421875,33.51822280883789,-0.3987087607383728,-0.14463266730308533,-0.9056006669998169,1113,51.15785598754883,14.559525489807129,-14.699695587158203,285.3259582519531,63.28089141845703,-22.715829849243164,294.43426513671875,11.305451393127441,0.15019111335277557,-0.17065416276454926,0.9738171696662903,-22.715829849243164,294.43426513671875,11.305451393127441,-37.76813507080078,263.6998291015625,1.9554816484451294,0.42428651452064514,0.8663262128829956,0.26355206966400146,-37.76813507080078,263.6998291015625,1.9554816484451294,-36.144100189208984,253.52928161621094,21.391294479370117,-0.07383286207914352,0.4623796045780182,-0.8836026787757874,-36.144100189208984,253.52928161621094,21.391294479370117,-31.224042892456055,255.69149780273438,35.219242095947266,-0.3316391408443451,-0.14574535191059113,-0.9320803284645081,1114,40.1068115234375,12.93290901184082,-6.0907979011535645,277.31256103515625,60.32635498046875,-6.34213924407959,286.4000244140625,11.763203620910645,0.005087188445031643,-0.18393169343471527,0.9829258918762207,-6.34213924407959,286.4000244140625,11.763203620910645,-21.58086395263672,264.31744384765625,3.4922940731048584,0.5427651405334473,0.786526083946228,0.29458901286125183,-21.58086395263672,264.31744384765625,3.4922940731048584,-23.793834686279297,257.03759765625,17.03087615966797,0.1424948275089264,0.46875467896461487,-0.871759295463562,-23.793834686279297,257.03759765625,17.03087615966797,-20.795608520507812,258.15484619140625,30.33807373046875,-0.21906515955924988,-0.08163167536258698,-0.9722893834114075
1,-34.86779022216797,287.8186340332031,29.476152420043945,-0.2390018254518509,0.3477652072906494,-0.25191646814346313,-0.5532343983650208,0.2545473575592041,-0.7931817770004272,-9.70398235321045,269.6154479980469,86.58694458007812,117.57066345214844,211.05540466308594,269.0628356933594,1110,41.38172912597656,16.309661865234375,-41.43243408203125,268.98736572265625,77.8836669921875,-41.43243408203125,268.98736572265625,77.8836669921875,0.0,0.0,0.0,-41.43243408203125,268.98736572265625,77.8836669921875,-59.98139953613281,265.4694519042969,39.77082824707031,0.4361109733581543,0.08271085470914841,0.8960837721824646,-59.98139953613281,265.4694519042969,39.77082824707031,-63.34003448486328,259.607421875,13.55458927154541,0.12405950576066971,0.21652860939502716,0.9683617949485779,-63.34003448486328,259.607421875,13.55458927154541,-58.714866638183594,253.3488006591797,-3.3204662799835205,-0.2488916516304016,0.3367917835712433,0.908088207244873,1111,46.694664001464844,15.578988075256348,-33.29581832885742,286.57330322265625,72.18645477294922,-59.61829376220703,299.6190490722656,16.81125259399414,0.41991299390792847,-0.20811410248279572,0.8833807110786438,-59.61829376220703,299.6190490722656,16.81125259399414,-67.71092224121094,305.7799987792969,-15.750467300415039,0.23722831904888153,-0.18060284852981567,0.9545183777809143,-67.71092224121094,305.7799987792969,-15.750467300415039,-72.42436218261719,308.2554931640625,-34.18914794921875,0.24559509754180908,-0.12898632884025574,0.9607526063919067,-72.42436218261719,308.2554931640625,-34.18914794921875,-75.7562026977539,310.00537109375,-47.223106384277344,0.24559496343135834,-0.12898612022399902,0.9607526063919067,1112,53.2048225402832,15.300636291503906,-24.005718231201172,287.21636962890625,67.35372924804688,-41.48868179321289,298.7039794921875,11.709768295288086,0.2940964698791504,-0.19324329495429993,0.9360365271568298,-41.48868179321289,298.7039794921875,11.709768295288086,-56.069374084472656,265.033447265625,0.8252854943275452,0.3809719383716583,0.8797612190246582,0.2843954265117645,-56.069374084472656,265.033447265625,0.8252854943275452,-51.95931625366211,253.85250854492188,20.006412506103516,-0.18202824890613556,0.4951868951320648,-0.8495031595230103,-51.95931625366211,253.85250854492188,20.006412506103516,-45.99479293823242,256.0110168457031,33.512386322021484,-0.39973142743110657,-0.14465926587581635,-0.9051455855369568,1113,51.15785598754883,14.559525489807129,-14.597952842712402,285.19342041015625,63.233455657958984,-22.598583221435547,294.2405700683594,11.24494743347168,0.1499006301164627,-0.16950832307338715,0.9740620255470276,-22.598583221435547,294.2405700683594,11.24494743347168,-37.72273254394531,263.52569580078125,1.946783185005188,0.4263116717338562,0.865774929523468,0.26209184527397156,-37.72273254394531,263.52569580078125,1.946783185005188,-36.117576599121094,253.3860321044922,21.40028953552246,-0.07297458499670029,0.4609755873680115,-0.8844072222709656,-36.117576599121094,253.3860321044922,21.40028953552246,-31.190383911132812,255.5599822998047,35.223854064941406,-0.3321201503276825,-0.14653630554676056,-0.931784987449646,1114,40.1068115234375,12.93290901184082,-6.00799036026001,277.1555480957031,60.29030990600586,-6.243525981903076,286.1690979003906,11.713300704956055,0.004767277278006077,-0.18243563175201416,0.9832062125205994,-6.243525981903076,286.1690979003906,11.713300704956055,-21.529727935791016,264.1039123535156,3.4836273193359375,0.5444558262825012,0.7859060764312744,0.2931201457977295,-21.529727935791016,264.1039123535156,3.4836273193359375,-23.771190643310547,256.8666076660156,17.04032325744629,0.14432939887046814,0.4660152494907379,-0.8729254007339478,-23.771190643310547,256.8666076660156,17.04032325744629,-20.7812442779541,258.01190185546875,30.347002029418945,-0.21846017241477966,-0.08368082344532013,-0.9722513556480408
1,-34.73100280761719,287.6722106933594,29.399049758911133,-0.24057602882385254,0.34776806831359863,-0.2516218423843384,-0.5530063509941101,0.2529132068157196,-0.7938632965087891,-9.580618858337402,269.4718322753906,86.51714324951172,117.64157104492188,211.28773498535156,269.1498107910156,1110,41.38172912597656,16.309661865234375,-41.31196212768555,268.86865234375,77.81512451171875,-41.31196212768555,268.86865234375,77.81512451171875,0.0,0.0,0.0,-41.31196212768555,268.86865234375,77.81512451171875,-59.87118148803711,265.37091064453125,39.705421447753906,0.43635207414627075,0.08223658055067062,0.8960101008415222,-59.87118148803711,265.37091064453125,39.705421447753906,-63.235774993896484,259.504638671875,13.490898132324219,0.12427962571382523,0.21668533980846405,0.968298614025116,-63.235774993896484,259.504638671875,13.490898132324219,-58.621097564697266,253.23324584960938,-3.3822884559631348,-0.2483271360397339,0.3374790549278259,0.907987654209137,1111,46.694664001464844,15.578988075256348,-33.14996337890625,286.4400634765625,72.1093978881836,-59.46670913696289,299.5057678222656,16.736177444458008,0.4198215901851654,-0.20843249559402466,0.8833491206169128,-59.46670913696289,299.5057678222656,16.736177444458008,-67.56795501708984,305.6661376953125,-15.823506355285645,0.23748096823692322,-0.18058587610721588,0.9544587731361389,-67.56795501708984,305.6661376953125,-15.823506355285645,-72.2911605834961,308.11968994140625,-34.26261901855469,0.24610397219657898,-0.12784303724765778,0.9607752561569214,-72.2911605834961,308.11968994140625,-34.26261901855469,-75.62991333007812,309.85406494140625,-47.29688262939453,0.24610444903373718,-0.12784336507320404,0.9607750177383423,1112,53.2048225402832,15.300636291503906,-23.86013412475586,287.0671691894531,67.27406311035156,-41.33982467651367,298.5611267089844,11.630382537841797,0.29404139518737793,-0.19335006177425385,0.936031699180603,-41.33982467651367,298.5611267089844,11.630382537841797,-55.980445861816406,264.9122009277344,0.7596116662025452,0.38253796100616455,0.8791971206665039,0.2840372920036316,-55.980445861816406,264.9122009277344,0.7596116662025452,-51.871437072753906,253.7254180908203,19.937559127807617,-0.18198175728321075,0.4954456388950348,-0.8493621945381165,-51.871437072753906,253.7254180908203,19.937559127807617,-45.89292526245117,255.87271118164062,33.43913650512695,-0.4006688594818115,-0.14390763640403748,-0.9048508405685425,1113,51.15785598754883,14.559525489807129,-14.456526756286621,285.02838134765625,63.15211486816406,-22.456684112548828,294.0687255859375,11.162353515625,0.14989177882671356,-0.16938082873821259,0.9740855693817139,-22.456684112548828,294.0687255859375,11.162353515625,-37.63038635253906,263.37432861328125,1.8772801160812378,0.42770835757255554,0.8651975989341736,0.26172277331352234,-37.63038635253906,263.37432861328125,1.8772801160812378,-36.03497314453125,253.24072265625,21.334733963012695,-0.07253167778253555,0.4607003927230835,-0.8845870494842529,-36.03497314453125,253.24072265625,21.334733963012695,-31.1014404296875,255.41058349609375,35.156681060791016,-0.33254745602607727,-0.14626064896583557,-0.9316758513450623,1114,40.1068115234375,12.93290901184082,-5.879603385925293,276.9762878417969,60.20970916748047,-6.113849639892578,285.97247314453125,11.62946891784668,0.004741180222481489,-0.18208417296409607,0.9832715392112732,-6.113849639892578,285.97247314453125,11.62946891784668,-21.432382583618164,263.9244689941406,3.4138309955596924,0.5456071496009827,0.7852938175201416,0.29262012243270874,-21.432382583618164,263.9244689941406,3.4138309955596924,-23.691312789916992,256.7072448730469,16.97832679748535,0.14545416831970215,0.4647223651409149,-0.8734278678894043,-23.691312789916992,256.7072448730469,16.97832679748535,-20.707284927368164,257.8599548339844,30.28569221496582,-0.2180277705192566,-0.08422266691923141,-0.9723016619682312
1,-34.55790328979492,287.47271728515625,29.322473526000977,-0.24354003369808197,0.3448978066444397,-0.2508394122123718,-0.5526956915855408,0.2508288621902466,-0.7947404384613037,-9.430421829223633,269.4102783203125,86.49459838867188,117.72030639648438,211.70570373535156,269.32904052734375,1110,41.38172912597656,16.309661865234375,-41.168601989746094,268.8642578125,77.80982208251953,-41.168601989746094,268.8642578125,77.80982208251953,0.0,0.0,0.0,-41.168601989746094,268.8642578125,77.80982208251953,-59.748207092285156,265.2933349609375,39.71683883666992,0.4368313252925873,0.08395716547966003,0.895616888999939,-59.748207092285156,265.2933349609375,39.71683883666992,-63.12422561645508,259.3409729003906,13.52319049835205,0.124701589345932,0.21986520290374756,0.9675271511077881,-63.12422561645508,259.3409729003906,13.52319049835205,-58.526126861572266,252.9936065673828,-3.326089859008789,-0.2474350482225418,0.3415674567222595,0.9067014455795288,1111,46.694664001464844,15.578988075256348,-32.95623779296875,286.38995361328125,72.03610229492188,-59.264583587646484,299.3360595703125,16.63081169128418,0.4196876585483551,-0.20652461051940918,0.8838607668876648,-59.264583587646484,299.3360595703125,16.63081169128418,-67.3844223022461,305.4296875,-15.93680191040039,0.2380259931087494,-0.17862939834594727,0.9546911716461182,-67.3844223022461,305.4296875,-15.93680191040039,-72.1221694946289,307.841064453125,-34.37774658203125,0.24686168134212494,-0.1256454885005951,0.9608707427978516,-72.1221694946289,307.841064453125,-34.37774658203125,-75.47119140625,309.545654296875,-47.41330337524414,0.24686145782470703,-0.1256478875875473,0.9608705639839172,1112,53.2048225402832,15.300636291503906,-23.667299270629883,286.97119140625,67.19332885742188,-41.14358901977539,298.3175964355469,11.518305778503418,0.29398420453071594,-0.19086797535419464,0.9365590810775757,-41.14358901977539,298.3175964355469,11.518305778503418,-55.89569091796875,264.6788024902344,0.7675039172172546,0.3854506313800812,0.878931999206543,0.28090256452560425,-55.89569091796875,264.6788024902344,0.7675039172172546,-51.81285858154297,253.54275512695312,19.98052406311035,-0.18082253634929657,0.4931989014148712,-0.8509159684181213,-51.81285858154297,253.54275512695312,19.98052406311035,-45.82108688354492,255.71560668945312,33.472129821777344,-0.4015575647354126,-0.14562052488327026,-0.9041826725006104,1113,51.15785598754883,14.559525489807129,-14.272318840026855,284.8887939453125,63.07350158691406,-22.274526596069336,293.7658386230469,11.055923461914062,0.1499301940202713,-0.16632123291492462,0.9746067523956299,-22.274526596069336,293.7658386230469,11.055923461914062,-37.549095153808594,263.089599609375,1.876908779144287,0.43055176734924316,0.8646861910820007,0.2587333917617798,-37.549095153808594,263.089599609375,1.876908779144287,-35.97490692138672,253.0189208984375,21.368743896484375,-0.07156670838594437,0.45783936977386475,-0.8861497044563293,-35.97490692138672,253.0189208984375,21.368743896484375,-31.02866554260254,255.21812438964844,35.1815071105957,-0.3334041237831116,-0.14823852479457855,-0.9310569167137146,1114,40.1068115234375,12.93290901184082,-5.721711158752441,276.79998779296875,60.15538787841797,-5.95623254776001,285.62139892578125,11.543116569519043,0.004746749997138977,-0.1785467565059662,0.9839200377464294,-5.95623254776001,285.62139892578125,11.543116569519043,-21.33725357055664,263.58843994140625,3.4042952060699463,0.547833263874054,0.7847585082054138,0.2898843288421631,-21.33725357055664,263.58843994140625,3.4042952060699463,-23.641937255859375,256.4479064941406,17.001636505126953,0.14840032160282135,0.4597843587398529,-0.8755431175231934,-23.641937255859375,256.4479064941406,17.001636505126953,-20.677541732788086,257.6528015136719,30.308767318725586,-0.21659332513809204,-0.08803556114435196,-0.9722844958305359
1,-34.353450775146484,287.33978271484375,29.248760223388672,-0.24798990786075592,0.34430232644081116,-0.25035127997398376,-0.5521417856216431,0.24798355996608734,-0.7960173487663269,-9.243891716003418,269.3009338378906,86.43708801269531,117.7793960571289,212.25094604492188,269.5653076171875,1110,41.38172912597656,16.309661865234375,-40.99036407470703,268.839599609375,77.77395629882812,-40.99036407470703,268.839599609375,77.77395629882812,0.0,0.0,0.0,-40.99036407470703,268.839599609375,77.77395629882812,-59.597476959228516,265.28814697265625,39.69258499145508,0.43747809529304504,0.08349940180778503,0.8953439593315125,-59.597476959228516,265.28814697265625,39.69258499145508,-62.99717712402344,259.3036804199219,13.509319305419922,0.12557634711265564,0.22105108201503754,0.967143714427948,-62.99717712402344,259.3036804199219,13.509319305419922,-58.42411422729492,252.90631103515625,-3.3278615474700928,-0.24608780443668365,0.34425824880599976,0.9060503244400024,1111,46.694664001464844,15.578988075256348,-32.7097053527832,286.3205871582031,71.96235656738281,-59.02321243286133,299.2873840332031,16.564353942871094,0.4197699725627899,-0.2068546861410141,0.8837445378303528,-59.02321243286133,299.2873840332031,16.564353942871094,-67.17475891113281,305.38409423828125,-15.994757652282715,0.23895548284053802,-0.17871974408626556,0.954442024230957,-67.17475891113281,305.38409423828125,-15.994757652282715,-71.93797302246094,307.77923583984375,-34.4312629699707,0.2481885701417923,-0.12479951232671738,0.9606391191482544,-71.93797302246094,307.77923583984375,-34.4312629699707,-75.30500030517578,309.4722900390625,-47.463680267333984,0.24818870425224304,-0.12479760497808456,0.9606392979621887,1112,53.2048225402832,15.300636291503906,-23.423675537109375,286.854248046875,67.10853576660156,-40.912322998046875,298.1832580566406,11.433855056762695,0.2941920757293701,-0.19057534635066986,0.9365533590316772,-40.912322998046875,298.1832580566406,11.433855056762695,-55.827308654785156,264.5910949707031,0.7622634768486023,0.3897065222263336,0.8777135610580444,0.27883291244506836,-55.827308654785156,264.5910949707031,0.7622634768486023,-51.74636459350586,253.46319580078125,19.980403900146484,-0.18073894083499908,0.4928380846977234,-0.8511428236961365,-51.74636459350586,253.46319580078125,19.980403900146484,-45.71559524536133,255.62477111816406,33.45643615722656,-0.4041711091995239,-0.14486481249332428,-0.9031389951705933,1113,51.15785598754883,14.559525489807129,-14.04216480255127,284.72503662109375,62.98195266723633,-22.06334686279297,293.55035400390625,10.958497047424316,0.15028569102287292,-0.16535206139087677,0.97471684217453,-22.06334686279297,293.55035400390625,10.958497047424316,-37.47865295410156,262.9247131347656,1.8459402322769165,0.4345184564590454,0.8632593154907227,0.2568598985671997,-37.47865295410156,262.9247131347656,1.8459402322769165,-35.92303466796875,252.88507080078125,21.35526466369629,-0.07072248309850693,0.4564284384250641,-0.8869450092315674,-35.92303466796875,252.88507080078125,21.35526466369629,-30.952587127685547,255.08526611328125,35.159175872802734,-0.3350358009338379,-0.14830540120601654,-0.9304603338241577,1114,40.1068115234375,12.93290901184082,-5.52930212020874,276.59503173828125,60.067928314208984,-5.779387474060059,285.33721923828125,11.441423416137695,0.005061767064034939,-0.17694325745105743,0.9842081069946289,-5.779387474060059,285.33721923828125,11.441423416137695,-21.26553726196289,263.3582763671875,3.3560543060302734,0.5515775084495544,0.7828343510627747,0.28798040747642517,-21.26553726196289,263.3582763671875,3.3560543060302734,-23.572072982788086,256.25091552734375,16.970457077026367,0.14851953089237213,0.4576481878757477,-0.8766413927078247,-23.572072982788086,256.25091552734375,16.970457077026367,-20.57933235168457,257.4617004394531,30.270708084106445,-0.21866434812545776,-0.08846589922904968,-0.9717817306518555
1,-34.0843391418457,287.10260009765625,29.161907196044922,-0.2515350878238678,0.3435642421245575,-0.250532329082489,-0.5513205528259277,0.24414648115634918,-0.7977707386016846,-8.963827133178711,269.11407470703125,86.36231994628906,117.87054443359375,212.94680786132812,269.8939208984375,1110,41.38172912597656,16.309661865234375,-40.71277618408203,268.70147705078125,77.72590637207031,-40.71277618408203,268.70147705078125,77.72590637207031,0.0,0.0,0.0,-40.71277618408203,268.70147705078125,77.72590637207031,-59.35737228393555,265.14190673828125,39.663631439208984,0.4383593797683716,0.08369025588035583,0.8948949575424194,-59.35737228393555,265.14190673828125,39.663631439208984,-62.77721405029297,259.1153564453125,13.492643356323242,0.12632031738758087,0.22260555624961853,0.9666902422904968,-62.77721405029297,259.1153564453125,13.492643356323242,-58.221343994140625,252.6696319580078,-3.330749750137329,-0.24516262114048004,0.3468603491783142,0.9053083062171936,1111,46.694664001464844,15.578988075256348,-32.38331985473633,286.1460266113281,71.87470245361328,-58.7329216003418,299.110595703125,16.49333953857422,0.4203457832336426,-0.20681914687156677,0.883479118347168,-58.7329216003418,299.110595703125,16.49333953857422,-66.93708038330078,305.21502685546875,-16.051101684570312,0.24049782752990723,-0.1789461225271225,0.9540121555328369,-66.93708038330078,305.21502685546875,-16.051101684570312,-71.73619079589844,307.5997314453125,-34.47964859008789,0.25005894899368286,-0.12425568699836731,0.9602245092391968,-71.73619079589844,307.5997314453125,-34.47964859008789,-75.12860107421875,309.285400390625,-47.50644302368164,0.25005966424942017,-0.12425319850444794,0.9602246284484863,1112,53.2048225402832,15.300636291503906,-23.102493286132812,286.6416015625,67.00691986083984,-40.63303756713867,297.9390869140625,11.339006423950195,0.29489684104919434,-0.19004502892494202,0.9364393949508667,-40.63303756713867,297.9390869140625,11.339006423950195,-55.6700553894043,264.3803405761719,0.7338102459907532,0.3928952217102051,0.8768408298492432,0.27709823846817017,-55.6700553894043,264.3803405761719,0.7338102459907532,-51.613807678222656,253.26620483398438,19.965152740478516,-0.17964507639408112,0.492228239774704,-0.8517270684242249,-51.613807678222656,253.26620483398438,19.965152740478516,-45.566619873046875,255.42311096191406,33.434574127197266,-0.4052714407444,-0.14455188810825348,-0.902695894241333,1113,51.15785598754883,14.559525489807129,-13.733854293823242,284.47515869140625,62.870479583740234,-21.79998779296875,293.24383544921875,10.84439468383789,0.1511279046535492,-0.16429081559181213,0.9747660160064697,-21.79998779296875,293.24383544921875,10.84439468383789,-37.3300666809082,262.6592712402344,1.7889982461929321,0.437753826379776,0.8621018528938293,0.2552488148212433,-37.3300666809082,262.6592712402344,1.7889982461929321,-35.782283782958984,252.6407928466797,21.3098201751709,-0.070366270840168,0.45546630024909973,-0.8874678015708923,-35.782283782958984,252.6407928466797,21.3098201751709,-30.788286209106445,254.8372344970703,35.10582733154297,-0.3366231918334961,-0.148052379488945,-0.9299275875091553,1114,40.1068115234375,12.93290901184082,-5.251735210418701,276.312744140625,59.9573974609375,-5.542271137237549,284.97833251953125,11.317405700683594,0.005880491808056831,-0.17539285123348236,0.9844809174537659,-5.542271137237549,284.97833251953125,11.317405700683594,-21.09364128112793,263.0303039550781,3.273343086242676,0.553900420665741,0.7817331552505493,0.28650912642478943,-21.09364128112793,263.0303039550781,3.273343086242676,-23.467288970947266,255.98880004882812,16.910417556762695,0.15284086763858795,0.4534074366092682,-0.8781009316444397,-23.467288970947266,255.98880004882812,16.910417556762695,-20.51093292236328,257.23681640625,30.215362548828125,-0.21600592136383057,-0.09118621796369553,-0.9721247553825378
1,-33.785797119140625,286.9398193359375,29.054271697998047,-0.2528131306171417,0.34247472882270813,-0.250252366065979,-0.5504121780395508,0.24070298671722412,-0.7994426488876343,-8.68073844909668,269.0277099609375,86.2861328125,117.94464874267578,213.6526641845703,270.2023620605469,1110,41.38172912597656,16.309661865234375,-40.424678802490234,268.6156921386719,77.64595031738281,-40.424678802490234,268.6156921386719,77.64595031738281,0.0,0.0,0.0,-40.424678802490234,268.6156921386719,77.64595031738281,-59.06604766845703,265.0268859863281,39.584835052490234,0.4382834732532501,0.08437762409448624,0.8948676586151123,-59.06604766845703,265.0268859863281,39.584835052490234,-62.46617126464844,258.958740234375,13.420889854431152,0.12559197843074799,0.22414198517799377,0.9664300680160522,-62.46617126464844,258.958740234375,13.420889854431152,-57.89728927612305,252.477783203125,-3.3854260444641113,-0.24586287140846252,0.3487563729286194,0.9043895602226257,1111,46.694664001464844,15.578988075256348,-32.074153900146484,286.0411071777344,71.76790618896484,-58.4222526550293,298.9620361328125,16.375621795654297,0.4203217029571533,-0.20612291991710663,0.8836531043052673,-58.4222526550293,298.9620361328125,16.375621795654297,-66.6458511352539,305.06219482421875,-16.164716720581055,0.24106764793395996,-0.17882086336612701,0.9538917541503906,-66.6458511352539,305.06219482421875,-16.164716720581055,-71.46038818359375,307.4275207519531,-34.59173583984375,0.2508627772331238,-0.1232459619641304,0.9601449370384216,-71.46038818359375,307.4275207519531,-34.59173583984375,-74.86369323730469,309.0995178222656,-47.61745071411133,0.2508627474308014,-0.12324542552232742,0.9601450562477112,1112,53.2048225402832,15.300636291503906,-22.79404640197754,286.51776123046875,66.89686584472656,-40.325340270996094,297.7597351074219,11.217947959899902,0.29490944743156433,-0.18911121785640717,0.9366244673728943,-40.325340270996094,297.7597351074219,11.217947959899902,-55.413265228271484,264.2140808105469,0.643646240234375,0.39422526955604553,0.8764985799789429,0.2762909531593323,-55.413265228271484,264.2140808105469,0.643646240234375,-51.376060485839844,253.10769653320312,19.883466720581055,-0.17880171537399292,0.4918850362300873,-0.8521026968955994,-51.376060485839844,253.10769653320312,19.883466720581055,-45.32765579223633,255.25904846191406,33.35322952270508,-0.40535297989845276,-0.14417965710163116,-0.9027187824249268,1113,51.15785598754883,14.559525489807129,-13.429383277893066,284.33331298828125,62.76089096069336,-21.498554229736328,293.0392761230469,10.724745750427246,0.1511848270893097,-0.16311582922935486,0.9749546051025391,-21.498554229736328,293.0392761230469,10.724745750427246,-37.07402420043945,262.4703369140625,1.6946355104446411,0.4390334486961365,0.8616617321968079,0.2545361816883087,-37.07402420043945,262.4703369140625,1.6946355104446411,-35.54141616821289,252.4638214111328,21.222797393798828,-0.06967635452747345,0.45492225885391235,-0.8878011107444763,-35.54141616821289,252.4638214111328,21.222797393798828,-30.54520034790039,254.65997314453125,35.01804733276367,-0.33677271008491516,-0.14803282916545868,-0.9298765063285828,1114,40.1068115234375,12.93290901184082,-4.95870304107666,276.1557922363281,59.85696029663086,-5.251476287841797,284.7532653808594,11.204901695251465,0.005925776902586222,-0.17401421070098877,0.984725296497345,-5.251476287841797,284.7532653808594,11.204901695251465,-20.826204299926758,262.8170471191406,3.1738386154174805,0.5547325015068054,0.7813127040863037,0.28604617714881897,-20.826204299926758,262.8170471191406,3.1738386154174805,-23.233131408691406,255.8044891357422,16.81998062133789,0.15498386323451996,0.4515438973903656,-0.8786854147911072,-23.233131408691406,255.8044891357422,16.81998062133789,-20.297962188720703,257.0685119628906,30.128103256225586,-0.2144579291343689,-0.09235574305057526,-0.9723570346832275
1,-33.4625129699707,286.751953125,28.922151565551758,-0.252420037984848,0.3361451029777527,-0.24989303946495056,-0.5491704344749451,0.23707282543182373,-0.8013789653778076,-8.361380577087402,269.19061279296875,86.26435089111328,117.97834014892578,214.65066528320312,270.6260681152344,1110,41.38172912597656,16.309661865234375,-40.09275436401367,268.7364501953125,77.6302719116211,-40.09275436401367,268.7364501953125,77.6302719116211,0.0,0.0,0.0,-40.09275436401367,268.7364501953125,77.6302719116211,-58.72629165649414,264.8990173339844,39.58958435058594,0.43809935450553894,0.09022317081689835,0.8943873643875122,-58.72629165649414,264.8990173339844,39.58958435058594,-62.09498596191406,258.6509094238281,13.463959693908691,0.1244310513138771,0.23078930377960205,0.9650145769119263,-62.09498596191406,258.6509094238281,13.463959693908691,-57.500431060791016,252.0556640625,-3.2908167839050293,-0.24724440276622772,0.35490652918815613,0.901616096496582,1111,46.694664001464844,15.578988075256348,-31.7432861328125,286.1242370605469,71.64031982421875,-58.101226806640625,298.6935119628906,16.171863555908203,0.4204787611961365,-0.20051313936710358,0.8848683834075928,-58.101226806640625,298.6935119628906,16.171863555908203,-66.34648132324219,304.67559814453125,-16.384912490844727,0.24170245230197906,-0.17535965144634247,0.9543735980987549,-66.34648132324219,304.67559814453125,-16.384912490844727,-71.1736068725586,306.9757080078125,-34.816890716552734,0.25151875615119934,-0.11984787881374359,0.9604035019874573,-71.1736068725586,306.9757080078125,-34.816890716552734,-74.58580780029297,308.60162353515625,-47.84611129760742,0.25151845812797546,-0.11984868347644806,0.9604035019874573,1112,53.2048225402832,15.300636291503906,-22.46404457092285,286.5699768066406,66.76470184326172,-40.00522994995117,297.45849609375,11.018708229064941,0.2950758635997772,-0.18316546082496643,0.9377529621124268,-40.00522994995117,297.45849609375,11.018708229064941,-55.09449768066406,263.8667907714844,0.5935521721839905,0.39426034688949585,0.8777017593383789,0.27239397168159485,-55.09449768066406,263.8667907714844,0.5935521721839905,-51.11765670776367,252.85397338867188,19.899608612060547,-0.1761283427476883,0.4877412021160126,-0.8550363779067993,-51.11765670776367,252.85397338867188,19.899608612060547,-45.102718353271484,255.0631103515625,33.375,-0.40311023592948914,-0.14805233478546143,-0.9030961990356445,1113,51.15785598754883,14.559525489807129,-13.100112915039062,284.35931396484375,62.64101028442383,-21.178525924682617,292.7350158691406,10.552119255065918,0.1513579785823822,-0.15692801773548126,0.975942850112915,-21.178525924682617,292.7350158691406,10.552119255065918,-36.76355743408203,262.1300048828125,1.661661982536316,0.43930259346961975,0.862677812576294,0.2505994737148285,-36.76355743408203,262.1300048828125,1.661661982536316,-35.248863220214844,252.20936584472656,21.234970092773438,-0.06886199116706848,0.45101839303970337,-0.8898541927337646,-35.248863220214844,252.20936584472656,21.234970092773438,-30.26066780090332,254.46221923828125,35.02397918701172,-0.33623209595680237,-0.15185484290122986,-0.9294558763504028,1114,40.1068115234375,12.93290901184082,-4.629941940307617,276.1635437011719,59.787513732910156,-4.9313578605651855,284.45220947265625,11.081945419311523,0.006100705824792385,-0.16776390373706818,0.9858083724975586,-4.9313578605651855,284.45220947265625,11.081945419311523,-20.485567092895508,262.4689025878906,3.140432119369507,0.5540019869804382,0.7829903364181519,0.282856822013855,-20.485567092895508,262.4689025878906,3.140432119369507,-22.972618103027344,255.5648193359375,16.827470779418945,0.16014298796653748,0.4445588290691376,-0.8813181519508362,-22.972618103027344,255.5648193359375,16.827470779418945,-20.11028289794922,256.92449951171875,30.14202880859375,-0.20913630723953247,-0.09934492409229279,-0.972827136516571
1,-33.11894607543945,286.6492614746094,28.790300369262695,-0.250937283039093,0.33110058307647705,-0.24852661788463593,-0.547951340675354,0.232621431350708,-0.8035151362419128,-8.07887077331543,269.38372802734375,86.24901580810547,117.98038482666016,215.86785888671875,271.1021423339844,1110,41.38172912597656,16.309661865234375,-39.794891357421875,268.8601379394531,77.5753173828125,-39.794891357421875,268.8601379394531,77.5753173828125,0.0,0.0,0.0,-39.794891357421875,268.8601379394531,77.5753173828125,-58.362701416015625,264.81353759765625,39.524169921875,0.43655404448509216,0.0951409861445427,0.8946333527565002,-58.362701416015625,264.81353759765625,39.524169921875,-61.66109848022461,258.42327880859375,13.423971176147461,0.12183445692062378,0.23604002594947815,0.9640754461288452,-61.66109848022461,258.42327880859375,13.423971176147461,-57.01493835449219,251.74459838867188,-3.283461570739746,-0.250021368265152,0.3593963086605072,0.8990682363510132,1111,46.694664001464844,15.578988075256348,-31.452394485473633,286.2261962890625,71.51307678222656,-57.75165939331055,298.5094299316406,15.952765464782715,0.4195427894592285,-0.19595004618167877,0.8863338232040405,-57.75165939331055,298.5094299316406,15.952765464782715,-65.98127746582031,304.3943786621094,-16.62566375732422,0.24124407768249512,-0.17251214385032654,0.9550082683563232,-65.98127746582031,304.3943786621094,-16.62566375732422,-70.8032455444336,306.6144104003906,-35.06881332397461,0.25124993920326233,-0.11567534506320953,0.9609852433204651,-70.8032455444336,306.6144104003906,-35.06881332397461,-74.2117919921875,308.1836853027344,-48.105926513671875,0.25124919414520264,-0.11567366123199463,0.9609856605529785,1112,53.2048225402832,15.300636291503906,-22.16745948791504,286.656494140625,66.64691162109375,-39.64823913574219,297.2650451660156,10.828009605407715,0.29405978322029114,-0.1784558892250061,0.93897944688797,-39.64823913574219,297.2650451660156,10.828009605407715,-54.69951629638672,263.6325988769531,0.47964930534362793,0.3932679295539856,0.8787667751312256,0.27038756012916565,-54.69951629638672,263.6325988769531,0.47964930534362793,-50.79069519042969,252.68359375,19.835844039916992,-0.17311574518680573,0.48491477966308594,-0.8572564721107483,-50.79069519042969,252.68359375,19.835844039916992,-44.825531005859375,254.92327880859375,33.328311920166016,-0.39977431297302246,-0.15009957551956177,-0.9042403697967529,1113,51.15785598754883,14.559525489807129,-12.796571731567383,284.43408203125,62.54541015625,-20.817062377929688,292.55511474609375,10.407269477844238,0.15027274191379547,-0.1521565169095993,0.9768656492233276,-20.817062377929688,292.55511474609375,10.407269477844238,-36.37200927734375,261.9117126464844,1.5967717170715332,0.4384547173976898,0.863760232925415,0.24834570288658142,-36.37200927734375,261.9117126464844,1.5967717170715332,-34.89188003540039,252.05250549316406,21.2037410736084,-0.06729056686162949,0.4482254683971405,-0.8913843631744385,-34.89188003540039,252.05250549316406,21.2037410736084,-29.933029174804688,254.34487915039062,34.996822357177734,-0.33425402641296387,-0.15451869368553162,-0.9297301769256592,1114,40.1068115234375,12.93290901184082,-4.316059112548828,276.23187255859375,59.741455078125,-4.563701152801514,284.28851318359375,10.996665954589844,0.005012313835322857,-0.16306768357753754,0.986602246761322,-4.563701152801514,284.28851318359375,10.996665954589844,-20.078622817993164,262.26055908203125,3.102118492126465,0.5526024103164673,0.7845802307128906,0.2811838984489441,-20.078622817993164,262.26055908203125,3.102118492126465,-22.61754035949707,255.4257049560547,16.81435203552246,0.16348277032375336,0.4401012659072876,-0.8829407691955566,-22.61754035949707,255.4257049560547,16.81435203552246,-19.813034057617188,256.8470764160156,30.1347713470459,-0.2049110382795334,-0.10385239869356155,-0.9732553958892822
1,-32.68516159057617,286.52838134765625,28.648466110229492,-0.2467217594385147,0.32577526569366455,-0.24744512140750885,-0.546685516834259,0.22967632114887238,-0.8052228093147278,-7.697488307952881,269.5795593261719,86.22386169433594,118.070556640625,216.74124145507812,271.4698486328125,1110,41.38172912597656,16.309661865234375,-39.389373779296875,268.9310302734375,77.49911499023438,-39.389373779296875,268.9310302734375,77.49911499023438,0.0,0.0,0.0,-39.389373779296875,268.9310302734375,77.49911499023438,-57.88432312011719,264.65557861328125,39.4375114440918,0.43484097719192505,0.10052158683538437,0.8948792219161987,-57.88432312011719,264.65557861328125,39.4375114440918,-61.10207748413086,258.1336669921875,13.359824180603027,0.11885573714971542,0.24090297520160675,0.9632439613342285,-61.10207748413086,258.1336669921875,13.359824180603027,-56.39143371582031,251.394287109375,-3.30513072013855,-0.25349128246307373,0.36266252398490906,0.8967820405960083,1111,46.694664001464844,15.578988075256348,-31.09564971923828,286.2989807128906,71.37565612792969,-57.33497619628906,298.2468566894531,15.713961601257324,0.41858652234077454,-0.19060015678405762,0.8879508972167969,-57.33497619628906,298.2468566894531,15.713961601257324,-65.53694152832031,304.0269470214844,-16.89019775390625,0.24043352901935577,-0.16943836212158203,0.9557628035545349,-65.53694152832031,304.0269470214844,-16.89019775390625,-70.34229278564453,306.1725158691406,-35.346492767333984,0.250384122133255,-0.11179544031620026,0.9616701602935791,-70.34229278564453,306.1725158691406,-35.346492767333984,-73.73909759521484,307.68914794921875,-48.39289855957031,0.2503836750984192,-0.11179327219724655,0.9616705179214478,1112,53.2048225402832,15.300636291503906,-21.803329467773438,286.73992919921875,66.52456665039062,-39.21799087524414,297.04248046875,10.627727508544922,0.2929475009441376,-0.1733083724975586,0.9402904510498047,-39.21799087524414,297.04248046875,10.627727508544922,-54.13644027709961,263.3351135253906,0.33077165484428406,0.3897968530654907,0.8807232975959778,0.2690441310405731,-54.13644027709961,263.3351135253906,0.33077165484428406,-50.28832244873047,252.4423370361328,19.73078727722168,-0.17042739689350128,0.4824248254299164,-0.859197735786438,-50.28832244873047,252.4423370361328,19.73078727722168,-44.390289306640625,254.72006225585938,33.246376037597656,-0.39527541399002075,-0.15264898538589478,-0.9057900905609131,1113,51.15785598754883,14.559525489807129,-12.417319297790527,284.5318908691406,62.449974060058594,-20.369951248168945,292.39581298828125,10.262044906616211,0.1490013301372528,-0.14733925461769104,0.9777984023094177,-20.369951248168945,292.39581298828125,10.262044906616211,-35.8095588684082,261.6773986816406,1.51007878780365,0.4352036118507385,0.8658746480941772,0.2466958612203598,-35.8095588684082,261.6773986816406,1.51007878780365,-34.35561752319336,251.86593627929688,21.142946243286133,-0.06609997153282166,0.44605469703674316,-0.8925614356994629,-34.35561752319336,251.86593627929688,21.142946243286133,-29.443078994750977,254.1975555419922,34.946014404296875,-0.3311324119567871,-0.1571640968322754,-0.9304035305976868,1114,40.1068115234375,12.93290901184082,-3.903455972671509,276.3467712402344,59.697628021240234,-4.089311599731445,284.18804931640625,10.917455673217773,0.0037617464549839497,-0.15870867669582367,0.987318217754364,-4.089311599731445,284.18804931640625,10.917455673217773,-19.495269775390625,262.0707702636719,3.0593056678771973,0.548721194267273,0.7877614498138428,0.2798874080181122,-19.495269775390625,262.0707702636719,3.0593056678771973,-22.105581283569336,255.3050537109375,16.792396545410156,0.16807995736598969,0.43564966320991516,-0.884284257888794,-22.105581283569336,255.3050537109375,16.792396545410156,-19.398853302001953,256.7961730957031,30.12541389465332,-0.19776685535907745,-0.10894851386547089,-0.9741758108139038
1,-32.2393684387207,286.43115234375,28.479265213012695,-0.2492261379957199,0.32714590430259705,-0.24612024426460266,-0.545518696308136,0.22772231698036194,-0.8065679669380188,-7.3291168212890625,269.407470703125,86.06681060791016,118.17049407958984,217.0186767578125,271.62225341796875,1110,41.38172912597656,16.309661865234375,-39.016876220703125,268.8109130859375,77.3115463256836,-39.016876220703125,268.8109130859375,77.3115463256836,0.0,0.0,0.0,-39.016876220703125,268.8109130859375,77.3115463256836,-57.48115921020508,264.60992431640625,39.22676467895508,0.43411993980407715,0.0987708568572998,0.8954240679740906,-57.48115921020508,264.60992431640625,39.22676467895508,-60.672115325927734,258.1091003417969,13.140520095825195,0.11786587536334991,0.24012404680252075,0.9635601043701172,-60.672115325927734,258.1091003417969,13.140520095825195,-55.95068359375,251.3671112060547,-3.520317792892456,-0.2540719211101532,0.3628031015396118,0.8965608477592468,1111,46.694664001464844,15.578988075256348,-30.674631118774414,286.162353515625,71.20713806152344,-56.851356506347656,298.2242736816406,15.540575981140137,0.4175879657268524,-0.19241949915885925,0.8880288004875183,-56.851356506347656,298.2242736816406,15.540575981140137,-65.04886627197266,304.0874938964844,-17.04986572265625,0.24030283093452454,-0.17187516391277313,0.9553602933883667,-65.04886627197266,304.0874938964844,-17.04986572265625,-69.86029052734375,306.2471923828125,-35.502925872802734,0.25070059299468994,-0.11253169178962708,0.9615018367767334,-69.86029052734375,306.2471923828125,-35.502925872802734,-73.26139831542969,307.7738342285156,-48.54704666137695,0.25070080161094666,-0.11253108084201813,0.9615018963813782,1112,53.2048225402832,15.300636291503906,-21.378454208374023,286.5831604003906,66.36165618896484,-38.73468780517578,296.9770812988281,10.463558197021484,0.2919646203517914,-0.1748453676700592,0.9403114914894104,-38.73468780517578,296.9770812988281,10.463558197021484,-53.74111557006836,263.33221435546875,0.09036804735660553,0.39209577441215515,0.8790906071662903,0.2710361182689667,-53.74111557006836,263.33221435546875,0.09036804735660553,-49.95713424682617,252.3827362060547,19.47108268737793,-0.1675868034362793,0.48493582010269165,-0.8583425283432007,-49.95713424682617,252.3827362060547,19.47108268737793,-44.075069427490234,254.59658813476562,33.004234313964844,-0.3942051827907562,-0.14836829900741577,-0.9069669842720032,1113,51.15785598754883,14.559525489807129,-11.995903968811035,284.3541259765625,62.29052734375,-19.898569107055664,292.28179931640625,10.10465145111084,0.14806514978408813,-0.14853370189666748,0.9777599573135376,-19.898569107055664,292.28179931640625,10.10465145111084,-35.41762161254883,261.6232604980469,1.2834596633911133,0.4374427795410156,0.8641865253448486,0.2486470490694046,-35.41762161254883,261.6232604980469,1.2834596633911133,-34.0146369934082,251.76597595214844,20.897069931030273,-0.06378336250782013,0.4481379985809326,-0.8916861414909363,-34.0146369934082,251.76597595214844,20.897069931030273,-29.11386489868164,254.04425048828125,34.713226318359375,-0.3303392231464386,-0.1535683423280716,-0.931285560131073,1114,40.1068115234375,12.93290901184082,-3.5017614364624023,276.14923095703125,59.53620529174805,-3.6396636962890625,284.03125,10.762442588806152,0.0027911635115742683,-0.1595333069562912,0.9871886372566223,-3.6396636962890625,284.03125,10.762442588806152,-19.089527130126953,261.9635314941406,2.8513848781585693,0.5502852201461792,0.7859965562820435,0.2817719578742981,-19.089527130126953,261.9635314941406,2.8513848781585693,-21.757572174072266,255.19834899902344,16.573652267456055,0.17179733514785767,0.4356149733066559,-0.8835866451263428,-21.757572174072266,255.19834899902344,16.573652267456055,-19.089731216430664,256.66375732421875,29.917354583740234,-0.19492556154727936,-0.10706992447376251,-0.9749563932418823
1,-31.70513343811035,286.3041687011719,28.305896759033203,-0.2504238784313202,0.32522162795066833,-0.24470433592796326,-0.5441750288009644,0.2267882525920868,-0.8077380061149597,-6.868125915527344,269.36981201171875,85.95144653320312,118.3223648071289,217.19590759277344,271.77606201171875,1110,41.38172912597656,16.309661865234375,-38.54628372192383,268.802490234375,77.17192077636719,-38.54628372192383,268.802490234375,77.17192077636719,0.0,0.0,0.0,-38.54628372192383,268.802490234375,77.17192077636719,-56.96392822265625,264.5379943847656,39.07162094116211,0.43302345275878906,0.10026399791240692,0.8957889676094055,-56.96392822265625,264.5379943847656,39.07162094116211,-60.10060501098633,257.9691467285156,12.995829582214355,0.11586090922355652,0.24263662099838257,0.9631737470626831,-60.10060501098633,257.9691467285156,12.995829582214355,-55.34666061401367,251.1757049560547,-3.634838104248047,-0.25582146644592285,0.3655718266963959,0.8949372172355652,1111,46.694664001464844,15.578988075256348,-30.172805786132812,286.12750244140625,71.0354232788086,-56.289268493652344,298.1064147949219,15.32264518737793,0.41662654280662537,-0.1910952925682068,0.8887659311294556,-56.289268493652344,298.1064147949219,15.32264518737793,-64.47229766845703,303.944091796875,-17.27601432800293,0.23987840116024017,-0.17112644016742706,0.9556013941764832,-64.47229766845703,303.944091796875,-17.27601432800293,-69.28012084960938,306.0740051269531,-35.73347473144531,0.250512957572937,-0.11097972840070724,0.9617310762405396,-69.28012084960938,306.0740051269531,-35.73347473144531,-72.67867279052734,307.5796203613281,-48.78070831298828,0.25051236152648926,-0.11098115891218185,0.9617311358451843,1112,53.2048225402832,15.300636291503906,-20.872365951538086,286.5233459472656,66.1960220336914,-38.170738220214844,296.8201599121094,10.262025833129883,0.29099127650260925,-0.17321184277534485,0.9409154057502747,-38.170738220214844,296.8201599121094,10.262025833129883,-53.2160530090332,263.1873474121094,-0.09387534856796265,0.3931119441986084,0.8787758946418762,0.27058446407318115,-53.2160530090332,263.1873474121094,-0.09387534856796265,-49.517215728759766,252.25613403320312,19.31357192993164,-0.16381587088108063,0.4841268062591553,-0.8595263361930847,-49.517215728759766,252.25613403320312,19.31357192993164,-43.67578125,254.4611053466797,32.865760803222656,-0.3914821743965149,-0.1477731168270111,-0.9082427620887756,1113,51.15785598754883,14.559525489807129,-11.49020767211914,284.2708740234375,62.13688659667969,-19.341598510742188,292.09515380859375,9.927674293518066,0.14710445702075958,-0.1465965062379837,0.9781971573829651,-19.341598510742188,292.09515380859375,9.927674293518066,-34.89658737182617,261.4477844238281,1.1311501264572144,0.438456267118454,0.8638727068901062,0.24795202910900116,-34.89658737182617,261.4477844238281,1.1311501264572144,-33.56406021118164,251.6197967529297,20.764371871948242,-0.06058015674352646,0.4468059241771698,-0.8925774097442627,-33.56406021118164,251.6197967529297,20.764371871948242,-28.696725845336914,253.90487670898438,34.591217041015625,-0.32808539271354675,-0.1540270894765854,-0.9320062398910522,1114,40.1068115234375,12.93290901184082,-3.0066287517547607,276.046875,59.407108306884766,-3.095893383026123,283.8211669921875,10.61594295501709,0.0018067301716655493,-0.15735289454460144,0.9875408411026001,-3.095893383026123,283.8211669921875,10.61594295501709,-18.559221267700195,261.757080078125,2.721050500869751,0.5507646799087524,0.7858670353889465,0.28119614720344543,-18.559221267700195,261.757080078125,2.721050500869751,-21.29838752746582,255.04629516601562,16.456010818481445,0.17637686431407928,0.4321122169494629,-0.8844038844108582,-21.29838752746582,255.04629516601562,16.456010818481445,-18.687938690185547,256.5455017089844,29.80730438232422,-0.19073227047920227,-0.10953941941261292,-0.9755113124847412
1,-31.125385284423828,286.2815856933594,28.127140045166016,-0.24432750046253204,0.32649746537208557,-0.2446436882019043,-0.5428061485290527,0.2273225635290146,-0.8085084557533264,-6.32222318649292,269.3197326660156,85.77912902832031,118.55335235595703,217.02291870117188,271.781005859375,1110,41.38172912597656,16.309661865234375,-37.96826934814453,268.6078796386719,76.93097686767578,-37.96826934814453,268.6078796386719,76.93097686767578,0.0,0.0,0.0,-37.96826934814453,268.6078796386719,76.93097686767578,-56.2880973815918,264.34832763671875,38.782997131347656,0.4307236671447754,0.10014776140451431,0.8969100117683411,-56.2880973815918,264.34832763671875,38.782997131347656,-59.32544708251953,257.83148193359375,12.682412147521973,0.11219201982021332,0.24071580171585083,0.9640896320343018,-59.32544708251953,257.83148193359375,12.682412147521973,-54.491512298583984,251.1095733642578,-3.954261064529419,-0.2601259648799896,0.36172249913215637,0.8952604532241821,1111,46.694664001464844,15.578988075256348,-29.681453704833984,285.99725341796875,70.85916137695312,-55.74958038330078,297.9781188964844,15.124178886413574,0.4158555269241333,-0.19112646579742432,0.8891202807426453,-55.74958038330078,297.9781188964844,15.124178886413574,-63.894168853759766,303.8800354003906,-17.472545623779297,0.23875148594379425,-0.17300951480865479,0.9555444717407227,-63.894168853759766,303.8800354003906,-17.472545623779297,-68.6766586303711,306.02703857421875,-35.934608459472656,0.24919293820858002,-0.1118701919913292,0.961970865726471,-68.6766586303711,306.02703857421875,-35.934608459472656,-72.05731201171875,307.5447082519531,-48.98509216308594,0.24919305741786957,-0.11186972260475159,0.9619708061218262,1112,53.2048225402832,15.300636291503906,-20.373334884643555,286.45953369140625,66.04046630859375,-37.613426208496094,296.8094787597656,10.098281860351562,0.29001086950302124,-0.17410561442375183,0.9410531520843506,-37.613426208496094,296.8094787597656,10.098281860351562,-52.448299407958984,263.1302795410156,-0.409385085105896,0.38761329650878906,0.8799876570701599,0.27454978227615356,-52.448299407958984,263.1302795410156,-0.409385085105896,-48.7483024597168,252.13987731933594,18.964365005493164,-0.16386733949184418,0.48674851655960083,-0.8580345511436462,-48.7483024597168,252.13987731933594,18.964365005493164,-42.95857238769531,254.31341552734375,32.54378890991211,-0.38801708817481995,-0.14566653966903687,-0.9100680947303772,1113,51.15785598754883,14.559525489807129,-10.96994400024414,284.2719421386719,61.995018005371094,-18.75684356689453,292.193359375,9.790793418884277,0.14589613676071167,-0.14841647446155548,0.9781036376953125,-18.75684356689453,292.193359375,9.790793418884277,-34.11681365966797,261.4839172363281,0.868877112865448,0.4329588711261749,0.8656218647956848,0.25148633122444153,-34.11681365966797,261.4839172363281,0.868877112865448,-32.7896842956543,251.5855712890625,20.467079162597656,-0.06033478304743767,0.45000478625297546,-0.8909856677055359,-32.7896842956543,251.5855712890625,20.467079162597656,-27.97593116760254,253.8400115966797,34.317691802978516,-0.32447370886802673,-0.1519618034362793,-0.9336082935333252,1114,40.1068115234375,12.93290901184082,-2.433655261993408,276.1041259765625,59.26081848144531,-2.4654366970062256,284.0107116699219,10.490845680236816,0.0006432611844502389,-0.1600305289030075,0.9871118664741516,-2.4654366970062256,284.0107116699219,10.490845680236816,-17.784143447875977,261.8798522949219,2.501497745513916,0.5456137657165527,0.7882454991340637,0.2845604419708252,-17.784143447875977,261.8798522949219,2.501497745513916,-20.524446487426758,255.1088409423828,16.206640243530273,0.17645005881786346,0.43599024415016174,-0.8824838995933533,-20.524446487426758,255.1088409423828,16.206640243530273,-17.9647274017334,256.571533203125,29.571800231933594,-0.18702568113803864,-0.10687150061130524,-0.9765244126319885
1,-30.487367630004883,286.12957763671875,27.889371871948242,-0.24123941361904144,0.3253988027572632,-0.2435765564441681,-0.5412598848342896,0.2277873307466507,-0.8094137907028198,-5.754243850708008,269.2337951660156,85.59058380126953,118.76560974121094,216.83004760742188,271.80072021484375,1110,41.38172912597656,16.309661865234375,-37.37532424926758,268.456787109375,76.68719482421875,-37.37532424926758,268.456787109375,76.68719482421875,0.0,0.0,0.0,-37.37532424926758,268.456787109375,76.68719482421875,-55.6081657409668,264.1357116699219,38.50447463989258,0.4286784827709198,0.10159426182508469,0.897726833820343,-55.6081657409668,264.1357116699219,38.50447463989258,-58.54661560058594,257.5896301269531,12.399887084960938,0.108538918197155,0.24179571866989136,0.9642375707626343,-58.54661560058594,257.5896301269531,12.399887084960938,-53.63996505737305,250.8679656982422,-4.2155914306640625,-0.26403889060020447,0.36170923709869385,0.8941196203231812,1111,46.694664001464844,15.578988075256348,-29.12212371826172,285.86517333984375,70.62410736083984,-55.1174430847168,297.7575988769531,14.836204528808594,0.41469404101371765,-0.18971562385559082,0.8899645209312439,-55.1174430847168,297.7575988769531,14.836204528808594,-63.21603012084961,303.63482666015625,-17.776439666748047,0.2374029904603958,-0.172285795211792,0.9560111165046692,-63.21603012084961,303.63482666015625,-17.776439666748047,-67.97266387939453,305.7472839355469,-36.24916076660156,0.24784575402736664,-0.11007019132375717,0.9625263810157776,-67.97266387939453,305.7472839355469,-36.24916076660156,-71.33503723144531,307.2405700683594,-49.30717849731445,0.2478456050157547,-0.11007237434387207,0.9625261425971985,1112,53.2048225402832,15.300636291503906,-19.806289672851562,286.3496398925781,65.8225326538086,-36.96902847290039,296.63385009765625,9.844452857971191,0.2887096703052521,-0.17299982905387878,0.9416569471359253,-36.96902847290039,296.63385009765625,9.844452857971191,-51.69839096069336,262.924560546875,-0.7150578498840332,0.38485637307167053,0.8807737231254578,0.2759043574333191,-51.69839096069336,262.924560546875,-0.7150578498840332,-48.04265594482422,251.92041015625,18.65929412841797,-0.16190703213214874,0.48735737800598145,-0.8580610752105713,-48.04265594482422,251.92041015625,18.65929412841797,-42.30372619628906,254.0839080810547,32.26186752319336,-0.3846125602722168,-0.14499366283416748,-0.9116195440292358,1113,51.15785598754883,14.559525489807129,-10.389785766601562,284.1847839355469,61.79539489746094,-18.10006332397461,292.0662841796875,9.573760986328125,0.1444605588912964,-0.14766860008239746,0.978429913520813,-18.10006332397461,292.0662841796875,9.573760986328125,-33.352108001708984,261.3144226074219,0.6128379106521606,0.4299165904521942,0.8668172359466553,0.252585768699646,-33.352108001708984,261.3144226074219,0.6128379106521606,-32.09897994995117,251.4163360595703,20.216039657592773,-0.056970492005348206,0.4499930143356323,-0.8912129998207092,-32.09897994995117,251.4163360595703,20.216039657592773,-27.35671615600586,253.67581176757812,34.09047317504883,-0.3196549415588379,-0.15230122208595276,-0.9352139234542847,1114,40.1068115234375,12.93290901184082,-1.8273900747299194,276.0379638671875,59.080196380615234,-1.7889313697814941,283.9259338378906,10.307214736938477,-0.0007784102344885468,-0.15965375304222107,0.9871727824211121,-1.7889313697814941,283.9259338378906,10.307214736938477,-17.018199920654297,261.7436218261719,2.2896714210510254,0.5424284934997559,0.7900785207748413,0.2855648696422577,-17.018199920654297,261.7436218261719,2.2896714210510254,-19.833454132080078,254.99305725097656,15.98971176147461,0.18127620220184326,0.43467360734939575,-0.8821552991867065,-19.833454132080078,254.99305725097656,15.98971176147461,-17.365081787109375,256.4798583984375,29.369386672973633,-0.18035143613815308,-0.10863301157951355,-0.9775848984718323
1,-29.771724700927734,286.11700439453125,27.69118881225586,-0.23819702863693237,0.33023661375045776,-0.24228839576244354,-0.539814293384552,0.2301381677389145,-0.809714138507843,-5.142212867736816,268.9699401855469,85.36270141601562,119.0450668334961,216.02537536621094,271.6419372558594,1110,41.38172912597656,16.309661865234375,-36.73829650878906,268.15057373046875,76.37047576904297,-36.73829650878906,268.15057373046875,76.37047576904297,0.0,0.0,0.0,-36.73829650878906,268.15057373046875,76.37047576904297,-54.85840606689453,264.033935546875,38.111576080322266,0.42602798342704773,0.09678766131401062,0.899517834186554,-54.85840606689453,264.033935546875,38.111576080322266,-57.71289825439453,257.6463928222656,11.958442687988281,0.105437733232975,0.23593969643115997,0.9660307168960571,-57.71289825439453,257.6463928222656,11.958442687988281,-52.75694274902344,251.04135131835938,-4.689136028289795,-0.2666921615600586,0.35543355345726013,0.8958472609519958,1111,46.694664001464844,15.578988075256348,-28.516843795776367,285.6152038574219,70.42718505859375,-54.399391174316406,297.7516784667969,14.63940143585205,0.4128950238227844,-0.1936088502407074,0.8899626135826111,-54.399391174316406,297.7516784667969,14.63940143585205,-62.439971923828125,303.78948974609375,-17.958255767822266,0.23570261895656586,-0.17699317634105682,0.9555718898773193,-62.439971923828125,303.78948974609375,-17.958255767822266,-67.16609191894531,305.9556884765625,-36.43258285522461,0.24625584483146667,-0.11287041008472443,0.962610125541687,-67.16609191894531,305.9556884765625,-36.43258285522461,-70.50690460205078,307.4869384765625,-49.49174118041992,0.2462562918663025,-0.1128707230091095,0.9626100659370422,1112,53.2048225402832,15.300636291503906,-19.189916610717773,286.1520080566406,65.65277862548828,-36.23506546020508,296.705322265625,9.688862800598145,0.2867316007614136,-0.17752668261528015,0.9414188265800476,-36.23506546020508,296.705322265625,9.688862800598145,-50.85812759399414,263.013671875,-1.0727251768112183,0.38207897543907166,0.880312979221344,0.2811843752861023,-50.85812759399414,263.013671875,-1.0727251768112183,-47.183841705322266,251.88357543945312,18.226037979125977,-0.16272856295108795,0.4929351210594177,-0.8547130227088928,-47.183841705322266,251.88357543945312,18.226037979125977,-41.45633316040039,253.97586059570312,31.844554901123047,-0.38384711742401123,-0.14022111892700195,-0.9126880168914795,1113,51.15785598754883,14.559525489807129,-9.757111549377441,284.0354309082031,61.638145446777344,-17.35308265686035,292.1905212402344,9.441771507263184,0.14231888949871063,-0.15279459953308105,0.9779565334320068,-17.35308265686035,292.1905212402344,9.441771507263184,-32.497528076171875,261.4422302246094,0.2881971001625061,0.426883727312088,0.8667168021202087,0.2580161690711975,-32.497528076171875,261.4422302246094,0.2881971001625061,-31.27065658569336,251.4175567626953,19.82863998413086,-0.05577678233385086,0.4557478427886963,-0.8883596062660217,-31.27065658569336,251.4175567626953,19.82863998413086,-26.56999969482422,253.59808349609375,33.72983932495117,-0.31685036420822144,-0.14697960019111633,-0.9370180368423462,1114,40.1068115234375,12.93290901184082,-1.165514588356018,275.92730712890625,58.899478912353516,-1.0217853784561157,284.0904235839844,10.171985626220703,-0.002909101312980056,-0.16522273421287537,0.986251950263977,-1.0217853784561157,284.0904235839844,10.171985626220703,-16.170228958129883,261.90582275390625,2.0089111328125,0.5395492911338806,0.7901594638824463,0.29074808955192566,-16.170228958129883,261.90582275390625,2.0089111328125,-19.01081657409668,255.0663604736328,15.659534454345703,0.18290750682353973,0.4403979480266571,-0.8789735436439514,-19.01081657409668,255.0663604736328,15.659534454345703,-16.594453811645508,256.47015380859375,29.05765724182129,-0.17655135691165924,-0.10256805270910263,-0.978932797908783
1,-29.009071350097656,286.0687561035156,27.512161254882812,-0.23257534205913544,0.32987770438194275,-0.24105076491832733,-0.5383706092834473,0.23433712124824524,-0.8094709515571594,-4.4655609130859375,268.93170166015625,85.22225189208984,119.38959503173828,215.02113342285156,271.445556640625,1110,41.38172912597656,16.309661865234375,-36.028282165527344,268.02215576171875,76.15422821044922,-36.028282165527344,268.02215576171875,76.15422821044922,0.0,0.0,0.0,-36.028282165527344,268.02215576171875,76.15422821044922,-54.00835037231445,263.85980224609375,37.83425521850586,0.42273545265197754,0.09786249697208405,0.9009538292884827,-54.00835037231445,263.85980224609375,37.83425521850586,-56.740760803222656,257.4827880859375,11.66551685333252,0.10092832893133163,0.23555077612400055,0.9666070342063904,-56.740760803222656,257.4827880859375,11.66551685333252,-51.69615936279297,250.91763305664062,-4.971210479736328,-0.27146244049072266,0.3532871603965759,0.8952631950378418,1111,46.694664001464844,15.578988075256348,-27.875455856323242,285.53253173828125,70.25112915039062,-53.6556510925293,297.59490966796875,14.399910926818848,0.4112621545791626,-0.19242677092552185,0.8909743428230286,-53.6556510925293,297.59490966796875,14.399910926818848,-61.63526153564453,303.63665771484375,-18.211994171142578,0.23391535878181458,-0.17710860073566437,0.95598965883255,-61.63526153564453,303.63665771484375,-18.211994171142578,-66.32520294189453,305.77471923828125,-36.69881820678711,0.244370698928833,-0.11140429228544235,0.9632611274719238,-66.32520294189453,305.77471923828125,-36.69881820678711,-69.64042663574219,307.28607177734375,-49.766807556152344,0.24437016248703003,-0.11140408366918564,0.9632613062858582,1112,53.2048225402832,15.300636291503906,-18.537494659423828,286.11962890625,65.50428771972656,-35.4721565246582,296.642333984375,9.501080513000488,0.28487300872802734,-0.17701177299022675,0.9420797824859619,-35.4721565246582,296.642333984375,9.501080513000488,-49.91848373413086,262.8999938964844,-1.3401139974594116,0.37746110558509827,0.8816373348236084,0.2832643389701843,-49.91848373413086,262.8999938964844,-1.3401139974594116,-46.21580505371094,251.7283172607422,17.929168701171875,-0.16398605704307556,0.49477672576904297,-0.8534075021743774,-46.21580505371094,251.7283172607422,17.929168701171875,-40.51369094848633,253.8063507080078,31.560518264770508,-0.3821452260017395,-0.1392659842967987,-0.9135480523109436,1113,51.15785598754883,14.559525489807129,-9.08283519744873,284.0531311035156,61.51504135131836,-16.567607879638672,292.2204284667969,9.304513931274414,0.14023546874523163,-0.15302333235740662,0.9782218337059021,-16.567607879638672,292.2204284667969,9.304513931274414,-31.53664207458496,261.4067077636719,0.08267885446548462,0.42193931341171265,0.8685610890388489,0.2599402666091919,-31.53664207458496,261.4067077636719,0.08267885446548462,-30.32228660583496,251.34034729003906,19.60245704650879,-0.055207788944244385,0.45764318108558655,-0.8874203562736511,-30.32228660583496,251.34034729003906,19.60245704650879,-25.674442291259766,253.50547790527344,33.5238037109375,-0.3132905662059784,-0.1459418535232544,-0.938376247882843,1114,40.1068115234375,12.93290901184082,-0.4436629116535187,275.9898681640625,58.79371643066406,-0.19894184172153473,284.1998291015625,10.07450008392334,-0.004953192546963692,-0.1661708950996399,0.986084520816803,-0.19894184172153473,284.1998291015625,10.07450008392334,-15.21265697479248,261.9426574707031,1.8602360486984253,0.5347506999969482,0.7927443981170654,0.29257139563560486,-15.21265697479248,261.9426574707031,1.8602360486984253,-18.07752227783203,255.07241821289062,15.490311622619629,0.18447080254554749,0.44237980246543884,-0.8776506781578064,-18.07752227783203,255.07241821289062,15.490311622619629,-15.72966194152832,256.459716796875,28.902324676513672,-0.17154623568058014,-0.10136286169290543,-0.9799476861953735
1,-28.209997177124023,286.0500183105469,27.346391677856445,-0.22445148229599,0.3326447308063507,-0.24034832417964935,-0.5368537306785583,0.2393159419298172,-0.8090215921401978,-3.7448232173919678,268.7783203125,85.04864501953125,119.76136779785156,213.7223358154297,271.1685791015625,1110,41.38172912597656,16.309661865234375,-35.2632942199707,267.7239685058594,75.87891387939453,-35.2632942199707,267.7239685058594,75.87891387939453,0.0,0.0,0.0,-35.2632942199707,267.7239685058594,75.87891387939453,-53.08744430541992,263.624755859375,37.47937774658203,0.4190695881843567,0.09637796878814697,0.9028244614601135,-53.08744430541992,263.624755859375,37.47937774658203,-55.679298400878906,257.3558349609375,11.27026081085205,0.095736563205719,0.231558158993721,0.9680988192558289,-55.679298400878906,257.3558349609375,11.27026081085205,-50.52853012084961,250.9087677001953,-5.38011360168457,-0.2771754562854767,0.3469325006008148,0.8959975242614746,1111,46.694664001464844,15.578988075256348,-27.221113204956055,285.3221130371094,70.08611297607422,-52.89628219604492,297.4532470703125,14.201428413391113,0.4095868170261383,-0.19352364540100098,0.8915084600448608,-52.89628219604492,297.4532470703125,14.201428413391113,-60.780460357666016,303.54345703125,-18.424671173095703,0.23111781477928162,-0.17852920293807983,0.9564056396484375,-60.780460357666016,303.54345703125,-18.424671173095703,-65.41004180908203,305.6824951171875,-36.92659378051758,0.24122561514377594,-0.11145516484975815,0.9640477299690247,-65.41004180908203,305.6824951171875,-36.92659378051758,-68.68260955810547,307.19451904296875,-50.005252838134766,0.2412259429693222,-0.1114535853266716,0.9640478491783142,1112,53.2048225402832,15.300636291503906,-17.871341705322266,286.0010681152344,65.37490844726562,-34.68924331665039,296.6593017578125,9.362146377563477,0.2829088866710663,-0.17929162085056305,0.9422405362129211,-34.68924331665039,296.6593017578125,9.362146377563477,-48.857879638671875,262.8548278808594,-1.6505167484283447,0.37020570039749146,0.8832613229751587,0.2877447307109833,-48.857879638671875,262.8548278808594,-1.6505167484283447,-45.090816497802734,251.6013946533203,17.55862808227539,-0.16683751344680786,0.49839746952056885,-0.8507438898086548,-45.090816497802734,251.6013946533203,17.55862808227539,-39.41823959350586,253.64898681640625,31.20689582824707,-0.3801657557487488,-0.13722588121891022,-0.9146819710731506,1113,51.15785598754883,14.559525489807129,-8.387675285339355,284.02386474609375,61.409332275390625,-15.751594543457031,292.3795166015625,9.21142292022705,0.13797113299369812,-0.15655234456062317,0.9779853820800781,-15.751594543457031,292.3795166015625,9.21142292022705,-30.456680297851562,261.48468017578125,-0.16243158280849457,0.41449928283691406,0.8708475232124329,0.2642253339290619,-30.456680297851562,261.48468017578125,-0.16243158280849457,-29.22502899169922,251.32275390625,19.30668067932129,-0.055994100868701935,0.46198782324790955,-0.8851169347763062,-29.22502899169922,251.32275390625,19.30668067932129,-24.633943557739258,253.4489288330078,33.252845764160156,-0.309464693069458,-0.14331601560115814,-0.9400490522384644,1114,40.1068115234375,12.93290901184082,0.3209516406059265,276.0381164550781,58.68085861206055,0.6737959384918213,284.47772216796875,10.001565933227539,-0.007141624111682177,-0.17081895470619202,0.9852765202522278,0.6737959384918213,284.47772216796875,10.001565933227539,-14.15002155303955,262.134765625,1.6760375499725342,0.5279869437217712,0.7957996726036072,0.29653429985046387,-14.15002155303955,262.134765625,1.6760375499725342,-17.00533676147461,255.176025390625,15.263150215148926,0.18385589122772217,0.4480784833431244,-0.8748843669891357,-17.00533676147461,255.176025390625,15.263150215148926,-14.712870597839355,256.5094909667969,28.69019889831543,-0.16749884188175201,-0.0974295511841774,-0.981046199798584
1,-27.33592987060547,285.9533386230469,27.14051055908203,-0.22057129442691803,0.33002564311027527,-0.23751649260520935,-0.5350772142410278,0.24537332355976105,-0.8083837628364563,-3.0266287326812744,268.76678466796875,84.93184661865234,120.07086181640625,212.31729125976562,270.905029296875,1110,41.38172912597656,16.309661865234375,-34.51293182373047,267.6921081542969,75.67932891845703,-34.51293182373047,267.6921081542969,75.67932891845703,0.0,0.0,0.0,-34.51293182373047,267.6921081542969,75.67932891845703,-52.20171356201172,263.50439453125,37.226783752441406,0.41588690876960754,0.09845874458551407,0.9040707349777222,-52.20171356201172,263.50439453125,37.226783752441406,-54.666778564453125,257.1871643066406,11.017022132873535,0.09105324745178223,0.2333424687385559,0.9681221842765808,-54.666778564453125,257.1871643066406,11.017022132873535,-49.42788314819336,250.7263946533203,-5.60050106048584,-0.2819179892539978,0.3476700782775879,0.8942302465438843,1111,46.694664001464844,15.578988075256348,-26.4989013671875,285.3025207519531,69.88471984863281,-52.0063362121582,297.264892578125,13.886961936950684,0.4069110155105591,-0.19083145260810852,0.8933122158050537,-52.0063362121582,297.264892578125,13.886961936950684,-59.77582550048828,303.2557678222656,-18.78501319885254,0.2277558147907257,-0.1756172925233841,0.9577504396438599,-59.77582550048828,303.2557678222656,-18.78501319885254,-64.33685302734375,305.3363952636719,-37.310604095458984,0.23765364289283752,-0.10841168463230133,0.9652811884880066,-64.33685302734375,305.3363952636719,-37.310604095458984,-67.5684585571289,306.75274658203125,-50.4101448059082,0.23820652067661285,-0.10440138727426529,0.9655869007110596,1112,53.2048225402832,15.300636291503906,-17.134153366088867,285.9992980957031,65.20597839355469,-33.77985382080078,296.5132751464844,9.114564895629883,0.2800121009349823,-0.17686493694782257,0.9435634613037109,-33.77985382080078,296.5132751464844,9.114564895629883,-47.81977081298828,262.6425476074219,-1.8593612909317017,0.3668423593044281,0.8849921822547913,0.2867325246334076,-47.81977081298828,262.6425476074219,-1.8593612909317017,-44.067745208740234,251.41152954101562,17.365833282470703,-0.16617155075073242,0.4974048435688019,-0.8514548540115356,-44.067745208740234,251.41152954101562,17.365833282470703,-38.43157196044922,253.48887634277344,31.024681091308594,-0.37772607803344727,-0.1392199993133545,-0.9153911471366882,1113,51.15785598754883,14.559525489807129,-7.630812168121338,284.0416564941406,61.27798843383789,-14.829964637756348,292.2860107421875,9.039412498474121,0.1348840594291687,-0.15446706116199493,0.9787472486495972,-14.829964637756348,292.2860107421875,9.039412498474121,-29.404949188232422,261.31890869140625,-0.2991098165512085,0.4108320474624634,0.8728845119476318,0.2632293701171875,-29.404949188232422,261.31890869140625,-0.2991098165512085,-28.241512298583984,251.1886749267578,19.190706253051758,-0.05289287865161896,0.4605468809604645,-0.88605797290802,-28.241512298583984,251.1886749267578,19.190706253051758,-23.723529815673828,253.34494018554688,33.15611267089844,-0.3045370876789093,-0.14534424245357513,-0.9413459300994873,1114,40.1068115234375,12.93290901184082,1.1097468137741089,276.075439453125,58.59480667114258,1.614377737045288,284.431396484375,9.90241813659668,-0.010213807225227356,-0.16912585496902466,0.9855414628982544,1.614377737045288,284.431396484375,9.90241813659668,-13.107048034667969,262.0123596191406,1.599751591682434,0.5243399739265442,0.798509418964386,0.2957199811935425,-13.107048034667969,262.0123596191406,1.599751591682434,-16.040771484375,255.0952606201172,15.191425323486328,0.18890462815761566,0.44539713859558105,-0.8751779794692993,-16.040771484375,255.0952606201172,15.191425323486328,-13.849696159362793,256.4714050292969,28.63109016418457,-0.16009072959423065,-0.10054787248373032,-0.9819679856300354
1,-26.386367797851562,285.9557189941406,26.979562759399414,-0.2223154455423355,0.3307066559791565,-0.23492644727230072,-0.5334703922271729,0.2512468099594116,-0.8076412081718445,-2.2204298973083496,268.65411376953125,84.79546356201172,120.50740814208984,210.8533935546875,270.59783935546875,1110,41.38172912597656,16.309661865234375,-33.69601821899414,267.6943359375,75.49852752685547,-33.69601821899414,267.6943359375,75.49852752685547,0.0,0.0,0.0,-33.69601821899414,267.6943359375,75.49852752685547,-51.30424118041992,263.5751953125,37.00162887573242,0.41399291157722473,0.09684651345014572,0.9051136374473572,-51.30424118041992,263.5751953125,37.00162887573242,-53.710384368896484,257.2751159667969,10.782269477844238,0.08887684345245361,0.23270900547504425,0.9684768915176392,-53.710384368896484,257.2751159667969,10.782269477844238,-48.445560455322266,250.80979919433594,-5.825291633605957,-0.28331324458122253,0.3479147255420685,0.8936941027641296,1111,46.694664001464844,15.578988075256348,-25.631582260131836,285.2886657714844,69.72505187988281,-51.00625991821289,297.3270263671875,13.683276176452637,0.4047931730747223,-0.19204366207122803,0.8940144181251526,-51.00625991821289,297.3270263671875,13.683276176452637,-58.68912887573242,303.3140869140625,-19.009872436523438,0.22521661221981049,-0.17550545930862427,0.9583712220191956,-58.68912887573242,303.3140869140625,-19.009872436523438,-63.20656967163086,305.3730773925781,-37.54855728149414,0.23538251221179962,-0.10728427022695541,0.9659633040428162,-63.20656967163086,305.3730773925781,-37.54855728149414,-66.41688537597656,306.7060852050781,-50.662071228027344,0.2366372048854828,-0.09825801104307175,0.9666168689727783,1112,53.2048225402832,15.300636291503906,-16.2564697265625,285.9660339355469,65.06424713134766,-32.77252197265625,296.5361022949219,8.945063591003418,0.27783119678497314,-0.17780852317810059,0.9440306425094604,-32.77252197265625,296.5361022949219,8.945063591003418,-46.8728141784668,262.6932373046875,-2.0373878479003906,0.36841991543769836,0.884264349937439,0.286955326795578,-46.8728141784668,262.6932373046875,-2.0373878479003906,-43.15842056274414,251.42823791503906,17.175230026245117,-0.16450488567352295,0.4989098012447357,-0.8508978486061096,-43.15842056274414,251.42823791503906,17.175230026245117,-37.52544403076172,253.47650146484375,30.83978843688965,-0.37751179933547974,-0.13727088272571564,-0.9157737493515015,1113,51.15785598754883,14.559525489807129,-6.750135898590088,283.9883728027344,61.15354919433594,-13.832048416137695,292.266357421875,8.90427303314209,0.13268744945526123,-0.15509717166423798,0.9789478182792664,-13.832048416137695,292.266357421875,8.90427303314209,-28.454750061035156,261.32269287109375,-0.43724730610847473,0.41217735409736633,0.8722244501113892,0.26331406831741333,-28.454750061035156,261.32269287109375,-0.43724730610847473,-27.355606079101562,251.1727752685547,19.046062469482422,-0.049969952553510666,0.4614417254924774,-0.885762095451355,-27.355606079101562,251.1727752685547,19.046062469482422,-22.86105728149414,253.3070526123047,33.022403717041016,-0.30295753479003906,-0.14386214315891266,-0.9420830011367798,1114,40.1068115234375,12.93290901184082,1.9775946140289307,276.00347900390625,58.48418426513672,2.592980146408081,284.3746337890625,9.795673370361328,-0.012455497868359089,-0.16943345963954926,0.9854629635810852,2.592980146408081,284.3746337890625,9.795673370361328,-12.163690567016602,261.9784240722656,1.4939379692077637,0.5255951881408691,0.7976961731910706,0.2956867516040802,-12.163690567016602,261.9784240722656,1.4939379692077637,-15.150568962097168,255.06564331054688,15.0762300491333,0.19232729077339172,0.4451190233230591,-0.8745737671852112,-15.150568962097168,255.06564331054688,15.0762300491333,-12.995410919189453,256.4290771484375,28.522994995117188,-0.15746645629405975,-0.09961918741464615,-0.9824868440628052
1,-25.38690948486328,285.962890625,26.924409866333008,-0.21745984256267548,0.3320086896419525,-0.23365800082683563,-0.5317123532295227,0.257937490940094,-0.8066909313201904,-1.3171793222427368,268.5589904785156,84.74785614013672,121.00621032714844,209.21902465820312,270.33160400390625,1110,41.38172912597656,16.309661865234375,-32.75636291503906,267.55364990234375,75.37841033935547,-32.75636291503906,267.55364990234375,75.37841033935547,0.0,0.0,0.0,-32.75636291503906,267.55364990234375,75.37841033935547,-50.241512298583984,263.4762878417969,36.821006774902344,0.4110991954803467,0.09586422890424728,0.9065360426902771,-50.241512298583984,263.4762878417969,36.821006774902344,-52.54310989379883,257.23822021484375,10.577448844909668,0.085015207529068,0.23041847348213196,0.9693707227706909,-52.54310989379883,257.23822021484375,10.577448844909668,-47.20871353149414,250.8398895263672,-6.033857822418213,-0.2870570123195648,0.34430992603302,0.8938953280448914,1111,46.694664001464844,15.578988075256348,-24.750057220458984,285.19573974609375,69.6701431274414,-50.0169677734375,297.2623596191406,13.585765838623047,0.4030739665031433,-0.1924944519996643,0.8946939706802368,-50.0169677734375,297.2623596191406,13.585765838623047,-57.6029052734375,303.2710266113281,-19.126049041748047,0.22237515449523926,-0.17613883316516876,0.9589183330535889,-57.6029052734375,303.2710266113281,-19.126049041748047,-62.05947494506836,305.3433837890625,-37.677974700927734,0.23221078515052795,-0.10798073559999466,0.9666531682014465,-62.05947494506836,305.3433837890625,-37.677974700927734,-65.23664855957031,306.6070861816406,-50.80641174316406,0.23419427871704102,-0.09314941614866257,0.9677169919013977,1112,53.2048225402832,15.300636291503906,-15.364762306213379,285.92388916015625,65.0375747680664,-31.766738891601562,296.559814453125,8.897374153137207,0.27591222524642944,-0.178916335105896,0.9443841576576233,-31.766738891601562,296.559814453125,8.897374153137207,-45.6956787109375,262.6695251464844,-2.157302141189575,0.36394259333610535,0.8855031132698059,0.2888423502445221,-45.6956787109375,262.6695251464844,-2.157302141189575,-41.95393371582031,251.36265563964844,17.025381088256836,-0.1657162755727768,0.5007643103599548,-0.8495723009109497,-41.95393371582031,251.36265563964844,17.025381088256836,-36.34430694580078,253.39935302734375,30.701269149780273,-0.37594693899154663,-0.13649573922157288,-0.9165330529212952,1113,51.15785598754883,14.559525489807129,-5.839149475097656,283.995849609375,61.14909744262695,-12.808357238769531,292.3701171875,8.900009155273438,0.13057579100131989,-0.15690115094184875,0.9789443016052246,-12.808357238769531,292.3701171875,8.900009155273438,-27.26322364807129,261.3673400878906,-0.506531298160553,0.40744641423225403,0.8738905191421509,0.26514679193496704,-27.26322364807129,261.3673400878906,-0.506531298160553,-26.194353103637695,251.17367553710938,18.955612182617188,-0.04859364405274391,0.46343058347702026,-0.8847997784614563,-26.194353103637695,251.17367553710938,18.955612182617188,-21.759931564331055,253.29110717773438,32.953704833984375,-0.2989046573638916,-0.14272665977478027,-0.9435492753982544,1114,40.1068115234375,12.93290901184082,2.929741621017456,276.0542907714844,58.485286712646484,3.6472816467285156,284.54559326171875,9.818988800048828,-0.01452312059700489,-0.17186526954174042,0.9850133657455444,3.6472816467285156,284.54559326171875,9.818988800048828,-10.989344596862793,262.0874328613281,1.4722890853881836,0.5213198065757751,0.7999032139778137,0.2972884476184845,-10.989344596862793,262.0874328613281,1.4722890853881836,-14.01021671295166,255.1419677734375,15.03037166595459,0.194516122341156,0.4472234845161438,-0.8730146884918213,-14.01021671295166,255.1419677734375,15.03037166595459,-11.925054550170898,256.4862060546875,28.49009895324707,-0.1523522138595581,-0.09821666777133942,-0.9834339618682861
1,-24.379484176635742,286.0912780761719,26.807092666625977,-0.21286234259605408,0.3346545696258545,-0.23173846304416656,-0.5298529267311096,0.2633940279483795,-0.8061510324478149,-0.44392722845077515,268.5230712890625,84.63517761230469,121.45169830322266,207.9278106689453,270.0946960449219,1110,41.38172912597656,16.309661865234375,-31.84564971923828,267.4736633300781,75.16657257080078,-31.84564971923828,267.4736633300781,75.16657257080078,0.0,0.0,0.0,-31.84564971923828,267.4736633300781,75.16657257080078,-49.18117141723633,263.5081787109375,36.53002166748047,0.40758126974105835,0.09323383867740631,0.9083968997001648,-49.18117141723633,263.5081787109375,36.53002166748047,-51.38040542602539,257.3803405761719,10.25173568725586,0.08123414218425751,0.22634685039520264,0.9706534147262573,-51.38040542602539,257.3803405761719,10.25173568725586,-45.993934631347656,251.07760620117188,-6.379302024841309,-0.28985926508903503,0.33916565775871277,0.8949571251869202,1111,46.694664001464844,15.578988075256348,-23.88772201538086,285.1675109863281,69.55164337158203,-49.006595611572266,297.3455505371094,13.424870491027832,0.40071237087249756,-0.19427189230918884,0.8953703045845032,-49.006595611572266,297.3455505371094,13.424870491027832,-56.46583557128906,303.4057312011719,-19.30657196044922,0.2186611145734787,-0.17764891684055328,0.9594936966896057,-56.46583557128906,303.4057312011719,-19.30657196044922,-60.849029541015625,305.4781799316406,-37.87595748901367,0.22838753461837769,-0.10798551887273788,0.9675629734992981,-60.849029541015625,305.4781799316406,-37.87595748901367,-63.981964111328125,306.6742858886719,-51.0213508605957,0.2309333235025406,-0.08816677331924438,0.9689667820930481,1112,53.2048225402832,15.300636291503906,-14.489317893981934,285.948974609375,64.95447540283203,-30.7376651763916,296.7306213378906,8.797401428222656,0.27332791686058044,-0.1813676655292511,0.9446680545806885,-30.7376651763916,296.7306213378906,8.797401428222656,-44.505645751953125,262.8104553222656,-2.366699695587158,0.3597370982170105,0.8862841129302979,0.2917015552520752,-44.505645751953125,262.8104553222656,-2.366699695587158,-40.72258758544922,251.4463653564453,16.774036407470703,-0.167545884847641,0.503298282623291,-0.8477140665054321,-40.72258758544922,251.4463653564453,16.774036407470703,-35.12672805786133,253.46145629882812,30.458765029907227,-0.3750241994857788,-0.13504768908023834,-0.9171253442764282,1113,51.15785598754883,14.559525489807129,-4.942929744720459,284.072021484375,61.09202194213867,-11.763387680053711,292.61383056640625,8.85042953491211,0.12778881192207336,-0.1600402146577835,0.9788038730621338,-11.763387680053711,292.61383056640625,8.85042953491211,-26.06447410583496,261.56964111328125,-0.6540875434875488,0.40311169624328613,0.8750576972961426,0.2679084539413452,-26.06447410583496,261.56964111328125,-0.6540875434875488,-24.996793746948242,251.3111572265625,18.77402687072754,-0.048539549112319946,0.4663775861263275,-0.8832530379295349,-24.996793746948242,251.3111572265625,18.77402687072754,-20.60101890563965,253.40036010742188,32.78853988647461,-0.29629966616630554,-0.14082388579845428,-0.9446560740470886,1114,40.1068115234375,12.93290901184082,3.8656978607177734,276.1742248535156,58.42929458618164,4.719025611877441,284.8492431640625,9.797607421875,-0.017271488904953003,-0.17558373510837555,0.9843130111694336,4.719025611877441,284.8492431640625,9.797607421875,-9.816140174865723,262.35223388671875,1.3785169124603271,0.5177059769630432,0.8012867569923401,0.29986676573753357,-9.816140174865723,262.35223388671875,1.3785169124603271,-12.821894645690918,255.33544921875,14.903190612792969,0.19354276359081268,0.45181596279144287,-0.8708637356758118,-12.821894645690918,255.33544921875,14.903190612792969,-10.757511138916016,256.6297302246094,28.371015548706055,-0.15083402395248413,-0.09456653892993927,-0.9840255975723267
1,-23.2565860748291,285.97747802734375,26.69844627380371,-0.2147447019815445,0.33235204219818115,-0.22798262536525726,-0.5284147262573242,0.26778995990753174,-0.8056465983390808,0.49182745814323425,268.45050048828125,84.6141586303711,122.05657958984375,206.84393310546875,269.9576416015625,1110,41.38172912597656,16.309661865234375,-30.90182113647461,267.5113220214844,75.08800506591797,-30.90182113647461,267.5113220214844,75.08800506591797,0.0,0.0,0.0,-30.90182113647461,267.5113220214844,75.08800506591797,-48.12763977050781,263.50750732421875,36.406368255615234,0.40500202775001526,0.09413503855466843,0.9094570279121399,-48.12763977050781,263.50750732421875,36.406368255615234,-50.26783752441406,257.3249206542969,10.136037826538086,0.07905350625514984,0.22836916148662567,0.9703598022460938,-50.26783752441406,257.3249206542969,10.136037826538086,-44.870479583740234,250.97044372558594,-6.471761703491211,-0.2904451787471771,0.34195011854171753,0.8937067985534668,1111,46.694664001464844,15.578988075256348,-22.8797550201416,285.1676940917969,69.44647216796875,-47.81689453125,297.2641906738281,13.221116065979004,0.3978132903575897,-0.1929710954427719,0.8969430327415466,-47.81689453125,297.2641906738281,13.221116065979004,-55.15906524658203,303.2261962890625,-19.55479621887207,0.21522930264472961,-0.17477098107337952,0.9607971906661987,-55.15906524658203,303.2261962890625,-19.55479621887207,-59.478782653808594,305.24871826171875,-38.14455032348633,0.22508010268211365,-0.10538408160209656,0.9686244130134583,-59.478782653808594,305.24871826171875,-38.14455032348633,-62.57712936401367,306.3344421386719,-51.307708740234375,0.22838380932807922,-0.08003034442663193,0.9702762365341187,1112,53.2048225402832,15.300636291503906,-13.46715259552002,285.9105529785156,64.87200927734375,-29.537654876708984,296.5858459472656,8.643487930297852,0.27033621072769165,-0.17957860231399536,0.9458699822425842,-29.537654876708984,296.5858459472656,8.643487930297852,-43.35906219482422,262.6463928222656,-2.3952291011810303,0.3611331880092621,0.8867883682250977,0.2884255647659302,-43.35906219482422,262.6463928222656,-2.3952291011810303,-39.63609313964844,251.34107971191406,16.792030334472656,-0.16488468647003174,0.5006952881813049,-0.8497748374938965,-39.63609313964844,251.34107971191406,16.792030334472656,-34.05661392211914,253.404296875,30.476274490356445,-0.37392646074295044,-0.13827303051948547,-0.9170929193496704,1113,51.15785598754883,14.559525489807129,-3.9159278869628906,283.99658203125,61.039798736572266,-10.57516098022461,292.4163818359375,8.757608413696289,0.12476807087659836,-0.15775422751903534,0.9795644283294678,-10.57516098022461,292.4163818359375,8.757608413696289,-24.915294647216797,261.3558654785156,-0.6340965032577515,0.40421226620674133,0.875517725944519,0.26472848653793335,-24.915294647216797,261.3558654785156,-0.6340965032577515,-23.96832275390625,251.1824951171875,18.844972610473633,-0.043051812797784805,0.462507963180542,-0.8855692744255066,-23.96832275390625,251.1824951171875,18.844972610473633,-19.631772994995117,253.32534790039062,32.869834899902344,-0.2923075258731842,-0.1444401741027832,-0.9453535676002502,1114,40.1068115234375,12.93290901184082,4.877565383911133,276.0671081542969,58.42156219482422,5.882945537567139,284.60845947265625,9.769122123718262,-0.02034905180335045,-0.17287828028202057,0.984732985496521,5.882945537567139,284.60845947265625,9.769122123718262,-8.67813777923584,262.0996398925781,1.4267328977584839,0.5186290740966797,0.80170738697052,0.2971348762512207,-8.67813777923584,262.0996398925781,1.4267328977584839,-11.806865692138672,255.18130493164062,14.97421646118164,0.20146110653877258,0.4454767107963562,-0.8723325133323669,-11.806865692138672,255.18130493164062,14.97421646118164,-9.836109161376953,256.55230712890625,28.448474884033203,-0.14399315416812897,-0.10017216205596924,-0.9844955801963806
1,-22.074357986450195,285.878173828125,26.659086227416992,-0.21867674589157104,0.33120617270469666,-0.2242276519536972,-0.5267121195793152,0.2707943618297577,-0.8057572841644287,1.483893632888794,268.3340148925781,84.6462173461914,122.65695190429688,206.03628540039062,270.0151672363281,1110,41.38172912597656,16.309661865234375,-29.906118392944336,267.5423278808594,75.0683822631836,-29.906118392944336,267.5423278808594,75.0683822631836,0.0,0.0,0.0,-29.906118392944336,267.5423278808594,75.0683822631836,-47.02992248535156,263.579833984375,36.33722686767578,0.40260350704193115,0.09316352009773254,0.910621166229248,-47.02992248535156,263.579833984375,36.33722686767578,-49.11407470703125,257.3712463378906,10.068526268005371,0.07698334753513336,0.22932961583137512,0.9702997207641602,-49.11407470703125,257.3712463378906,10.068526268005371,-43.709590911865234,250.9678497314453,-6.51815938949585,-0.29082852602005005,0.3445824682712555,0.8925701975822449,1111,46.694664001464844,15.578988075256348,-21.790454864501953,285.1502685546875,69.4093017578125,-46.553863525390625,297.2522277832031,13.10838794708252,0.395041823387146,-0.19305823743343353,0.8981484174728394,-46.553863525390625,297.2522277832031,13.10838794708252,-53.783138275146484,303.1488342285156,-19.704429626464844,0.2119198888540268,-0.17285388708114624,0.9618791341781616,-53.783138275146484,303.1488342285156,-19.704429626464844,-58.0454216003418,305.1315612792969,-38.31172180175781,0.22208744287490845,-0.10331053286790848,0.9695380330085754,-58.0454216003418,305.1315612792969,-38.31172180175781,-61.113956451416016,306.1181640625,-51.489654541015625,0.2261863797903061,-0.07272399216890335,0.9713654518127441,1112,53.2048225402832,15.300636291503906,-12.364985466003418,285.84051513671875,64.8531265258789,-28.26845932006836,296.4801940917969,8.570392608642578,0.2675264775753021,-0.17897950112819672,0.9467819333076477,-28.26845932006836,296.4801940917969,8.570392608642578,-42.209537506103516,262.55511474609375,-2.361538887023926,0.3642599284648895,0.8864126205444336,0.2856353521347046,-42.209537506103516,262.55511474609375,-2.361538887023926,-38.56227111816406,251.2943572998047,16.866422653198242,-0.16153189539909363,0.4987218677997589,-0.8515772819519043,-38.56227111816406,251.2943572998047,16.866422653198242,-32.992027282714844,253.3895263671875,30.549575805664062,-0.3733075261116028,-0.14041438698768616,-0.9170198440551758,1113,51.15785598754883,14.559525489807129,-2.8147730827331543,283.87481689453125,61.04467010498047,-9.325796127319336,292.22308349609375,8.732353210449219,0.12199120223522186,-0.1564139872789383,0.9801290035247803,-9.325796127319336,292.22308349609375,8.732353210449219,-23.774002075195312,261.1820373535156,-0.5575879216194153,0.40725836157798767,0.8749685287475586,0.2618599236011505,-23.774002075195312,261.1820373535156,-0.5575879216194153,-22.932464599609375,251.07485961914062,18.96072769165039,-0.03825850784778595,0.45949888229370117,-0.8873540163040161,-22.932464599609375,251.07485961914062,18.96072769165039,-18.627002716064453,253.2548370361328,32.989444732666016,-0.29021206498146057,-0.146942600607872,-0.9456135034561157,1114,40.1068115234375,12.93290901184082,5.947271823883057,275.8995361328125,58.46030044555664,7.093755722045898,284.3409423828125,9.793540954589844,-0.023205015808343887,-0.17085538804531097,0.9850229024887085,7.093755722045898,284.3409423828125,9.793540954589844,-7.5517754554748535,261.8594970703125,1.5255098342895508,0.521636962890625,0.8007325530052185,0.29448649287223816,-7.5517754554748535,261.8594970703125,1.5255098342895508,-10.763883590698242,255.0176239013672,15.092307090759277,0.20682990550994873,0.44055303931236267,-0.8735756278038025,-10.763883590698242,255.0176239013672,15.092307090759277,-8.833133697509766,256.4425048828125,28.566768646240234,-0.14107006788253784,-0.1041087955236435,-0.9845103025436401
1,-20.78029441833496,285.896728515625,26.69379425048828,-0.2238866686820984,0.33182331919670105,-0.22156178951263428,-0.5243553519248962,0.27371713519096375,-0.8063066005706787,2.6309216022491455,268.24560546875,84.70790100097656,123.26179504394531,205.27545166015625,270.2032165527344,1110,41.38172912597656,16.309661865234375,-28.75298500061035,267.6250915527344,75.10436248779297,-28.75298500061035,267.6250915527344,75.10436248779297,0.0,0.0,0.0,-28.75298500061035,267.6250915527344,75.10436248779297,-45.84548568725586,263.7913513183594,36.346431732177734,0.40186750888824463,0.09013634920120239,0.9112507104873657,-45.84548568725586,263.7913513183594,36.346431732177734,-47.927955627441406,257.60675048828125,10.071934700012207,0.07692117989063263,0.22844353318214417,0.970513641834259,-47.927955627441406,257.60675048828125,10.071934700012207,-42.55691146850586,251.1798858642578,-6.516529560089111,-0.28902915120124817,0.34584546089172363,0.8926662802696228,1111,46.694664001464844,15.578988075256348,-20.536331176757812,285.1859130859375,69.44454956054688,-45.185787200927734,297.398681640625,13.117559432983398,0.39322397112846375,-0.1948259323835373,0.898564338684082,-45.185787200927734,297.398681640625,13.117559432983398,-52.35765838623047,303.3014831542969,-19.706735610961914,0.21023717522621155,-0.17303550243377686,0.9622157216072083,-52.35765838623047,303.3014831542969,-19.706735610961914,-56.59999465942383,305.2512512207031,-38.32206726074219,0.22104808688163757,-0.10159319639205933,0.9699569344520569,-56.59999465942383,305.2512512207031,-38.32206726074219,-59.667510986328125,306.13250732421875,-51.5077018737793,0.2261112928390503,-0.06495872884988785,0.9719331860542297,1112,53.2048225402832,15.300636291503906,-11.103398323059082,285.8226013183594,64.89602661132812,-26.901071548461914,296.5246276855469,8.595319747924805,0.26574671268463135,-0.1800283044576645,0.9470842480659485,-26.901071548461914,296.5246276855469,8.595319747924805,-41.00551986694336,262.6496276855469,-2.282235622406006,0.36852848529815674,0.8851038813591003,0.2842145264148712,-41.00551986694336,262.6496276855469,-2.282235622406006,-37.43043518066406,251.3936309814453,16.962064743041992,-0.15833507478237152,0.49851101636886597,-0.8523008823394775,-37.43043518066406,251.3936309814453,16.962064743041992,-31.856233596801758,253.48939514160156,30.64351463317871,-0.37357276678085327,-0.1404542773962021,-0.9169057011604309,1113,51.15785598754883,14.559525489807129,-1.5608859062194824,283.802978515625,61.09646987915039,-7.982131481170654,292.1639709472656,8.775089263916016,0.12030912190675735,-0.15665242075920105,0.9802988171577454,-7.982131481170654,292.1639709472656,8.775089263916016,-22.574932098388672,261.1766357421875,-0.4679151773452759,0.4113345146179199,0.8734554052352905,0.26053717732429504,-22.574932098388672,261.1766357421875,-0.4679151773452759,-21.840063095092773,251.10403442382812,19.072582244873047,-0.033409059047698975,0.4579266905784607,-0.8883618712425232,-21.840063095092773,251.10403442382812,19.072582244873047,-17.557544708251953,253.29315185546875,33.10689926147461,-0.2886654734611511,-0.14755864441394806,-0.945990800857544,1114,40.1068115234375,12.93290901184082,7.159554958343506,275.77874755859375,58.522926330566406,8.393141746520996,284.19256591796875,9.85351848602295,-0.024967990815639496,-0.17029701173305511,0.9850764870643616,8.393141746520996,284.19256591796875,9.85351848602295,-6.362913131713867,261.7706604003906,1.620389699935913,0.5255734920501709,0.7986118197441101,0.29324331879615784,-6.362913131713867,261.7706604003906,1.620389699935913,-9.652230262756348,254.98519897460938,15.197005271911621,0.21180157363414764,0.4369208812713623,-0.8742083311080933,-9.652230262756348,254.98519897460938,15.197005271911621,-7.748989105224609,256.43756103515625,28.672443389892578,-0.13906016945838928,-0.10611671954393387,-0.9845818281173706
1,-19.44237518310547,285.8855895996094,26.668806076049805,-0.2294119894504547,0.3321196734905243,-0.2161904126405716,-0.5219951272010803,0.2756415605545044,-0.8071820139884949,3.6890907287597656,268.13543701171875,84.76470947265625,123.77696990966797,204.72256469726562,270.46142578125,1110,41.38172912597656,16.309661865234375,-27.6873836517334,267.70367431640625,75.0675277709961,-27.6873836517334,267.70367431640625,75.0675277709961,0.0,0.0,0.0,-27.6873836517334,267.70367431640625,75.0675277709961,-44.6499137878418,263.9903259277344,36.24083709716797,0.3988117575645447,0.08730578422546387,0.9128674268722534,-44.6499137878418,263.9903259277344,36.24083709716797,-46.676605224609375,257.8202209472656,9.958568572998047,0.07486085593700409,0.22790807485580444,0.970800518989563,-46.676605224609375,257.8202209472656,9.958568572998047,-41.313758850097656,251.36007690429688,-6.61961555480957,-0.2885880768299103,0.3476363718509674,0.892113208770752,1111,46.694664001464844,15.578988075256348,-19.339357376098633,285.2065734863281,69.42064666748047,-43.72956848144531,297.534423828125,13.005949020385742,0.38908836245536804,-0.1966618150472641,0.8999636173248291,-43.72956848144531,297.534423828125,13.005949020385742,-50.769012451171875,303.40679931640625,-19.852458953857422,0.20635516941547394,-0.17214356362819672,0.9632155299186707,-50.769012451171875,303.40679931640625,-19.852458953857422,-54.950923919677734,305.2989196777344,-38.48740005493164,0.21789966523647308,-0.0985894575715065,0.9709787964820862,-54.950923919677734,305.2989196777344,-38.48740005493164,-57.99011993408203,306.0554504394531,-51.68733215332031,0.2240237444639206,-0.05576502904295921,0.9729869961738586,1112,53.2048225402832,15.300636291503906,-9.888046264648438,285.77874755859375,64.90180206298828,-25.436559677124023,296.5386962890625,8.542802810668945,0.26155537366867065,-0.1810026615858078,0.9480648636817932,-25.436559677124023,296.5386962890625,8.542802810668945,-39.698055267333984,262.709228515625,-2.271476984024048,0.3726319670677185,0.8839144110679626,0.2825612723827362,-39.698055267333984,262.709228515625,-2.271476984024048,-36.25408935546875,251.49874877929688,17.023229598999023,-0.1525280624628067,0.49649524688720703,-0.8545334935188293,-36.25408935546875,251.49874877929688,17.023229598999023,-30.71132469177246,253.6271209716797,30.71241569519043,-0.37146592140197754,-0.14263960719108582,-0.9174241423606873,1113,51.15785598754883,14.559525489807129,-0.34672173857688904,283.69451904296875,61.13427734375,-6.546876430511475,292.0560302734375,8.786316871643066,0.11616673320531845,-0.15666212141513824,0.980796754360199,-6.546876430511475,292.0560302734375,8.786316871643066,-21.282245635986328,261.1227111816406,-0.41143593192100525,0.41535279154777527,0.8719320893287659,0.2592613995075226,-21.282245635986328,261.1227111816406,-0.41143593192100525,-20.726289749145508,251.1316680908203,19.17677116394043,-0.0252752173691988,0.45421910285949707,-0.8905314207077026,-20.726289749145508,251.1316680908203,19.17677116394043,-16.511533737182617,253.3580322265625,33.22573471069336,-0.28409790992736816,-0.15006928145885468,-0.9469780325889587,1114,40.1068115234375,12.93290901184082,8.329821586608887,275.61212158203125,58.594703674316406,9.772994995117188,283.97979736328125,9.923103332519531,-0.029210055246949196,-0.16936306655406952,0.9851207733154297,9.772994995117188,283.97979736328125,9.923103332519531,-5.088136672973633,261.6209716796875,1.70742928981781,0.5293159484863281,0.7963649034500122,0.29262158274650574,-5.088136672973633,261.6209716796875,1.70742928981781,-8.519115447998047,254.93792724609375,15.299781799316406,0.22092318534851074,0.43032604455947876,-0.8752213716506958,-8.519115447998047,254.93792724609375,15.299781799316406,-6.697601318359375,256.4535827636719,28.7795467376709,-0.13308878242969513,-0.11074124276638031,-0.9848979115486145
1,-18.063953399658203,285.8697509765625,26.73491668701172,-0.2340085506439209,0.3363558053970337,-0.21386386454105377,-0.5188958644866943,0.2764991819858551,-0.8088852167129517,4.914667129516602,267.8556213378906,84.8119125366211,124.28955841064453,204.2454376220703,270.90045166015625,1110,41.38172912597656,16.309661865234375,-26.443696975708008,267.562255859375,75.0631103515625,-26.443696975708008,267.562255859375,75.0631103515625,0.0,0.0,0.0,-26.443696975708008,267.562255859375,75.0631103515625,-43.32867431640625,264.0880126953125,36.180519104003906,0.3969883322715759,0.08168409019708633,0.9141815900802612,-43.32867431640625,264.0880126953125,36.180519104003906,-45.31641387939453,258.0268859863281,9.869935035705566,0.07342208176851273,0.22388271987438202,0.9718465805053711,-45.31641387939453,258.0268859863281,9.869935035705566,-39.96661376953125,251.60711669921875,-6.728137969970703,-0.28788599371910095,0.34546366333961487,0.8931833505630493,1111,46.694664001464844,15.578988075256348,-18.008384704589844,285.04510498046875,69.48428344726562,-42.2824592590332,297.6780090332031,13.086976051330566,0.3872356116771698,-0.20152819156646729,0.8996860384941101,-42.2824592590332,297.6780090332031,13.086976051330566,-49.24863815307617,303.6319274902344,-19.772367477416992,0.20420746505260468,-0.1745339334011078,0.9632430672645569,-49.24863815307617,303.6319274902344,-19.772367477416992,-53.39897537231445,305.5466613769531,-38.41205596923828,0.21625450253486633,-0.09976775199174881,0.9712262749671936,-53.39897537231445,305.5466613769531,-38.41205596923828,-56.42870330810547,306.24505615234375,-51.61737060546875,0.22332577407360077,-0.05147971957921982,0.9733834266662598,1112,53.2048225402832,15.300636291503906,-8.549835205078125,285.58856201171875,64.97705078125,-23.98967170715332,296.6121520996094,8.639131546020508,0.25972720980644226,-0.18543760478496552,0.9477102756500244,-23.98967170715332,296.6121520996094,8.639131546020508,-38.37257766723633,262.85064697265625,-2.2266268730163574,0.37580418586730957,0.8821384906768799,0.28390631079673767,-38.37257766723633,262.85064697265625,-2.2266268730163574,-34.999267578125,251.60435485839844,17.059720993041992,-0.1493988186120987,0.4980813264846802,-0.8541632890701294,-34.999267578125,251.60435485839844,17.059720993041992,-29.462343215942383,253.71023559570312,30.75474739074707,-0.37107452750205994,-0.14113226532936096,-0.9178155660629272,1113,51.15785598754883,14.559525489807129,0.9855749011039734,283.4726867675781,61.21220016479492,-5.121336460113525,292.0406799316406,8.88667106628418,0.11441970616579056,-0.16053079068660736,0.9803764820098877,-5.121336460113525,292.0406799316406,8.88667106628418,-19.96534538269043,261.1748046875,-0.36277613043785095,0.41841524839401245,0.8700312972068787,0.26071861386299133,-19.96534538269043,261.1748046875,-0.36277613043785095,-19.528635025024414,251.1718292236328,19.222373962402344,-0.019853992387652397,0.4547613561153412,-0.890392005443573,-19.528635025024414,251.1718292236328,19.222373962402344,-15.352225303649902,253.3812255859375,33.28546142578125,-0.28151318430900574,-0.1489255577325821,-0.9479300379753113,1114,40.1068115234375,12.93290901184082,9.62700080871582,275.35858154296875,58.65401077270508,11.159551620483398,283.8846435546875,10.012638092041016,-0.031019065529108047,-0.17256881296634674,0.9845088720321655,11.159551620483398,283.8846435546875,10.012638092041016,-3.7882449626922607,261.599365234375,1.7544490098953247,0.5324026942253113,0.793745219707489,0.29413580894470215,-3.7882449626922607,261.599365234375,1.7544490098953247,-7.311190605163574,254.93812561035156,15.333963394165039,0.2268451303243637,0.42892226576805115,-0.8743951916694641,-7.311190605163574,254.93812561035156,15.333963394165039,-5.5333075523376465,256.45404052734375,28.819522857666016,-0.12990087270736694,-0.11076019704341888,-0.9853212833404541
1,-16.567625045776367,286.1077880859375,26.793704986572266,-0.22850976884365082,0.3477764427661896,-0.2130742073059082,-0.5150476694107056,0.27710071206092834,-0.8111356496810913,6.278756618499756,267.5455627441406,84.75287628173828,124.76834869384766,203.7969970703125,271.3591613769531,1110,41.38172912597656,16.309661865234375,-25.018526077270508,267.1437072753906,74.85559844970703,-25.018526077270508,267.1437072753906,74.85559844970703,0.0,0.0,0.0,-25.018526077270508,267.1437072753906,74.85559844970703,-41.855228424072266,264.19793701171875,35.90850830078125,0.3958534300327301,0.06925900280475616,0.915698230266571,-41.855228424072266,264.19793701171875,35.90850830078125,-43.80290985107422,258.5277099609375,9.507932662963867,0.07194242626428604,0.2094438523054123,0.9751704931259155,-43.80290985107422,258.5277099609375,9.507932662963867,-38.51750183105469,252.40423583984375,-7.222202301025391,-0.28442084789276123,0.32951927185058594,0.9002898931503296,1111,46.694664001464844,15.578988075256348,-16.65755271911621,284.7406311035156,69.52910614013672,-40.80107879638672,297.95947265625,13.210110664367676,0.38515305519104004,-0.21087546646595,0.8984368443489075,-40.80107879638672,297.95947265625,13.210110664367676,-47.611663818359375,304.2531433105469,-19.618518829345703,0.19964636862277985,-0.18449346721172333,0.9623426198959351,-47.611663818359375,304.2531433105469,-19.618518829345703,-51.66372299194336,306.37591552734375,-38.257301330566406,0.211133673787117,-0.11060763895511627,0.9711789488792419,-51.66372299194336,306.37591552734375,-38.257301330566406,-54.63853454589844,307.08721923828125,-51.474403381347656,0.21927785873413086,-0.05243127420544624,0.9742525815963745,1112,53.2048225402832,15.300636291503906,-7.186304092407227,285.39154052734375,65.0629653930664,-22.487354278564453,297.0474853515625,8.81452751159668,0.2573925852775574,-0.19607500731945038,0.9462049603462219,-22.487354278564453,297.0474853515625,8.81452751159668,-36.620059967041016,263.3495788574219,-2.5649220943450928,0.369266539812088,0.8804760575294495,0.29732805490493774,-36.620059967041016,263.3495788574219,-2.5649220943450928,-33.37153625488281,251.86595153808594,16.602617263793945,-0.14387227594852448,0.5085927248001099,-0.8489017486572266,-33.37153625488281,251.86595153808594,16.602617263793945,-27.95296859741211,253.87200927734375,30.359827041625977,-0.3631425201892853,-0.13444232940673828,-0.9219830632209778,1113,51.15785598754883,14.559525489807129,2.3734567165374756,283.3743896484375,61.305694580078125,-3.595766067504883,292.5735778808594,9.071524620056152,0.11183999478816986,-0.1723569631576538,0.9786648750305176,-3.595766067504883,292.5735778808594,9.071524620056152,-18.263322830200195,261.77215576171875,-0.661590576171875,0.41344162821769714,0.8682147860527039,0.274352103471756,-18.263322830200195,261.77215576171875,-0.661590576171875,-17.79654884338379,251.46334838867188,18.76362419128418,-0.02122076228260994,0.4686652719974518,-0.8831209540367126,-17.79654884338379,251.46334838867188,18.76362419128418,-13.639549255371094,253.49783325195312,32.85881805419922,-0.2802048325538635,-0.1371355652809143,-0.9500942230224609,1114,40.1068115234375,12.93290901184082,11.067177772521973,275.3394775390625,58.67572784423828,12.724565505981445,284.4906005859375,10.152170181274414,-0.033545784652233124,-0.1852201372385025,0.9821243286132812,12.724565505981445,284.4906005859375,10.152170181274414,-2.0735199451446533,262.2524108886719,1.506478190422058,0.5270702838897705,0.7920678853988647,0.3079376220703125,-2.0735199451446533,262.2524108886719,1.506478190422058,-5.5810723304748535,255.3939971923828,14.991507530212402,0.2258538156747818,0.4416181743144989,-0.8683107495307922,-5.5810723304748535,255.3939971923828,14.991507530212402,-3.8212227821350098,256.7638854980469,28.495044708251953,-0.12858325242996216,-0.10009077191352844,-0.9866347908973694
1,-15.033397674560547,286.24603271484375,26.90812873840332,-0.2183479368686676,0.3551590144634247,-0.21174246072769165,-0.51100093126297,0.27773162722587585,-0.8134759664535522,7.656606197357178,267.3663635253906,84.82732391357422,125.21521759033203,203.47265625,271.9720153808594,1110,41.38172912597656,16.309661865234375,-23.560182571411133,266.7480773925781,74.74244689941406,-23.560182571411133,266.7480773925781,74.74244689941406,0.0,0.0,0.0,-23.560182571411133,266.7480773925781,74.74244689941406,-40.284210205078125,264.1168212890625,35.72434997558594,0.3932042121887207,0.06186434254050255,0.9173675775527954,-40.284210205078125,264.1168212890625,35.72434997558594,-42.1506462097168,258.7418518066406,9.25622844696045,0.06894142925739288,0.19853778183460236,0.9776654243469238,-42.1506462097168,258.7418518066406,9.25622844696045,-36.899757385253906,252.8844451904297,-7.579712867736816,-0.2825632691383362,0.31520146131515503,0.9059834480285645,1111,46.694664001464844,15.578988075256348,-15.334451675415039,284.4710388183594,69.62757110595703,-39.30391311645508,298.0033264160156,13.308658599853516,0.38237622380256653,-0.21587572991847992,0.8984354138374329,-39.30391311645508,298.0033264160156,13.308658599853516,-45.93603515625,304.4821472167969,-19.520492553710938,0.194414883852005,-0.18992099165916443,0.9623579382896423,-45.93603515625,304.4821472167969,-19.520492553710938,-49.87216567993164,306.7169494628906,-38.171016693115234,0.20509320497512817,-0.11644500494003296,0.9717908501625061,-49.87216567993164,306.7169494628906,-38.171016693115234,-52.77067184448242,307.3996276855469,-51.40657043457031,0.21365325152873993,-0.05032123997807503,0.9756126403808594,1112,53.2048225402832,15.300636291503906,-5.84636926651001,285.25152587890625,65.2182846069336,-20.959774017333984,297.3016357421875,9.002188682556152,0.25423604249954224,-0.20270560681819916,0.9456609487533569,-20.959774017333984,297.3016357421875,9.002188682556152,-34.701393127441406,263.5870666503906,-2.798950672149658,0.359048455953598,0.8809124827384949,0.30834653973579407,-34.701393127441406,263.5870666503906,-2.798950672149658,-31.522624969482422,251.94552612304688,16.284852981567383,-0.14078284800052643,0.515586256980896,-0.8451928496360779,-31.522624969482422,251.94552612304688,16.284852981567383,-26.231060028076172,253.91085815429688,30.09726905822754,-0.3546309769153595,-0.13171294331550598,-0.925682783126831,1113,51.15785598754883,14.559525489807129,3.751171588897705,283.35821533203125,61.49300765991211,-2.029242515563965,292.9993896484375,9.317338943481445,0.10830242931842804,-0.18063801527023315,0.9775686264038086,-2.029242515563965,292.9993896484375,9.317338943481445,-16.38851547241211,262.1806640625,-0.8126804232597351,0.40475165843963623,0.8687021136283875,0.2855396866798401,-16.38851547241211,262.1806640625,-0.8126804232597351,-15.85302734375,251.63031005859375,18.480621337890625,-0.024344688281416893,0.4796466529369354,-0.8771239519119263,-15.85302734375,251.63031005859375,18.480621337890625,-11.729472160339355,253.5452423095703,32.60236358642578,-0.2779504954814911,-0.12907704710960388,-0.9518837332725525,1114,40.1068115234375,12.93290901184082,12.532445907592773,275.42901611328125,58.83332061767578,14.359227180480957,285.0568542480469,10.408193588256836,-0.03697434067726135,-0.19486896693706512,0.9801321625709534,14.359227180480957,285.0568542480469,10.408193588256836,-0.19512449204921722,262.78863525390625,1.432318091392517,0.5183888077735901,0.7931370735168457,0.319697767496109,-0.19512449204921722,262.78863525390625,1.432318091392517,-3.656615734100342,255.74267578125,14.832281112670898,0.2228880524635315,0.4536946713924408,-0.8628337979316711,-3.656615734100342,255.74267578125,14.832281112670898,-1.9249080419540405,256.9896545410156,28.351356506347656,-0.1265270709991455,-0.09111040085554123,-0.9877700805664062
1,-13.48198127746582,286.43780517578125,26.94867515563965,-0.20915035903453827,0.3620476722717285,-0.20867547392845154,-0.507175862789154,0.27758875489234924,-0.8159149289131165,8.971536636352539,267.2552795410156,84.86158752441406,125.6501693725586,203.3944549560547,272.5673522949219,1110,41.38172912597656,16.309661865234375,-22.166807174682617,266.4533996582031,74.55325317382812,-22.166807174682617,266.4533996582031,74.55325317382812,0.0,0.0,0.0,-22.166807174682617,266.4533996582031,74.55325317382812,-38.753028869628906,264.1564636230469,35.455299377441406,0.38996422290802,0.05400403216481209,0.9192451238632202,-38.753028869628906,264.1564636230469,35.455299377441406,-40.51047897338867,259.0666809082031,8.923419952392578,0.06491576880216599,0.18800371885299683,0.9800206422805786,-40.51047897338867,259.0666809082031,8.923419952392578,-35.25066375732422,253.4497833251953,-7.991503715515137,-0.28304365277290344,0.3022591471672058,0.9102338552474976,1111,46.694664001464844,15.578988075256348,-14.046216011047363,284.2837829589844,69.64801025390625,-37.754539489746094,298.1268005371094,13.294102668762207,0.3782104253768921,-0.2208327203989029,0.8989937901496887,-37.754539489746094,298.1268005371094,13.294102668762207,-44.18974304199219,304.7312316894531,-19.549209594726562,0.18864236772060394,-0.19360311329364777,0.9627729058265686,-44.18974304199219,304.7312316894531,-19.549209594726562,-48.002593994140625,307.032470703125,-38.21725845336914,0.1986696422100067,-0.11990668624639511,0.9727038145065308,-48.002593994140625,307.032470703125,-38.21725845336914,-50.81577682495117,307.6762390136719,-51.4731559753418,0.20736396312713623,-0.0474531389772892,0.9771122932434082,1112,53.2048225402832,15.300636291503906,-4.5361008644104,285.1763916015625,65.3080062866211,-19.377958297729492,297.6048278808594,9.101936340332031,0.24966809153556824,-0.20906977355480194,0.9454922676086426,-19.377958297729492,297.6048278808594,9.101936340332031,-32.755821228027344,263.8744812011719,-3.0664219856262207,0.34954383969306946,0.881324291229248,0.317941278219223,-32.755821228027344,263.8744812011719,-3.0664219856262207,-29.65645980834961,252.1170196533203,15.959283828735352,-0.13726605474948883,0.5207203030586243,-0.8426198959350586,-29.65645980834961,252.1170196533203,15.959283828735352,-24.49374771118164,254.06222534179688,29.82321548461914,-0.3459954857826233,-0.13036412000656128,-0.929135262966156,1113,51.15785598754883,14.559525489807129,5.0998334884643555,283.39019775390625,61.629241943359375,-0.4169698655605316,293.4462890625,9.503377914428711,0.10336339473724365,-0.18841196596622467,0.9766355752944946,-0.4169698655605316,293.4462890625,9.503377914428711,-14.497176170349121,262.6164855957031,-0.9785600304603577,0.3968854248523712,0.8690142631530762,0.2954593598842621,-14.497176170349121,262.6164855957031,-0.9785600304603577,-13.90693187713623,251.86439514160156,18.201435089111328,-0.02683405391871929,0.4888182282447815,-0.8719728589057922,-13.90693187713623,251.86439514160156,18.201435089111328,-9.817962646484375,253.68331909179688,32.34590530395508,-0.2756192684173584,-0.1226055845618248,-0.9534159302711487,1114,40.1068115234375,12.93290901184082,13.959592819213867,275.55279541015625,58.95771026611328,16.025379180908203,285.6212158203125,10.631893157958984,-0.04181184247136116,-0.20378641784191132,0.9781221747398376,16.025379180908203,285.6212158203125,10.631893157958984,1.6837376356124878,263.3389892578125,1.3536008596420288,0.5108132362365723,0.7936369776725769,0.3304694890975952,1.6837376356124878,263.3389892578125,1.3536008596420288,-1.7212281227111816,256.1135559082031,14.672245979309082,0.21924810111522675,0.4652506411075592,-0.857596755027771,-1.7212281227111816,256.1135559082031,14.672245979309082,-0.0004929350106976926,257.23876953125,28.203399658203125,-0.1257253885269165,-0.08221364766359329,-0.9886527061462402
1,-11.842996597290039,286.6110534667969,27.111835479736328,-0.20818059146404266,0.3656595051288605,-0.20559093356132507,-0.5033605694770813,0.27726754546165466,-0.8183830976486206,10.404178619384766,267.23931884765625,85.04248809814453,126.205078125,203.45237731933594,273.3160705566406,1110,41.38172912597656,16.309661865234375,-20.688261032104492,266.44122314453125,74.60855102539062,-20.688261032104492,266.44122314453125,74.60855102539062,0.0,0.0,0.0,-20.688261032104492,266.44122314453125,74.60855102539062,-37.22938919067383,264.40228271484375,35.477203369140625,0.38890400528907776,0.047938212752342224,0.9200302362442017,-37.22938919067383,264.40228271484375,35.477203369140625,-38.951175689697266,259.4683837890625,8.91356086730957,0.06359845399856567,0.18224579095840454,0.9811939597129822,-38.951175689697266,259.4683837890625,8.91356086730957,-33.73124313354492,253.95816040039062,-8.048744201660156,-0.2808974087238312,0.2965186834335327,0.9127833247184753,1111,46.694664001464844,15.578988075256348,-12.553338050842285,284.29150390625,69.80032348632812,-36.0701904296875,298.3498840332031,13.419506072998047,0.3751559555530548,-0.22426831722259521,0.8994230628013611,-36.0701904296875,298.3498840332031,13.419506072998047,-42.36551284790039,305.017822265625,-19.438077926635742,0.18454189598560333,-0.19546480476856232,0.9631913900375366,-42.36551284790039,305.017822265625,-19.438077926635742,-46.099266052246094,307.3484191894531,-38.11846923828125,0.19454823434352875,-0.12143639475107193,0.9733468890190125,-46.099266052246094,307.3484191894531,-38.11846923828125,-48.864654541015625,307.9342041015625,-51.387107849121094,0.2038409560918808,-0.04317908734083176,0.9780513644218445,1112,53.2048225402832,15.300636291503906,-3.0285210609436035,285.2020568847656,65.49644470214844,-17.679275512695312,297.846435546875,9.28839111328125,0.24645334482192993,-0.21270231902599335,0.9455255270004272,-17.679275512695312,297.846435546875,9.28839111328125,-31.002758026123047,264.1609191894531,-3.06248140335083,0.34812289476394653,0.880152702331543,0.3227100074291229,-31.002758026123047,264.1609191894531,-3.06248140335083,-27.991125106811523,252.33538818359375,15.935098648071289,-0.133380725979805,0.5237351059913635,-0.8413744568824768,-27.991125106811523,252.33538818359375,15.935098648071289,-22.88392448425293,254.26995849609375,29.821060180664062,-0.3422752320766449,-0.12965135276317596,-0.9306116700172424,1113,51.15785598754883,14.559525489807129,6.620214462280273,283.43133544921875,61.843849182128906,1.2807947397232056,293.6886901855469,9.738734245300293,0.10003992170095444,-0.19218285381793976,0.9762468338012695,1.2807947397232056,293.6886901855469,9.738734245300293,-12.782793998718262,262.9144592285156,-0.9271182417869568,0.3964173197746277,0.8674483895301819,0.300643652677536,-12.782793998718262,262.9144592285156,-0.9271182417869568,-12.186861038208008,252.0475311279297,18.187875747680664,-0.027092669159173965,0.4940389394760132,-0.8690175414085388,-12.186861038208008,252.0475311279297,18.187875747680664,-8.091553688049316,253.80648803710938,32.338096618652344,-0.276046484708786,-0.11856347322463989,-0.953803539276123,1114,40.1068115234375,12.93290901184082,15.490154266357422,275.60546875,59.172367095947266,17.720247268676758,285.8613586425781,10.893296241760254,-0.0451374314725399,-0.2075808048248291,0.9771759510040283,17.720247268676758,285.8613586425781,10.893296241760254,3.4004416465759277,263.63665771484375,1.4448027610778809,0.5100351572036743,0.7915874719619751,0.336531400680542,3.4004416465759277,263.63665771484375,1.4448027610778809,0.019699743017554283,256.32342529296875,14.721609115600586,0.21768857538700104,0.470904678106308,-0.8549037575721741,0.019699743017554283,256.32342529296875,14.721609115600586,1.7647167444229126,257.38189697265625,28.255037307739258,-0.1274995356798172,-0.07733715325593948,-0.988818883895874
1,-10.119494438171387,286.7655944824219,27.236648559570312,-0.19580161571502686,0.3623935282230377,-0.2023971974849701,-0.4993151128292084,0.27764642238616943,-0.8207294940948486,11.91414737701416,267.6167297363281,85.32135772705078,126.78437042236328,203.74261474609375,274.1347351074219,1110,41.38172912597656,16.309661865234375,-19.08415412902832,266.5519714355469,74.69234466552734,-19.08415412902832,266.5519714355469,74.69234466552734,0.0,0.0,0.0,-19.08415412902832,266.5519714355469,74.69234466552734,-35.44459915161133,264.4125061035156,35.49047088623047,0.3846559524536133,0.0503016896545887,0.9216884970664978,-35.44459915161133,264.4125061035156,35.49047088623047,-37.012630462646484,259.490966796875,8.91501522064209,0.05791911855340004,0.18178923428058624,0.9816302061080933,-37.012630462646484,259.490966796875,8.91501522064209,-31.733367919921875,254.0591278076172,-8.054204940795898,-0.28409016132354736,0.29230067133903503,0.9131556153297424,1111,46.694664001464844,15.578988075256348,-11.09730339050293,284.47900390625,69.92162322998047,-34.37010192871094,298.2461853027344,13.367941856384277,0.3712626099586487,-0.2196229100227356,0.902180552482605,-34.37010192871094,298.2461853027344,13.367941856384277,-40.48649597167969,304.77545166015625,-19.551223754882812,0.17929679155349731,-0.19139978289604187,0.9649968147277832,-40.48649597167969,304.77545166015625,-19.551223754882812,-44.103240966796875,307.0290222167969,-38.26405715942383,0.18845149874687195,-0.1174229234457016,0.9750373959541321,-44.103240966796875,307.0290222167969,-38.26405715942383,-46.78085708618164,307.49658203125,-51.55537033081055,0.19737114012241364,-0.03446454182267189,0.979722797870636,1112,53.2048225402832,15.300636291503906,-1.5530544519424438,285.4817199707031,65.68175506591797,-15.947311401367188,297.9246826171875,9.362592697143555,0.2421385645866394,-0.20931412279605865,0.9473945498466492,-15.947311401367188,297.9246826171875,9.362592697143555,-28.829519271850586,264.1011047363281,-3.0787365436553955,0.3365931510925293,0.8837603330612183,0.32507362961769104,-28.829519271850586,264.1011047363281,-3.0787365436553955,-25.896135330200195,252.31781005859375,15.95730209350586,-0.12991514801979065,0.5218643546104431,-0.8430774211883545,-25.896135330200195,252.31781005859375,15.95730209350586,-20.937780380249023,254.3480224609375,29.88349723815918,-0.3322998881340027,-0.13606113195419312,-0.9333081841468811,1113,51.15785598754883,14.559525489807129,8.137738227844238,283.8051452636719,62.09669494628906,3.0502636432647705,293.95916748046875,9.946146965026855,0.09531944245100021,-0.1902467906475067,0.9770979285240173,3.0502636432647705,293.95916748046875,9.946146965026855,-10.632505416870117,263.04949951171875,-0.8229535818099976,0.3856827914714813,0.871265709400177,0.30355381965637207,-10.632505416870117,263.04949951171875,-0.8229535818099976,-10.07253646850586,252.17576599121094,18.289257049560547,-0.025457650423049927,0.49434831738471985,-0.8688910603523254,-10.07253646850586,252.17576599121094,18.289257049560547,-6.0920729637146,253.98818969726562,32.465476989746094,-0.26830536127090454,-0.1221674308180809,-0.9555560350418091,1114,40.1068115234375,12.93290901184082,17.104246139526367,276.0667724609375,59.4935188293457,19.559661865234375,286.2994079589844,11.220442771911621,-0.04969799146056175,-0.20711012184619904,0.9770544767379761,19.559661865234375,286.2994079589844,11.220442771911621,5.528083324432373,263.94482421875,1.6467673778533936,0.49976933002471924,0.7962137460708618,0.3409900963306427,5.528083324432373,263.94482421875,1.6467673778533936,2.156818151473999,256.5852355957031,14.90035629272461,0.21707826852798462,0.47388938069343567,-0.8534083962440491,2.156818151473999,256.5852355957031,14.90035629272461,3.828242540359497,257.6625671386719,28.44158172607422,-0.12212250381708145,-0.07871515303850174,-0.9893887042999268
1,-8.453722953796387,286.7634582519531,27.331836700439453,-0.1934812366962433,0.3593714237213135,-0.1982256919145584,-0.49589094519615173,0.27543142437934875,-0.8235470056533813,13.345528602600098,267.7799072265625,85.55901336669922,127.4280014038086,204.4153594970703,275.0205993652344,1110,41.38172912597656,16.309661865234375,-17.60502052307129,266.6662292480469,74.80134582519531,-17.60502052307129,266.6662292480469,74.80134582519531,0.0,0.0,0.0,-17.60502052307129,266.6662292480469,74.80134582519531,-33.86387252807617,264.4839172363281,35.55958938598633,0.3822673559188843,0.05130907520651817,0.9226261377334595,-33.86387252807617,264.4839172363281,35.55958938598633,-35.32960510253906,259.51751708984375,8.986642837524414,0.054140470921993256,0.18344631791114807,0.9815377593040466,-35.32960510253906,259.51751708984375,8.986642837524414,-30.005891799926758,254.06231689453125,-7.961185932159424,-0.2864820957183838,0.293557733297348,0.912004292011261,1111,46.694664001464844,15.578988075256348,-9.611634254455566,284.5870056152344,70.01806640625,-32.65380096435547,298.18914794921875,13.330168724060059,0.36758342385292053,-0.21699009835720062,0.9043216705322266,-32.65380096435547,298.18914794921875,13.330168724060059,-38.60030746459961,304.568115234375,-19.6495418548584,0.1743166595697403,-0.18699386715888977,0.9667714238166809,-38.60030746459961,304.568115234375,-19.6495418548584,-42.119346618652344,306.73504638671875,-38.39121627807617,0.1833605021238327,-0.11290854215621948,0.9765400886535645,-42.119346618652344,306.73504638671875,-38.39121627807617,-44.7320556640625,307.0848693847656,-51.69905471801758,0.1925867795944214,-0.025785988196730614,0.980941116809845,1112,53.2048225402832,15.300636291503906,-0.050177332013845444,285.58612060546875,65.8162841796875,-14.21387004852295,297.8715515136719,9.404160499572754,0.23826004564762115,-0.20666413009166718,0.9489583969116211,-14.21387004852295,297.8715515136719,9.404160499572754,-26.99936294555664,264.0122375488281,-3.039663791656494,0.3340662717819214,0.884694516658783,0.32513898611068726,-26.99936294555664,264.0122375488281,-3.039663791656494,-24.20820426940918,252.28070068359375,16.049657821655273,-0.12361619621515274,0.5195720195770264,-0.8454371094703674,-24.20820426940918,252.28070068359375,16.049657821655273,-19.348318099975586,254.38160705566406,30.000059127807617,-0.32570067048072815,-0.1407988965511322,-0.9349303245544434,1113,51.15785598754883,14.559525489807129,9.657081604003906,283.90777587890625,62.27689743041992,4.784074306488037,293.92230224609375,10.078923225402832,0.09130117297172546,-0.1876332014799118,0.9779866933822632,4.784074306488037,293.92230224609375,10.078923225402832,-8.832076072692871,262.9873046875,-0.7018412351608276,0.3838050961494446,0.8719799518585205,0.3038827180862427,-8.832076072692871,262.9873046875,-0.7018412351608276,-8.358595848083496,252.13624572753906,18.42559051513672,-0.02152564562857151,0.49331745505332947,-0.8695829510688782,-8.358595848083496,252.13624572753906,18.42559051513672,-4.440184116363525,253.98785400390625,32.61402893066406,-0.26412272453308105,-0.12480869144201279,-0.9563796520233154,1114,40.1068115234375,12.93290901184082,18.640518188476562,276.16961669921875,59.7320671081543,21.29374885559082,286.2787170410156,11.443432807922363,-0.05370179936289787,-0.20460975170135498,0.9773694276809692,21.29374885559082,286.2787170410156,11.443432807922363,7.323831081390381,263.905517578125,1.823179006576538,0.4975731074810028,0.7968767881393433,0.34264910221099854,7.323831081390381,263.905517578125,1.823179006576538,3.9050827026367188,256.5639953613281,15.074626922607422,0.22013571858406067,0.4727260172367096,-0.853270411491394,3.9050827026367188,256.5639953613281,15.074626922607422,5.526451587677002,257.67437744140625,28.619272232055664,-0.11846517026424408,-0.08112996816635132,-0.9896382689476013
1,-6.753659725189209,286.73455810546875,27.391021728515625,-0.18406209349632263,0.3614128828048706,-0.19663728773593903,-0.49211862683296204,0.27247607707977295,-0.8267865777015686,14.899999618530273,267.7272033691406,85.6656494140625,128.11463928222656,205.04257202148438,275.87249755859375,1110,41.38172912597656,16.309661865234375,-15.968602180480957,266.38409423828125,74.74017333984375,-15.968602180480957,266.38409423828125,74.74017333984375,0.0,0.0,0.0,-15.968602180480957,266.38409423828125,74.74017333984375,-32.087913513183594,264.2992248535156,35.435604095458984,0.3789866268634796,0.049018070101737976,0.9241030216217041,-32.087913513183594,264.2992248535156,35.435604095458984,-33.42276382446289,259.4593811035156,8.832422256469727,0.049306001514196396,0.17877161502838135,0.9826543927192688,-33.42276382446289,259.4593811035156,8.832422256469727,-28.019277572631836,254.1335906982422,-8.131309509277344,-0.290774941444397,0.2865939438343048,0.9128603339195251,1111,46.694664001464844,15.578988075256348,-8.097834587097168,284.38690185546875,70.06271362304688,-30.978294372558594,298.01739501953125,13.316162109375,0.3650037944316864,-0.21744239330291748,0.9052574634552002,-30.978294372558594,298.01739501953125,13.316162109375,-36.78078842163086,304.4117736816406,-19.686208724975586,0.1700950413942337,-0.18744561076164246,0.9674356579780579,-36.78078842163086,304.4117736816406,-19.686208724975586,-40.20751190185547,306.57257080078125,-38.44568634033203,0.17855040729045868,-0.11258894950151443,0.977467954158783,-40.20751190185547,306.57257080078125,-38.44568634033203,-42.74819564819336,306.8785705566406,-51.7685432434082,0.1872776597738266,-0.022555707022547722,0.9820480346679688,1112,53.2048225402832,15.300636291503906,1.4751836061477661,285.4791564941406,65.91073608398438,-12.517850875854492,297.86370849609375,9.477696418762207,0.23538924753665924,-0.20833154022693634,0.9493102431297302,-12.517850875854492,297.86370849609375,9.477696418762207,-24.95301055908203,263.9487609863281,-3.1681337356567383,0.32491225004196167,0.8861472606658936,0.3304167687892914,-24.95301055908203,263.9487609863281,-3.1681337356567383,-22.208345413208008,252.17422485351562,15.901426315307617,-0.12155713886022568,0.521476686000824,-0.8445624709129333,-22.208345413208008,252.17422485351562,15.901426315307617,-17.45956039428711,254.29156494140625,29.88755989074707,-0.31825485825538635,-0.14190025627613068,-0.9373250007629395,1113,51.15785598754883,14.559525489807129,11.212514877319336,283.8927307128906,62.41178894042969,6.508010387420654,294.0655517578125,10.228961944580078,0.08814407140016556,-0.1905990093946457,0.9777027368545532,6.508010387420654,294.0655517578125,10.228961944580078,-6.806030750274658,263.0649108886719,-0.7389670014381409,0.37528932094573975,0.8738300800323486,0.3091583251953125,-6.806030750274658,263.0649108886719,-0.7389670014381409,-6.342367649078369,252.13233947753906,18.342235565185547,-0.021079331636428833,0.49702316522598267,-0.8674812316894531,-6.342367649078369,252.13233947753906,18.342235565185547,-2.504040002822876,253.97117614746094,32.55420684814453,-0.2587246298789978,-0.12394781410694122,-0.9579658508300781,1114,40.1068115234375,12.93290901184082,20.27037239074707,276.23712158203125,59.881141662597656,23.07233238220215,286.5504455566406,11.644124031066895,-0.05671210214495659,-0.20874325931072235,0.9763246774673462,23.07233238220215,286.5504455566406,11.644124031066895,9.32177734375,264.1139221191406,1.8567674160003662,0.48976004123687744,0.7991322875022888,0.34860092401504517,9.32177734375,264.1139221191406,1.8567674160003662,5.937113285064697,256.67181396484375,15.060768127441406,0.2179410457611084,0.47920292615890503,-0.850215494632721,5.937113285064697,256.67181396484375,15.060768127441406,7.5240983963012695,257.7340393066406,28.613344192504883,-0.11595293134450912,-0.07761140167713165,-0.9902178049087524
1,-5.003671646118164,286.7529602050781,27.480207443237305,-0.17970974743366241,0.36316579580307007,-0.1935875415802002,-0.4884772300720215,0.26953524351119995,-0.8299040794372559,16.446208953857422,267.6954345703125,85.81484985351562,128.8231201171875,205.68736267089844,276.7388916015625,1110,41.38172912597656,16.309661865234375,-14.361910820007324,266.2525634765625,74.73648834228516,-14.361910820007324,266.2525634765625,74.73648834228516,0.0,0.0,0.0,-14.361910820007324,266.2525634765625,74.73648834228516,-30.337081909179688,264.2894287109375,35.366851806640625,0.37559762597084045,0.04615592211484909,0.9256327748298645,-30.337081909179688,264.2894287109375,35.366851806640625,-31.532255172729492,259.5375061035156,8.741186141967773,0.04414667934179306,0.1755240112543106,0.9834847450256348,-31.532255172729492,259.5375061035156,8.741186141967773,-26.03931427001953,254.28240966796875,-8.215861320495605,-0.29558873176574707,0.2827897369861603,0.9125006198883057,1111,46.694664001464844,15.578988075256348,-6.526207447052002,284.2913513183594,70.13948822021484,-29.20140266418457,297.997802734375,13.328875541687012,0.36172929406166077,-0.21865412592887878,0.9062793850898743,-29.20140266418457,297.997802734375,13.328875541687012,-34.84492111206055,304.404052734375,-19.698749542236328,0.1654348224401474,-0.18779364228248596,0.9681760668754578,-34.84492111206055,304.404052734375,-19.698749542236328,-38.17753982543945,306.5626525878906,-38.475425720214844,0.17364704608917236,-0.1124744638800621,0.9783640503883362,-38.17753982543945,306.5626525878906,-38.475425720214844,-40.6505012512207,306.8307800292969,-51.81184005737305,0.18228568136692047,-0.019764073193073273,0.9830470085144043,1112,53.2048225402832,15.300636291503906,3.061378002166748,285.4236145019531,66.03206634521484,-10.724054336547852,297.9104919433594,9.570500373840332,0.23189705610275269,-0.21005289256572723,0.9497902989387512,-10.724054336547852,297.9104919433594,9.570500373840332,-22.977994918823242,263.983642578125,-3.219388961791992,0.32017749547958374,0.8864588737487793,0.3341810703277588,-22.977994918823242,263.983642578125,-3.219388961791992,-20.33612823486328,252.18630981445312,15.850615501403809,-0.11700428277254105,0.5224860310554504,-0.844581663608551,-20.33612823486328,252.18630981445312,15.850615501403809,-15.687273979187012,254.3196258544922,29.86785888671875,-0.31155768036842346,-0.14297093451023102,-0.9394099712371826,1113,51.15785598754883,14.559525489807129,12.8186616897583,283.8760070800781,62.571529388427734,8.309935569763184,294.1686706542969,10.394927024841309,0.08447595685720444,-0.19284440577030182,0.9775862097740173,8.309935569763184,294.1686706542969,10.394927024841309,-4.860973834991455,263.1556701660156,-0.7100228071212769,0.3712548017501831,0.8741784691810608,0.31302058696746826,-4.860973834991455,263.1556701660156,-0.7100228071212769,-4.450127124786377,252.1682586669922,18.340866088867188,-0.01867816224694252,0.49951639771461487,-0.8661030530929565,-4.450127124786377,252.1682586669922,18.340866088867188,-0.6753916144371033,253.9953155517578,32.57137680053711,-0.2544381618499756,-0.12315379083156586,-0.959215521812439,1114,40.1068115234375,12.93290901184082,21.910911560058594,276.25469970703125,60.06077575683594,24.89095115661621,286.70068359375,11.862997055053711,-0.06031647324562073,-0.21142835915088654,0.9755306243896484,24.89095115661621,286.70068359375,11.862997055053711,11.247987747192383,264.2572021484375,1.9419294595718384,0.48592785000801086,0.7993800640106201,0.3533633351325989,11.247987747192383,264.2572021484375,1.9419294595718384,7.851429462432861,256.7572326660156,15.110097885131836,0.21870680153369904,0.4829283654689789,-0.8479077219963074,7.851429462432861,256.7572326660156,15.110097885131836,9.40295124053955,257.7893981933594,28.66910171508789,-0.11336180567741394,-0.07541508972644806,-0.9906874895095825
1,-3.256456136703491,286.8454895019531,27.537353515625,-0.174683079123497,0.3578103184700012,-0.19031399488449097,-0.48463180661201477,0.2682850658893585,-0.8325594067573547,18.000028610229492,268.08599853515625,86.03828430175781,129.49227905273438,206.3655242919922,277.5732116699219,1110,41.38172912597656,16.309661865234375,-12.743502616882324,266.5267333984375,74.84635925292969,-12.743502616882324,266.5267333984375,74.84635925292969,0.0,0.0,0.0,-12.743502616882324,266.5267333984375,74.84635925292969,-28.567270278930664,264.38397216796875,35.42498016357422,0.37203794717788696,0.050379183143377304,0.9268493056297302,-28.567270278930664,264.38397216796875,35.42498016357422,-29.623838424682617,259.52496337890625,8.812788963317871,0.03902696445584297,0.17947953939437866,0.9829872250556946,-29.623838424682617,259.52496337890625,8.812788963317871,-24.043701171875,254.22047424316406,-8.100356101989746,-0.300280898809433,0.2854475975036621,0.910137951374054,1111,46.694664001464844,15.578988075256348,-4.949333667755127,284.5710144042969,70.20059967041016,-27.432397842407227,297.9445495605469,13.234493255615234,0.35866430401802063,-0.21334323287010193,0.9087599515914917,-27.432397842407227,297.9445495605469,13.234493255615234,-32.93877410888672,304.1602783203125,-19.85263442993164,0.16141460835933685,-0.18220864236354828,0.9699202179908752,-32.93877410888672,304.1602783203125,-19.85263442993164,-36.1890869140625,306.20379638671875,-38.65660095214844,0.16935843229293823,-0.10647806525230408,0.9797857999801636,-36.1890869140625,306.20379638671875,-38.65660095214844,-38.60163116455078,306.3606872558594,-52.00584030151367,0.17783232033252716,-0.011564665473997593,0.983992874622345,1112,53.2048225402832,15.300636291503906,4.651505947113037,285.7171630859375,66.12814331054688,-8.939284324645996,297.9028015136719,9.553679466247559,0.22862276434898376,-0.20498545467853546,0.9516893625259399,-8.939284324645996,297.9028015136719,9.553679466247559,-21.019081115722656,263.8817138671875,-3.1513214111328125,0.31562721729278564,0.8889207243919373,0.3319628834724426,-21.019081115722656,263.8817138671875,-3.1513214111328125,-18.444477081298828,252.1784210205078,15.985705375671387,-0.11402533203363419,0.5183212161064148,-0.8475501537322998,-18.444477081298828,252.1784210205078,15.985705375671387,-13.874333381652832,254.41143798828125,30.0132999420166,-0.306282639503479,-0.14965270459651947,-0.9401036500930786,1113,51.15785598754883,14.559525489807129,14.428345680236816,284.1869812011719,62.71538162231445,10.103564262390137,294.2291259765625,10.4744234085083,0.08102954179048538,-0.18815064430236816,0.9787919521331787,10.103564262390137,294.2291259765625,10.4744234085083,-2.9173736572265625,263.126953125,-0.5577425360679626,0.36702752113342285,0.8766921162605286,0.3109690248966217,-2.9173736572265625,263.126953125,-0.5577425360679626,-2.556877613067627,252.21070861816406,18.535036087036133,-0.016389086842536926,0.49628081917762756,-0.8680073022842407,-2.556877613067627,252.21070861816406,18.535036087036133,1.1529024839401245,254.11746215820312,32.77217102050781,-0.2500598132610321,-0.12852579355239868,-0.9596620202064514,1114,40.1068115234375,12.93290901184082,23.55661392211914,276.5852355957031,60.277061462402344,26.703310012817383,286.823974609375,12.04540729522705,-0.06368961185216904,-0.20723365247249603,0.9762161374092102,26.703310012817383,286.823974609375,12.04540729522705,13.17207145690918,264.30413818359375,2.144329309463501,0.48194822669029236,0.8020991683006287,0.3526511788368225,13.17207145690918,264.30413818359375,2.144329309463501,9.774428367614746,256.8287048339844,15.326144218444824,0.2187768518924713,0.4813489317893982,-0.848787248134613,9.774428367614746,256.8287048339844,15.326144218444824,11.296463966369629,257.91558837890625,28.884212493896484,-0.11120741069316864,-0.07941306382417679,-0.9906192421913147
1,-1.3879386186599731,287.04962158203125,27.669048309326172,-0.1620703637599945,0.3603300154209137,-0.18659240007400513,-0.48038822412490845,0.26613524556159973,-0.8357027769088745,19.60174560546875,268.2414245605469,86.25099182128906,130.11773681640625,207.01551818847656,278.5090637207031,1110,41.38172912597656,16.309661865234375,-11.03140640258789,266.4091796875,74.80686950683594,-11.03140640258789,266.4091796875,74.80686950683594,0.0,0.0,0.0,-11.03140640258789,266.4091796875,74.80686950683594,-26.581783294677734,264.3375244140625,35.27305603027344,0.36561015248298645,0.04870738461613655,0.9294928312301636,-26.581783294677734,264.3375244140625,35.27305603027344,-27.405658721923828,259.6137390136719,8.628317832946777,0.03043188340961933,0.1744847446680069,0.984189510345459,-27.405658721923828,259.6137390136719,8.628317832946777,-21.667606353759766,254.45899963378906,-8.278287887573242,-0.3087787628173828,0.277389258146286,0.9097861647605896,1111,46.694664001464844,15.578988075256348,-3.3878719806671143,284.55450439453125,70.3066635131836,-25.565425872802734,297.9678649902344,13.230265617370605,0.3537905812263489,-0.21397855877876282,0.9105193614959717,-25.565425872802734,297.9678649902344,13.230265617370605,-30.86032485961914,304.25616455078125,-19.877653121948242,0.15521538257598877,-0.18433606624603271,0.9705300331115723,-30.86032485961914,304.25616455078125,-19.877653121948242,-33.976280212402344,306.3257751464844,-38.70149612426758,0.16235771775245667,-0.10783763229846954,0.9808215498924255,-33.976280212402344,306.3257751464844,-38.70149612426758,-36.281124114990234,306.4829406738281,-52.06975173950195,0.1698935329914093,-0.011584908701479435,0.9853943586349487,1112,53.2048225402832,15.300636291503906,6.231916427612305,285.818603515625,66.31462860107422,-7.044893264770508,298.1335754394531,9.69363021850586,0.22334101796150208,-0.2071610987186432,0.9524721503257751,-7.044893264770508,298.1335754394531,9.69363021850586,-18.668415069580078,264.0523986816406,-3.273226022720337,0.30370551347732544,0.8904910087585449,0.33880487084388733,-18.668415069580078,264.0523986816406,-3.273226022720337,-16.143285751342773,252.2847137451172,15.830880165100098,-0.11183416098356247,0.5211730003356934,-0.8460920453071594,-16.143285751342773,252.2847137451172,15.830880165100098,-11.715362548828125,254.51657104492188,29.90420150756836,-0.2967512607574463,-0.14957496523857117,-0.9431681036949158,1113,51.15785598754883,14.559525489807129,16.0501651763916,284.40521240234375,62.97107696533203,12.02710247039795,294.6513366699219,10.745625495910645,0.07537651062011719,-0.19197241961956024,0.9785013794898987,12.02710247039795,294.6513366699219,10.745625495910645,-0.5870346426963806,263.47186279296875,-0.5381163954734802,0.3555607795715332,0.8788709044456482,0.3180602788925171,-0.5870346426963806,263.47186279296875,-0.5381163954734802,-0.26814478635787964,252.455322265625,18.497711181640625,-0.014497561380267143,0.5008405447006226,-0.8654181361198425,-0.26814478635787964,252.455322265625,18.497711181640625,3.3126423358917236,254.33673095703125,32.77119827270508,-0.2413649559020996,-0.12681740522384644,-0.9621123671531677,1114,40.1068115234375,12.93290901184082,25.274925231933594,276.9093322753906,60.56841278076172,28.689620971679688,287.4096374511719,12.41128921508789,-0.06911397725343704,-0.21252784132957458,0.9747077822685242,28.689620971679688,287.4096374511719,12.41128921508789,15.465874671936035,264.8095703125,2.2802772521972656,0.4709964096546173,0.8049572110176086,0.3608410358428955,15.465874671936035,264.8095703125,2.2802772521972656,12.058817863464355,257.2212829589844,15.395015716552734,0.21938294172286987,0.4886155128479004,-0.84446781873703,12.058817863464355,257.2212829589844,15.395015716552734,13.483504295349121,258.2548522949219,28.967824935913086,-0.10409460216760635,-0.07551766186952591,-0.9916962385177612
1,0.468372106552124,287.31610107421875,27.801780700683594,-0.15259075164794922,0.36537396907806396,-0.18341276049613953,-0.4760702848434448,0.2644987404346466,-0.8386879563331604,21.215984344482422,268.30877685546875,86.40673065185547,130.7386016845703,207.45938110351562,279.3515625,1110,41.38172912597656,16.309661865234375,-9.318901062011719,266.2864990234375,74.73754119873047,-9.318901062011719,266.2864990234375,74.73754119873047,0.0,0.0,0.0,-9.318901062011719,266.2864990234375,74.73754119873047,-24.65702247619629,264.41302490234375,35.111026763916016,0.3606197237968445,0.04404787719249725,0.9316722750663757,-24.65702247619629,264.41302490234375,35.111026763916016,-25.294836044311523,259.88250732421875,8.427644729614258,0.023559221997857094,0.16734588146209717,0.9856167435646057,-25.294836044311523,259.88250732421875,8.427644729614258,-19.42881202697754,254.8956756591797,-8.485401153564453,-0.31566527485847473,0.26835376024246216,0.9101328253746033,1111,46.694664001464844,15.578988075256348,-1.785939335823059,284.5193786621094,70.4079818725586,-23.69893455505371,298.1465148925781,13.280056953430176,0.349570095539093,-0.2173887938261032,0.9113411903381348,-23.69893455505371,298.1465148925781,13.280056953430176,-28.816146850585938,304.5526123046875,-19.833221435546875,0.15000663697719574,-0.187789186835289,0.9706869721412659,-28.816146850585938,304.5526123046875,-19.833221435546875,-31.821475982666016,306.6596374511719,-38.670894622802734,0.15659353137016296,-0.10978714376688004,0.9815423488616943,-31.821475982666016,306.6596374511719,-38.670894622802734,-34.03759765625,306.83465576171875,-52.053924560546875,0.16335365176200867,-0.012900861911475658,0.9864832162857056,1112,53.2048225402832,15.300636291503906,7.849297046661377,285.883544921875,66.48676300048828,-5.157902717590332,298.4771423339844,9.864471435546875,0.21880565583705902,-0.21184808015823364,0.9524937868118286,-5.157902717590332,298.4771423339844,9.864471435546875,-16.44567108154297,264.3952941894531,-3.393998146057129,0.29493269324302673,0.8905082941055298,0.3464241921901703,-16.44567108154297,264.3952941894531,-3.393998146057129,-13.922517776489258,252.51869201660156,15.64284610748291,-0.11174666881561279,0.5259968638420105,-0.8431132435798645,-13.922517776489258,252.51869201660156,15.64284610748291,-9.580793380737305,254.70228576660156,29.750551223754883,-0.2909744083881378,-0.14634044468402863,-0.9454725384712219,1113,51.15785598754883,14.559525489807129,17.699342727661133,284.5675354003906,63.19743728637695,13.93307876586914,295.1333312988281,11.016554832458496,0.0705651119351387,-0.19796185195446014,0.9776663780212402,13.93307876586914,295.1333312988281,11.016554832458496,1.632263422012329,263.9280700683594,-0.5385348796844482,0.3467291295528412,0.8795980215072632,0.3257089853286743,1.632263422012329,263.9280700683594,-0.5385348796844482,1.913396954536438,252.78659057617188,18.425031661987305,-0.012781063094735146,0.506520688533783,-0.8621330857276917,1.913396954536438,252.78659057617188,18.425031661987305,5.3915696144104,254.61207580566406,32.73112106323242,-0.2344481348991394,-0.1230478286743164,-0.9643097519874573,1114,40.1068115234375,12.93290901184082,26.996509552001953,277.1584777832031,60.8045539855957,30.639577865600586,288.0078125,12.74162483215332,-0.0737362802028656,-0.21959224343299866,0.9728012084960938,30.639577865600586,288.0078125,12.74162483215332,17.63990020751953,265.3824157714844,2.3798515796661377,0.4630160629749298,0.805860161781311,0.3690605163574219,17.63990020751953,265.3824157714844,2.3798515796661377,14.258553504943848,257.6556396484375,15.42017936706543,0.21772734820842743,0.4975326657295227,-0.8396760821342468,14.258553504943848,257.6556396484375,15.42017936706543,15.639423370361328,258.5979309082031,29.0041561126709,-0.10089314728975296,-0.06884843856096268,-0.9925122261047363
1,2.2289905548095703,287.56207275390625,27.670124053955078,-0.14153994619846344,0.3620120584964752,-0.18183371424674988,-0.47186458110809326,0.2642382085323334,-0.8411432504653931,22.839414596557617,268.7894287109375,86.39799499511719,131.3944854736328,207.99996948242188,279.9076843261719,1110,41.38172912597656,16.309661865234375,-7.592446327209473,266.5149230957031,74.59086608886719,-7.592446327209473,266.5149230957031,74.59086608886719,0.0,0.0,0.0,-7.592446327209473,266.5149230957031,74.59086608886719,-22.571855545043945,264.4489440917969,34.83690643310547,0.3521859347820282,0.04857392981648445,0.9346687197685242,-22.571855545043945,264.4489440917969,34.83690643310547,-22.83442497253418,259.8393859863281,8.160734176635742,0.009698651731014252,0.17026543617248535,0.9853504300117493,-22.83442497253418,259.8393859863281,8.160734176635742,-16.658538818359375,254.8482666015625,-8.640365600585938,-0.3323397636413574,0.2685845196247101,0.9041088819503784,1111,46.694664001464844,15.578988075256348,-0.20784492790699005,284.8102722167969,70.26919555664062,-21.96636199951172,298.1452331542969,13.013433456420898,0.34710583090782166,-0.2127278745174408,0.9133806824684143,-21.96636199951172,298.1452331542969,13.013433456420898,-27.00199317932129,304.2905578613281,-20.161720275878906,0.14761511981487274,-0.18014481663703918,0.9725006818771362,-27.00199317932129,304.2905578613281,-20.161720275878906,-29.947233200073242,306.2207946777344,-39.027809143066406,0.15346254408359528,-0.1005755290389061,0.9830228090286255,-29.947233200073242,306.2207946777344,-39.027809143066406,-32.10608673095703,306.2873229980469,-52.421173095703125,0.15913234651088715,-0.004903902765363455,0.9872450232505798,1112,53.2048225402832,15.300636291503906,9.433403968811035,286.2577819824219,66.39290618896484,-3.4126956462860107,298.6427307128906,9.687871932983398,0.21609564125537872,-0.20833821594715118,0.9538856744766235,-3.4126956462860107,298.6427307128906,9.687871932983398,-14.357756614685059,264.4139099121094,-3.4789953231811523,0.2859782576560974,0.8943484425544739,0.3440307676792145,-14.357756614685059,264.4139099121094,-3.4789953231811523,-11.653502464294434,252.61839294433594,15.583379745483398,-0.11976736038923264,0.522405743598938,-0.8442440032958984,-11.653502464294434,252.61839294433594,15.583379745483398,-7.298491477966309,254.90220642089844,29.67110824584961,-0.2918648421764374,-0.15305699408054352,-0.9441337585449219,1113,51.15785598754883,14.559525489807129,19.311220169067383,285.0281982421875,63.15378952026367,15.702614784240723,295.4781188964844,10.938436508178711,0.0676111951470375,-0.19579078257083893,0.9783121943473816,15.702614784240723,295.4781188964844,10.938436508178711,3.757988691329956,264.0918273925781,-0.4994979500770569,0.3366888463497162,0.884700357913971,0.322406530380249,3.757988691329956,264.0918273925781,-0.4994979500770569,4.089303016662598,253.07676696777344,18.536958694458008,-0.015062419697642326,0.5007736086845398,-0.8654473423957825,4.089303016662598,253.07676696777344,18.536958694458008,7.498234748840332,255.02284240722656,32.843814849853516,-0.22978097200393677,-0.13117632269859314,-0.9643617272377014,1114,40.1068115234375,12.93290901184082,28.688322067260742,277.7021179199219,60.818077087402344,32.465850830078125,288.51068115234375,12.756342887878418,-0.07645777612924576,-0.21876703202724457,0.9727770686149597,32.465850830078125,288.51068115234375,12.756342887878418,19.68427848815918,265.7310485839844,2.4613585472106934,0.45524755120277405,0.8113533854484558,0.3666815459728241,19.68427848815918,265.7310485839844,2.4613585472106934,16.45832633972168,258.00213623046875,15.539735794067383,0.20772135257720947,0.49767017364501953,-0.8421260118484497,16.45832633972168,258.00213623046875,15.539735794067383,17.902151107788086,259.0083312988281,29.112579345703125,-0.10549294948577881,-0.0735175684094429,-0.9916988015174866
1,4.009213924407959,287.7052307128906,27.544015884399414,-0.13462567329406738,0.3601284921169281,-0.1789780557155609,-0.46866679191589355,0.2622847557067871,-0.8435390591621399,24.43413734436035,269.0746154785156,86.38159942626953,132.2535400390625,208.73455810546875,280.4424743652344,1110,41.38172912597656,16.309661865234375,-5.923261642456055,266.6419982910156,74.43415069580078,-5.923261642456055,266.6419982910156,74.43415069580078,0.0,0.0,0.0,-5.923261642456055,266.6419982910156,74.43415069580078,-20.52614974975586,264.45623779296875,34.54673385620117,0.3433334529399872,0.0513901561498642,0.9378066062927246,-20.52614974975586,264.45623779296875,34.54673385620117,-20.403059005737305,259.7784118652344,7.881434917449951,-0.004546660929918289,0.17278705537319183,0.9849486947059631,-20.403059005737305,259.7784118652344,7.881434917449951,-13.878349304199219,254.75775146484375,-8.778430938720703,-0.35111066699028015,0.2701740860939026,0.8965083956718445,1111,46.694664001464844,15.578988075256348,1.3856321573257446,284.97259521484375,70.13323211669922,-20.171794891357422,298.1502990722656,12.76509952545166,0.34389787912368774,-0.21021917462348938,0.9151732325553894,-20.171794891357422,298.1502990722656,12.76509952545166,-25.08100128173828,304.0310363769531,-20.476892471313477,0.14390909671783447,-0.17238867282867432,0.9744599461555481,-25.08100128173828,304.0310363769531,-20.476892471313477,-27.947704315185547,305.7615661621094,-39.374427795410156,0.14937035739421844,-0.09016973525285721,0.984661340713501,-27.947704315185547,305.7615661621094,-39.374427795410156,-30.0416316986084,305.7010192871094,-52.77812194824219,0.15434657037258148,0.00446300208568573,0.9880067110061646,1112,53.2048225402832,15.300636291503906,11.037361145019531,286.4677734375,66.3013687133789,-1.605489730834961,298.7426452636719,9.526763916015625,0.21267661452293396,-0.2064865082502365,0.9550560116767883,-1.605489730834961,298.7426452636719,9.526763916015625,-12.31583309173584,264.4052734375,-3.5501396656036377,0.27984553575515747,0.8971850872039795,0.34168025851249695,-12.31583309173584,264.4052734375,-3.5501396656036377,-9.537982940673828,252.70314025878906,15.559157371520996,-0.1230267882347107,0.5182698369026184,-0.8463218808174133,-9.537982940673828,252.70314025878906,15.559157371520996,-5.203567981719971,255.07867431640625,29.6380672454834,-0.29048454761505127,-0.1592039316892624,-0.9435427188873291,1113,51.15785598754883,14.559525489807129,20.93667984008789,285.28759765625,63.10986328125,17.520030975341797,295.6793212890625,10.869988441467285,0.06401468068361282,-0.19470039010047913,0.9787716269493103,17.520030975341797,295.6793212890625,10.869988441467285,5.805879592895508,264.16058349609375,-0.44135212898254395,0.330192506313324,0.8884339928627014,0.3188382685184479,5.805879592895508,264.16058349609375,-0.44135212898254395,6.151134014129639,253.27377319335938,18.668506622314453,-0.01569616235792637,0.49494266510009766,-0.8687838315963745,6.151134014129639,253.27377319335938,18.668506622314453,9.50195598602295,255.32315063476562,32.97467041015625,-0.225863978266716,-0.13813939690589905,-0.9643147587776184,1114,40.1068115234375,12.93290901184082,30.363000869750977,278.0090637207031,60.8241081237793,34.31079864501953,288.80133056640625,12.772388458251953,-0.07990403473377228,-0.21843715012073517,0.9725742340087891,34.31079864501953,288.80133056640625,12.772388458251953,21.672821044921875,265.90618896484375,2.556610107421875,0.4501327574253082,0.8154669404029846,0.363860160112381,21.672821044921875,265.90618896484375,2.556610107421875,18.50400161743164,258.2355041503906,15.683143615722656,0.20404258370399475,0.4939209818840027,-0.8452270030975342,18.50400161743164,258.2355041503906,15.683143615722656,19.95452308654785,259.3387756347656,29.24772834777832,-0.1059822291135788,-0.08061043918132782,-0.991095244884491
1,5.854615211486816,287.80963134765625,27.49590301513672,-0.1292741745710373,0.36411547660827637,-0.1758747100830078,-0.465604305267334,0.25946852564811707,-0.8461020588874817,26.067487716674805,269.0178527832031,86.35674285888672,133.18235778808594,209.32566833496094,281.0072326660156,1110,41.38172912597656,16.309661865234375,-4.222590923309326,266.4788818359375,74.23397827148438,-4.222590923309326,266.4788818359375,74.23397827148438,0.0,0.0,0.0,-4.222590923309326,266.4788818359375,74.23397827148438,-18.433420181274414,264.4166259765625,34.19864273071289,0.33411556482315063,0.048486389219760895,0.9412841796875,-18.433420181274414,264.4166259765625,34.19864273071289,-17.94002914428711,259.82757568359375,7.522207260131836,-0.018224621191620827,0.1695079505443573,0.9853602647781372,-17.94002914428711,259.82757568359375,7.522207260131836,-11.077086448669434,254.8660125732422,-9.01904296875,-0.3693118095397949,0.266993910074234,0.8901253342628479,1111,46.694664001464844,15.578988075256348,3.0355472564697266,284.85845947265625,70.05803680419922,-18.29508399963379,298.233154296875,12.65073013305664,0.3402799367904663,-0.2133617252111435,0.9157982468605042,-18.29508399963379,298.233154296875,12.65073013305664,-23.06148910522461,304.0205078125,-20.628414154052734,0.13972298800945282,-0.16965121030807495,0.9755489826202393,-23.06148910522461,304.0205078125,-20.628414154052734,-25.84242057800293,305.6390075683594,-39.54867935180664,0.14490120112895966,-0.08433237671852112,0.985845685005188,-25.84242057800293,305.6390075683594,-39.54867935180664,-27.868160247802734,305.5124206542969,-52.96238708496094,0.1493203490972519,0.009330914355814457,0.9887447953224182,1112,53.2048225402832,15.300636291503906,12.699814796447754,286.4097595214844,66.28046417236328,0.2842320501804352,298.91326904296875,9.505596160888672,0.20885352790355682,-0.21033263206481934,0.9550604224205017,0.2842320501804352,298.91326904296875,9.505596160888672,-10.233233451843262,264.5427551269531,-3.6405937671661377,0.2748059630393982,0.8980511426925659,0.3434906601905823,-10.233233451843262,264.5427551269531,-3.6405937671661377,-7.378892421722412,252.8509063720703,15.46373176574707,-0.12641441822052002,0.5178142189979553,-0.8461015224456787,-7.378892421722412,252.8509063720703,15.46373176574707,-3.0540902614593506,255.25192260742188,29.541276931762695,-0.2898402810096741,-0.1609116941690445,-0.9434511661529541,1113,51.15785598754883,14.559525489807129,22.61899185180664,285.2835693359375,63.13139343261719,19.414819717407227,295.9175109863281,10.926810264587402,0.06003369390964508,-0.1992386132478714,0.9781103730201721,19.414819717407227,295.9175109863281,10.926810264587402,7.901710510253906,264.33502197265625,-0.41316261887550354,0.3245254158973694,0.8902304172515869,0.31964510679244995,7.901710510253906,264.33502197265625,-0.41316261887550354,8.212628364562988,253.50238037109375,18.728023529052734,-0.014135145582258701,0.49248045682907104,-0.8702087998390198,8.212628364562988,253.50238037109375,18.728023529052734,11.484371185302734,255.5932159423828,33.04648208618164,-0.22053368389606476,-0.14093396067619324,-0.9651437997817993,1114,40.1068115234375,12.93290901184082,32.08456039428711,278.0528869628906,60.85602569580078,36.22285842895508,289.0953674316406,12.877243041992188,-0.08375979959964752,-0.2235015332698822,0.9710980653762817,36.22285842895508,289.0953674316406,12.877243041992188,23.694215774536133,266.1560974121094,2.6258625984191895,0.44623860716819763,0.817038893699646,0.3651283085346222,23.694215774536133,266.1560974121094,2.6258625984191895,20.588132858276367,258.4785461425781,15.763374328613281,0.20000290870666504,0.49436303973197937,-0.8459338545799255,20.588132858276367,258.4785461425781,15.763374328613281,22.059825897216797,259.6044921875,29.323814392089844,-0.10752912610769272,-0.0822671502828598,-0.9907923936843872
1,7.719908714294434,288.075439453125,27.49247169494629,-0.11635924875736237,0.37124815583229065,-0.17347502708435059,-0.4620155394077301,0.25769737362861633,-0.8486069440841675,27.71927833557129,269.0011291503906,86.33647155761719,134.00852966308594,209.71640014648438,281.563232421875,1110,41.38172912597656,16.309661865234375,-2.452157735824585,266.20611572265625,73.9603271484375,-2.452157735824585,266.20611572265625,73.9603271484375,0.0,0.0,0.0,-2.452157735824585,266.20611572265625,73.9603271484375,-16.222335815429688,264.3651123046875,33.76055908203125,0.32375526428222656,0.043284449726343155,0.9451501965522766,-16.222335815429688,264.3651123046875,33.76055908203125,-15.338604927062988,260.00762939453125,7.0553789138793945,-0.03264278545975685,0.16095440089702606,0.9864218831062317,-15.338604927062988,260.00762939453125,7.0553789138793945,-8.132946968078613,255.24163818359375,-9.397393226623535,-0.38775426149368286,0.2564697563648224,0.885364294052124,1111,46.694664001464844,15.578988075256348,4.635465621948242,284.7006530761719,70.00469207763672,-16.43691062927246,298.3751525878906,12.572639465332031,0.3361600637435913,-0.21814438700675964,0.9161929488182068,-16.43691062927246,298.3751525878906,12.572639465332031,-21.024154663085938,304.2278747558594,-20.72024154663086,0.1344710737466812,-0.17156746983528137,0.9759519100189209,-21.024154663085938,304.2278747558594,-20.72024154663086,-23.68629264831543,305.8273620605469,-39.659202575683594,0.13871143758296967,-0.08334173262119293,0.9868198037147522,-23.68629264831543,305.8273620605469,-39.659202575683594,-25.612470626831055,305.6916198730469,-53.08748245239258,0.14198148250579834,0.010005760937929153,0.9898187518119812,1112,53.2048225402832,15.300636291503906,14.3085355758667,286.3907775878906,66.31012725830078,2.1554839611053467,299.2843322753906,9.565702438354492,0.204437255859375,-0.21689392626285553,0.9545482993125916,2.1554839611053467,299.2843322753906,9.565702438354492,-7.909244060516357,264.8677978515625,-3.812483072280884,0.2629765272140503,0.8992534279823303,0.34955230355262756,-7.909244060516357,264.8677978515625,-3.812483072280884,-4.9091410636901855,253.12606811523438,15.238835334777832,-0.13287003338336945,0.5200234651565552,-0.8437541723251343,-4.9091410636901855,253.12606811523438,15.238835334777832,-0.6233717203140259,255.52232360839844,29.329118728637695,-0.2872244417667389,-0.16059266030788422,-0.9443050622940063,1113,51.15785598754883,14.559525489807129,24.261106491088867,285.400634765625,63.22127914428711,21.306997299194336,296.4817199707031,11.09500503540039,0.05534849688410759,-0.20761635899543762,0.9766432642936707,21.306997299194336,296.4817199707031,11.09500503540039,10.24516773223877,264.80950927734375,-0.44210562109947205,0.31180527806282043,0.8927603363990784,0.32520225644111633,10.24516773223877,264.80950927734375,-0.44210562109947205,10.521712303161621,253.94888305664062,18.683759689331055,-0.012572436593472958,0.4937523603439331,-0.8695116639137268,10.521712303161621,253.94888305664062,18.683759689331055,13.647818565368652,256.03912353515625,33.03480529785156,-0.21071694791316986,-0.1408938318490982,-0.9673402309417725,1114,40.1068115234375,12.93290901184082,33.82012939453125,278.29364013671875,60.94687271118164,38.17390823364258,289.8232421875,13.101929664611816,-0.08812115341424942,-0.2333609163761139,0.9683890342712402,38.17390823364258,289.8232421875,13.101929664611816,25.92875862121582,266.8111267089844,2.67280912399292,0.43614131212234497,0.819633424282074,0.3714589476585388,25.92875862121582,266.8111267089844,2.67280912399292,22.94731903076172,259.0146179199219,15.769083023071289,0.19197697937488556,0.5020226240158081,-0.843278169631958,22.94731903076172,259.0146179199219,15.769083023071289,24.432334899902344,260.0799255371094,29.33296775817871,-0.1085025742650032,-0.07783661782741547,-0.9910442233085632
1,9.644909858703613,288.18792724609375,27.58799171447754,-0.10897994041442871,0.3713529407978058,-0.16906856000423431,-0.4582158625125885,0.25694406032562256,-0.8508924245834351,29.366945266723633,269.1363220214844,86.53271484375,134.7820587158203,210.02491760253906,282.2852478027344,1110,41.38172912597656,16.309661865234375,-0.7132210731506348,266.2085876464844,73.9627456665039,-0.7132210731506348,266.2085876464844,73.9627456665039,0.0,0.0,0.0,-0.7132210731506348,266.2085876464844,73.9627456665039,-14.056079864501953,264.3444519042969,33.62019348144531,0.31370845437049866,0.0438283234834671,0.9485073685646057,-14.056079864501953,264.3444519042969,33.62019348144531,-12.837238311767578,260.0084228515625,6.924718856811523,-0.0450209304690361,0.16016197204589844,0.9860634207725525,-12.837238311767578,260.0084228515625,6.924718856811523,-5.35659122467041,255.2751007080078,-9.414361953735352,-0.4025520384311676,0.25471171736717224,0.879246175289154,1111,46.694664001464844,15.578988075256348,6.305311679840088,284.743896484375,70.07537078857422,-14.467945098876953,298.3834228515625,12.526158332824707,0.33138835430145264,-0.217586487531662,0.9180620312690735,-14.467945098876953,298.3834228515625,12.526158332824707,-18.870786666870117,304.1084899902344,-20.813785552978516,0.12906548380851746,-0.1678253710269928,0.9773315191268921,-18.870786666870117,304.1084899902344,-20.813785552978516,-21.420345306396484,305.5766296386719,-39.77885818481445,0.1328454464673996,-0.07649781554937363,0.9881802797317505,-21.420345306396484,305.5766296386719,-39.77885818481445,-23.25895118713379,305.35064697265625,-53.21819305419922,0.13552641868591309,0.016657523810863495,0.9906337261199951,1112,53.2048225402832,15.300636291503906,15.993125915527344,286.48785400390625,66.44501495361328,4.138465404510498,299.39093017578125,9.63967227935791,0.19941778481006622,-0.2170541137456894,0.9555732011795044,4.138465404510498,299.39093017578125,9.63967227935791,-5.683671474456787,264.8938903808594,-3.7113900184631348,0.2566380798816681,0.9013572931289673,0.3488437831401825,-5.683671474456787,264.8938903808594,-3.7113900184631348,-2.5842056274414062,253.23928833007812,15.377493858337402,-0.13727061450481415,0.5161645412445068,-0.8454175591468811,-2.5842056274414062,253.23928833007812,15.377493858337402,1.6889469623565674,255.7127685546875,29.45826530456543,-0.28637880086898804,-0.1657680869102478,-0.9436673521995544,1113,51.15785598754883,14.559525489807129,25.97020149230957,285.55224609375,63.41886520385742,23.293811798095703,296.683837890625,11.288358688354492,0.050145115703344345,-0.20856265723705292,0.9767225980758667,23.293811798095703,296.683837890625,11.288358688354492,12.491729736328125,264.9100646972656,-0.21561501920223236,0.3044835031032562,0.8956226706504822,0.32426804304122925,12.491729736328125,264.9100646972656,-0.21561501920223236,12.686010360717773,254.1682891845703,18.978248596191406,-0.008832508698105812,0.48834937810897827,-0.8726034760475159,12.686010360717773,254.1682891845703,18.978248596191406,15.687889099121094,256.34381103515625,33.3431396484375,-0.20234327018260956,-0.14664223790168762,-0.9682732820510864,1114,40.1068115234375,12.93290901184082,35.579681396484375,278.496826171875,61.197105407714844,40.181209564208984,290.10870361328125,13.39526653289795,-0.09313564747571945,-0.23502621054649353,0.9675166606903076,40.181209564208984,290.10870361328125,13.39526653289795,28.087421417236328,267.02264404296875,2.9529500007629395,0.43075019121170044,0.8222671151161194,0.3719289302825928,28.087421417236328,267.02264404296875,2.9529500007629395,25.19293785095215,259.2283630371094,16.070035934448242,0.1863778531551361,0.5018792748451233,-0.8446184992790222,25.19293785095215,259.2283630371094,16.070035934448242,26.70094108581543,260.3262023925781,29.6287899017334,-0.11018214374780655,-0.08021354675292969,-0.990669310092926
1,11.567291259765625,288.05517578125,27.712844848632812,-0.10461205244064331,0.37033867835998535,-0.16418401896953583,-0.4546855688095093,0.2549325227737427,-0.8533875942230225,31.002592086791992,269.0748596191406,86.77571868896484,135.6055450439453,210.4262237548828,283.102294921875,1110,41.38172912597656,16.309661865234375,0.9938918948173523,266.06890869140625,74.03568267822266,0.9938918948173523,266.06890869140625,74.03568267822266,0.0,0.0,0.0,0.9938918948173523,266.06890869140625,74.03568267822266,-11.966378211975098,264.1594543457031,33.570716857910156,0.30471330881118774,0.04489382728934288,0.9513855576515198,-11.966378211975098,264.1594543457031,33.570716857910156,-10.450602531433105,259.8013916015625,6.894041538238525,-0.05598892271518707,0.16097581386566162,0.9853689670562744,-10.450602531433105,259.8013916015625,6.894041538238525,-2.723686456680298,255.0549774169922,-9.326199531555176,-0.4158044457435608,0.25541627407073975,0.8728512525558472,1111,46.694664001464844,15.578988075256348,7.99267053604126,284.6186218261719,70.18170166015625,-12.482029914855957,298.19085693359375,12.509716033935547,0.3266255855560303,-0.2165130227804184,0.920020580291748,-12.482029914855957,298.19085693359375,12.509716033935547,-16.696697235107422,303.7746887207031,-20.878467559814453,0.12354929745197296,-0.1636851578950882,0.9787455201148987,-16.696697235107422,303.7746887207031,-20.878467559814453,-19.135765075683594,305.123779296875,-39.86689758300781,0.1270882934331894,-0.07029473781585693,0.9893973469734192,-19.135765075683594,305.123779296875,-39.86689758300781,-20.892568588256836,304.806396484375,-53.31532287597656,0.12949666380882263,0.023394770920276642,0.9913039207458496,1112,53.2048225402832,15.300636291503906,17.69711685180664,286.3831787109375,66.60613250732422,6.138253688812256,299.2394104003906,9.729249000549316,0.19444188475608826,-0.21626608073711395,0.9567765593528748,6.138253688812256,299.2394104003906,9.729249000549316,-3.5397849082946777,264.67376708984375,-3.5494654178619385,0.25287291407585144,0.903149425983429,0.34695327281951904,-3.5397849082946777,264.67376708984375,-3.5494654178619385,-0.3956834077835083,253.12672424316406,15.597393989562988,-0.13924747705459595,0.5114009380340576,-0.8479853272438049,-0.3956834077835083,253.12672424316406,15.597393989562988,3.8603475093841553,255.68917846679688,29.667434692382812,-0.2852313816547394,-0.17173098027706146,-0.9429483413696289,1113,51.15785598754883,14.559525489807129,27.69341468811035,285.46905517578125,63.63739776611328,25.289926528930664,296.576171875,11.488375663757324,0.04503200203180313,-0.20810408890247345,0.9770694375038147,25.289926528930664,296.576171875,11.488375663757324,14.65501594543457,264.71990966796875,0.05704859644174576,0.2997714579105377,0.897948145866394,0.32222044467926025,14.65501594543457,264.71990966796875,0.05704859644174576,14.709357261657715,254.12046813964844,19.330793380737305,-0.0024704979732632637,0.48187825083732605,-0.8762347102165222,14.709357261657715,254.12046813964844,19.330793380737305,17.579551696777344,256.3937683105469,33.707454681396484,-0.19346702098846436,-0.15323303639888763,-0.9690666794776917,1114,40.1068115234375,12.93290901184082,37.331336975097656,278.4345703125,61.473175048828125,42.179805755615234,290.0399475097656,13.694171905517578,-0.09813375771045685,-0.23489461839199066,0.9670543670654297,42.179805755615234,290.0399475097656,13.694171905517578,30.17491912841797,266.89971923828125,3.2691893577575684,0.4275837540626526,0.8241965174674988,0.3713115453720093,30.17491912841797,266.89971923828125,3.2691893577575684,27.31681251525879,259.1419677734375,16.415864944458008,0.18403562903404236,0.4995274245738983,-0.8465242385864258,27.31681251525879,259.1419677734375,16.415864944458008,28.827714920043945,260.2929992675781,29.96988296508789,-0.11039397865533829,-0.08410003781318665,-0.9903233647346497
1,13.545056343078613,288.0223083496094,27.900358200073242,-0.09775140136480331,0.37256914377212524,-0.1605120301246643,-0.4502345323562622,0.2531381845474243,-0.85627681016922,32.727378845214844,268.9666748046875,87.02227020263672,136.30633544921875,210.7308349609375,284.0135192871094,1110,41.38172912597656,16.309661865234375,2.81459903717041,265.8342590332031,74.0906982421875,2.81459903717041,265.8342590332031,74.0906982421875,0.0,0.0,0.0,2.81459903717041,265.8342590332031,74.0906982421875,-9.804546356201172,263.9966125488281,33.51473617553711,0.29669296741485596,0.04320552200078964,0.9539950489997864,-9.804546356201172,263.9966125488281,33.51473617553711,-8.020071029663086,259.72308349609375,6.841005325317383,-0.06591400504112244,0.157853364944458,0.9852601885795593,-8.020071029663086,259.72308349609375,6.841005325317383,-0.06657390296459198,255.0480499267578,-9.290202140808105,-0.42799732089042664,0.2515751123428345,0.8680600523948669,1111,46.694664001464844,15.578988075256348,9.744681358337402,284.43023681640625,70.33673095703125,-10.46618938446045,298.0903625488281,12.592482566833496,0.3224168121814728,-0.2179151028394699,0.9211733937263489,-10.46618938446045,298.0903625488281,12.592482566833496,-14.51430892944336,303.6412048339844,-20.82179832458496,0.11866709589958191,-0.16271810233592987,0.979510486125946,-14.51430892944336,303.6412048339844,-20.82179832458496,-16.850473403930664,304.9154052734375,-39.828330993652344,0.12172649800777435,-0.06639257073402405,0.9903406500816345,-16.850473403930664,304.9154052734375,-39.828330993652344,-18.5272216796875,304.5450439453125,-53.285621643066406,0.12359563261270523,0.02729988843202591,0.9919570684432983,1112,53.2048225402832,15.300636291503906,19.460670471191406,286.2535705566406,66.8225326538086,8.164337158203125,299.23846435546875,9.92212963104248,0.19002562761306763,-0.21843039989471436,0.9571720361709595,8.164337158203125,299.23846435546875,9.92212963104248,-1.2753101587295532,264.64166259765625,-3.446773052215576,0.2466440349817276,0.9039632678031921,0.34930965304374695,-1.2753101587295532,264.64166259765625,-3.446773052215576,1.9018347263336182,253.11776733398438,15.70856761932373,-0.1407109647989273,0.5103759765625,-0.8483611345291138,1.9018347263336182,253.11776733398438,15.70856761932373,6.11022424697876,255.7061309814453,29.788192749023438,-0.28203853964805603,-0.17346738278865814,-0.9435906410217285,1113,51.15785598754883,14.559525489807129,29.478105545043945,285.397705078125,63.90817642211914,27.31841468811035,296.66265869140625,11.782342910766602,0.040464188903570175,-0.21106131374835968,0.9766348600387573,27.31841468811035,296.66265869140625,11.782342910766602,16.946434020996094,264.7501220703125,0.26664218306541443,0.29236000776290894,0.8995340466499329,0.3245985805988312,16.946434020996094,264.7501220703125,0.26664218306541443,16.81035804748535,254.2161865234375,19.57585906982422,0.006186369340866804,0.4789002239704132,-0.87784743309021,16.81035804748535,254.2161865234375,19.57585906982422,19.49483299255371,256.53753662109375,33.980690002441406,-0.18094851076602936,-0.1564718782901764,-0.970965564250946,1114,40.1068115234375,12.93290901184082,39.16244888305664,278.4172668457031,61.776519775390625,44.227108001708984,290.2014465332031,14.063763618469238,-0.102509506046772,-0.23851367831230164,0.9657137989997864,44.227108001708984,290.2014465332031,14.063763618469238,32.390968322753906,267.019775390625,3.538395404815674,0.4215734899044037,0.8256727457046509,0.3748871088027954,32.390968322753906,267.019775390625,3.538395404815674,29.518047332763672,259.26025390625,16.6807918548584,0.1849895566701889,0.49964144825935364,-0.8462488651275635,29.518047332763672,259.26025390625,16.6807918548584,30.967926025390625,260.4328308105469,30.239627838134766,-0.10593528300523758,-0.08567424863576889,-0.9906753897666931
1,15.522272109985352,287.8664855957031,28.09439468383789,-0.09204810112714767,0.37193533778190613,-0.15695275366306305,-0.4457944333553314,0.2520359456539154,-0.8589209318161011,34.469146728515625,268.8700866699219,87.3112564086914,137.02664184570312,210.88780212402344,284.9107971191406,1110,41.38172912597656,16.309661865234375,4.644837856292725,265.6290283203125,74.22654724121094,4.644837856292725,265.6290283203125,74.22654724121094,0.0,0.0,0.0,4.644837856292725,265.6290283203125,74.22654724121094,-7.64955472946167,263.7724914550781,33.55187225341797,0.2890576422214508,0.043649666011333466,0.9563160538673401,-7.64955472946167,263.7724914550781,33.55187225341797,-5.631261348724365,259.51544189453125,6.892174243927002,-0.07455064356327057,0.15724463760852814,0.984741747379303,-5.631261348724365,259.51544189453125,6.892174243927002,2.5134336948394775,254.86293029785156,-9.149893760681152,-0.4382861852645874,0.25036314129829407,0.8632633090019226,1111,46.694664001464844,15.578988075256348,11.522275924682617,284.25213623046875,70.51052856445312,-8.45013427734375,297.8451232910156,12.6675386428833,0.318612664937973,-0.21684402227401733,0.9227483868598938,-8.45013427734375,297.8451232910156,12.6675386428833,-12.346837043762207,303.2686462402344,-20.785625457763672,0.11422845721244812,-0.15898586809635162,0.9806504249572754,-12.346837043762207,303.2686462402344,-20.785625457763672,-14.589864730834961,304.42779541015625,-39.810733795166016,0.11687357723712921,-0.060397788882255554,0.9913085699081421,-14.589864730834961,304.42779541015625,-39.810733795166016,-16.194995880126953,303.9755554199219,-53.27425003051758,0.1183166578412056,0.03333529829978943,0.992416262626648,1112,53.2048225402832,15.300636291503906,21.248748779296875,286.1134033203125,67.04554748535156,10.189045906066895,299.065185546875,10.091143608093262,0.1860450953245163,-0.2178734391927719,0.9580806493759155,10.189045906066895,299.065185546875,10.091143608093262,0.9383238554000854,264.4012145996094,-3.2357795238494873,0.24170763790607452,0.9057180881500244,0.34821271896362305,0.9383238554000854,264.4012145996094,-3.2357795238494873,4.179113864898682,252.9663848876953,15.962226867675781,-0.14352969825267792,0.5064314007759094,-0.850250780582428,4.179113864898682,252.9663848876953,15.962226867675781,8.369086265563965,255.6265411376953,30.03396224975586,-0.28080427646636963,-0.17827878892421722,-0.943061888217926,1113,51.15785598754883,14.559525489807129,31.283931732177734,285.2965087890625,64.1814956665039,29.34326934814453,296.56256103515625,12.047286987304688,0.036360446363687515,-0.21108190715312958,0.9767918586730957,29.34326934814453,296.56256103515625,12.047286987304688,19.17471694946289,264.5708923339844,0.5698340535163879,0.2866259813308716,0.9017648696899414,0.32352060079574585,19.17471694946289,264.5708923339844,0.5698340535163879,18.93013572692871,254.14859008789062,19.938472747802734,0.011119299568235874,0.47382500767707825,-0.8805487751960754,18.93013572692871,254.14859008789062,19.938472747802734,21.492603302001953,256.5490417480469,34.35255813598633,-0.17272451519966125,-0.16180375218391418,-0.9715892672538757,1114,40.1068115234375,12.93290901184082,41.0056037902832,278.3536682128906,62.09745788574219,46.26495361328125,290.1658935546875,14.412702560424805,-0.10645007342100143,-0.23908130824565887,0.9651469588279724,46.26495361328125,290.1658935546875,14.412702560424805,34.55095672607422,266.9251403808594,3.8810067176818848,0.4172232151031494,0.8277773857116699,0.3751126229763031,34.55095672607422,266.9251403808594,3.8810067176818848,31.729238510131836,259.1830139160156,17.044754028320312,0.18169242143630981,0.49852097034454346,-0.8476229906082153,31.729238510131836,259.1830139160156,17.044754028320312,33.18301773071289,260.3949890136719,30.599708557128906,-0.10622026771306992,-0.08855286985635757,-0.990391731262207
1,17.524925231933594,288.10498046875,28.254993438720703,-0.06197529286146164,0.3710804283618927,-0.15367482602596283,-0.44075000286102295,0.25242021679878235,-0.8614078164100647,36.170894622802734,269.3088684082031,87.62913513183594,137.56788635253906,211.23818969726562,285.8008117675781,1110,41.38172912597656,16.309661865234375,6.612668037414551,265.44171142578125,74.17119598388672,6.612668037414551,265.44171142578125,74.17119598388672,0.0,0.0,0.0,6.612668037414551,265.44171142578125,74.17119598388672,-5.166491985321045,263.44781494140625,33.35081100463867,0.27694380283355713,0.046879176050424576,0.9597418904304504,-5.166491985321045,263.44781494140625,33.35081100463867,-2.7090814113616943,259.3441467285156,6.703930854797363,-0.09077054262161255,0.1515791416168213,0.9842684864997864,-2.7090814113616943,259.3441467285156,6.703930854797363,5.840826511383057,254.93923950195312,-9.196569442749023,-0.46009156107902527,0.23703889548778534,0.8556450009346008,1111,46.694664001464844,15.578988075256348,13.065008163452148,284.2451171875,70.60356903076172,-6.488930702209473,297.5284423828125,12.546067237854004,0.31193703413009644,-0.2119041383266449,0.9261705875396729,-6.488930702209473,297.5284423828125,12.546067237854004,-10.039083480834961,302.7762145996094,-20.973636627197266,0.10406965017318726,-0.15383389592170715,0.98260098695755,-10.039083480834961,302.7762145996094,-20.973636627197266,-12.035400390625,303.76629638671875,-40.03574752807617,0.10401863604784012,-0.05158848315477371,0.9932365417480469,-12.035400390625,303.76629638671875,-40.03574752807617,-13.432990074157715,303.19854736328125,-53.51801681518555,0.10301847010850906,0.04184965044260025,0.9937986731529236,1112,53.2048225402832,15.300636291503906,22.78566551208496,286.3631286621094,67.27228546142578,12.145452499389648,299.2273254394531,10.218201637268066,0.17898844182491302,-0.21640004217624664,0.9597572684288025,12.145452499389648,299.2273254394531,10.218201637268066,3.9910190105438232,264.3689270019531,-3.3157732486724854,0.21306343376636505,0.9107990264892578,0.35362300276756287,3.9910190105438232,264.3689270019531,-3.3157732486724854,7.177371025085449,253.0525665283203,15.961385726928711,-0.14111870527267456,0.5011844635009766,-0.8537561893463135,7.177371025085449,253.0525665283203,15.961385726928711,11.046111106872559,255.82774353027344,30.10271644592285,-0.2592758536338806,-0.18598727881908417,-0.9477260708808899,1113,51.15785598754883,14.559525489807129,32.87477111816406,285.8096008300781,64.53759002685547,31.329689025878906,297.2021789550781,12.417655944824219,0.028948815539479256,-0.2134525030851364,0.9765244126319885,31.329689025878906,297.2021789550781,12.417655944824219,22.178407669067383,264.95672607421875,0.7950786352157593,0.2579515278339386,0.9089179635047913,0.32761114835739136,22.178407669067383,264.95672607421875,0.7950786352157593,21.739999771118164,254.61294555664062,20.202348709106445,0.019931171089410782,0.4702553451061249,-0.8823053240776062,21.739999771118164,254.61294555664062,20.202348709106445,23.91765022277832,257.13336181640625,34.6591682434082,-0.14678572118282318,-0.16989003121852875,-0.974469780921936,1114,40.1068115234375,12.93290901184082,42.79517364501953,279.1214904785156,62.5597038269043,48.375389099121094,291.2264709472656,14.984964370727539,-0.11294443905353546,-0.2450067102909088,0.9629201889038086,48.375389099121094,291.2264709472656,14.984964370727539,37.371395111083984,267.724365234375,4.269079208374023,0.3919346332550049,0.837086021900177,0.3816729187965393,37.371395111083984,267.724365234375,4.269079208374023,34.65104293823242,259.86236572265625,17.38301658630371,0.17516545951366425,0.5062398314476013,-0.8444159626960754,34.65104293823242,259.86236572265625,17.38301658630371,35.954166412353516,261.0439147949219,30.95596694946289,-0.09521260857582092,-0.08632978051900864,-0.9917064905166626
1,19.53120994567871,288.25634765625,28.37322998046875,-0.040293138474226,0.3701827824115753,-0.14809225499629974,-0.43621763586997986,0.251211553812027,-0.8640642166137695,37.788246154785156,269.61468505859375,87.91532135009766,138.14254760742188,211.8220672607422,286.6980895996094,1110,41.38172912597656,16.309661865234375,8.450119972229004,265.3141174316406,74.11011505126953,8.450119972229004,265.3141174316406,74.11011505126953,0.0,0.0,0.0,8.450119972229004,265.3141174316406,74.11011505126953,-2.846195936203003,263.2337646484375,33.15777587890625,0.26559144258499146,0.048911869525909424,0.9628440737724304,-2.846195936203003,263.2337646484375,33.15777587890625,-0.030253460630774498,259.24365234375,6.5291314125061035,-0.10401380807161331,0.1473846733570099,0.9835948944091797,-0.030253460630774498,259.24365234375,6.5291314125061035,8.839859962463379,255.0110626220703,-9.242237091064453,-0.4773228168487549,0.22776615619659424,0.8486964702606201,1111,46.694664001464844,15.578988075256348,14.622872352600098,284.2323913574219,70.6568832397461,-4.447330474853516,297.3011169433594,12.390148162841797,0.3042201101779938,-0.20848071575164795,0.9295084476470947,-4.447330474853516,297.3011169433594,12.390148162841797,-7.646063327789307,302.3395690917969,-21.196985244750977,0.09376805275678635,-0.1476978212594986,0.984577476978302,-7.646063327789307,302.3395690917969,-21.196985244750977,-9.405353546142578,303.1171569824219,-40.292266845703125,0.09166830778121948,-0.040516432374715805,0.9949649572372437,-9.405353546142578,303.1171569824219,-40.292266845703125,-10.61234188079834,302.39337158203125,-53.78547286987305,0.08896893262863159,0.05335131287574768,0.9946045279502869,1112,53.2048225402832,15.300636291503906,24.3457088470459,286.5230712890625,67.44847106933594,14.182223320007324,299.3228759765625,10.293084144592285,0.17096902430057526,-0.21531689167022705,0.96146160364151,14.182223320007324,299.3228759765625,10.293084144592285,6.837602138519287,264.333984375,-3.367318868637085,0.19190412759780884,0.914208173751831,0.35692620277404785,6.837602138519287,264.333984375,-3.367318868637085,9.882513999938965,253.13693237304688,16.002151489257812,-0.1348545104265213,0.49590039253234863,-0.8578444123268127,9.882513999938965,253.13693237304688,16.002151489257812,13.456865310668945,256.0009765625,30.203113555908203,-0.23954644799232483,-0.1919429749250412,-0.9517223238945007,1113,51.15785598754883,14.559525489807129,34.475341796875,286.14764404296875,64.8360824584961,33.37009811401367,297.6210632324219,12.722699165344238,0.020707957446575165,-0.21496714651584625,0.976401686668396,33.37009811401367,297.6210632324219,12.722699165344238,24.96434211730957,265.20068359375,1.0238924026489258,0.2369370460510254,0.9138486981391907,0.3297598361968994,24.96434211730957,265.20068359375,1.0238924026489258,24.268274307250977,254.95945739746094,20.477968215942383,0.03164505958557129,0.4655928909778595,-0.8844330310821533,24.268274307250977,254.95945739746094,20.477968215942383,26.094707489013672,257.584228515625,34.96482467651367,-0.12311172485351562,-0.17692412436008453,-0.9764944314956665,1114,40.1068115234375,12.93290901184082,44.53201675415039,279.6340637207031,62.96683883666992,50.48299789428711,291.9319763183594,15.486607551574707,-0.12044878304004669,-0.24891166388988495,0.961007297039032,50.48299789428711,291.9319763183594,15.486607551574707,39.9968147277832,268.25323486328125,4.641111850738525,0.37349140644073486,0.8433770537376404,0.38628917932510376,39.9968147277832,268.25323486328125,4.641111850738525,37.31568908691406,260.32696533203125,17.72439193725586,0.17263972759246826,0.5103785395622253,-0.8424424529075623,37.31568908691406,260.32696533203125,17.72439193725586,38.48046112060547,261.4952392578125,31.311059951782227,-0.08510398864746094,-0.0853598564863205,-0.9927089810371399
1,21.446876525878906,288.2449035644531,28.55352783203125,-0.028762085363268852,0.3656953275203705,-0.14362561702728271,-0.43203145265579224,0.24918808043003082,-0.8667491674423218,39.41432189941406,269.899169921875,88.27418518066406,138.80557250976562,212.5720672607422,287.6746520996094,1110,41.38172912597656,16.309661865234375,10.218013763427734,265.3442687988281,74.27520751953125,10.218013763427734,265.3442687988281,74.27520751953125,0.0,0.0,0.0,10.218013763427734,265.3442687988281,74.27520751953125,-0.7586382627487183,263.0556640625,33.24711990356445,0.2580757439136505,0.05380815267562866,0.9646251201629639,-0.7586382627487183,263.0556640625,33.24711990356445,2.2918291091918945,259.0150451660156,6.651944637298584,-0.11267655342817307,0.14925023913383484,0.9823585152626038,2.2918291091918945,259.0150451660156,6.651944637298584,11.393865585327148,254.80014038085938,-8.991501808166504,-0.4898030757904053,0.22681443393230438,0.8418124914169312,1111,46.694664001464844,15.578988075256348,16.253599166870117,284.30474853515625,70.81102752685547,-2.487039566040039,297.03466796875,12.362639427185059,0.29896271228790283,-0.2030758559703827,0.9324062466621399,-2.487039566040039,297.03466796875,12.362639427185059,-5.442558765411377,301.7947692871094,-21.287315368652344,0.08663847297430038,-0.1395382285118103,0.986419141292572,-5.442558765411377,301.7947692871094,-21.287315368652344,-7.042192459106445,302.3250427246094,-40.405094146728516,0.08334936946630478,-0.027630047872662544,0.9961373209953308,-7.042192459106445,302.3250427246094,-40.405094146728516,-8.12401008605957,301.4109191894531,-53.89736557006836,0.07974240183830261,0.06738141924142838,0.9945355653762817,1112,53.2048225402832,15.300636291503906,25.9803466796875,286.669677734375,67.66905975341797,16.13974952697754,299.2109069824219,10.399953842163086,0.16553741693496704,-0.21096713840961456,0.9633744359016418,16.13974952697754,299.2109069824219,10.399953842163086,9.250561714172363,264.11083984375,-3.2124483585357666,0.18000428378582,0.9171128273010254,0.3556719422340393,9.250561714172363,264.11083984375,-3.2124483585357666,12.1023530960083,253.0682373046875,16.27471351623535,-0.126301571726799,0.48906034231185913,-0.8630572557449341,12.1023530960083,253.0682373046875,16.27471351623535,15.447371482849121,256.0306396484375,30.511323928833008,-0.22417697310447693,-0.19853475689888,-0.9541113972663879,1113,51.15785598754883,14.559525489807129,36.1323127746582,286.3739318847656,65.13426971435547,35.322635650634766,297.6820373535156,12.979344367980957,0.015170196071267128,-0.21186985075473785,0.9771801829338074,35.322635650634766,297.6820373535156,12.979344367980957,27.339319229125977,265.1233215332031,1.3692371845245361,0.22502970695495605,0.9177486896514893,0.3272598683834076,27.339319229125977,265.1233215332031,1.3692371845245361,26.348979949951172,255.0557098388672,20.901023864746094,0.04502341151237488,0.4576999247074127,-0.8879660367965698,26.348979949951172,255.0557098388672,20.901023864746094,27.88971519470215,257.8168029785156,35.3957405090332,-0.10385408252477646,-0.18611297011375427,-0.9770241379737854,1114,40.1068115234375,12.93290901184082,46.25855255126953,279.94189453125,63.36075210571289,52.46248245239258,292.1492004394531,15.889512062072754,-0.12556849420070648,-0.24707774817943573,0.9608252048492432,52.46248245239258,292.1492004394531,15.889512062072754,42.2584342956543,268.3424987792969,5.055018424987793,0.36344239115715027,0.8479344844818115,0.3858972489833832,42.2584342956543,268.3424987792969,5.055018424987793,39.562374114990234,260.4395446777344,18.149351119995117,0.1736011803150177,0.5088766813278198,-0.8431531190872192,39.562374114990234,260.4395446777344,18.149351119995117,40.620506286621094,261.64801025390625,31.74123191833496,-0.07731232047080994,-0.08829642087221146,-0.9930894374847412
1,23.363296508789062,288.18267822265625,28.797374725341797,-0.013556120917201042,0.36305132508277893,-0.1406591534614563,-0.42843887209892273,0.2468383014202118,-0.8692013621330261,41.10342788696289,270.06866455078125,88.65557861328125,139.66818237304688,213.28211975097656,288.62017822265625,1110,41.38172912597656,16.309661865234375,12.073290824890137,265.1769104003906,74.45116424560547,12.073290824890137,265.1769104003906,74.45116424560547,0.0,0.0,0.0,12.073290824890137,265.1769104003906,74.45116424560547,1.381164312362671,262.7574768066406,33.35550308227539,0.2513861656188965,0.05688411369919777,0.9662138819694519,1.381164312362671,262.7574768066406,33.35550308227539,4.639349460601807,258.7544250488281,6.779295921325684,-0.12034915387630463,0.14786265790462494,0.9816581606864929,4.639349460601807,258.7544250488281,6.779295921325684,13.961989402770996,254.6358184814453,-8.759542465209961,-0.5016741752624512,0.22163234651088715,0.8361831307411194,1111,46.694664001464844,15.578988075256348,17.900325775146484,284.20806884765625,71.01763153076172,-0.5544437766075134,296.6649475097656,12.419633865356445,0.29440227150917053,-0.19872009754180908,0.9347927570343018,-0.5544437766075134,296.6649475097656,12.419633865356445,-3.2603347301483154,301.27880859375,-21.271663665771484,0.07932083308696747,-0.13525131344795227,0.98763108253479,-3.2603347301483154,301.27880859375,-21.271663665771484,-4.688444137573242,301.6593322753906,-40.406585693359375,0.074412040412426,-0.01982729136943817,0.9970304369926453,-4.688444137573242,301.6593322753906,-40.406585693359375,-5.632497787475586,300.62811279296875,-53.900753021240234,0.06958763301372528,0.0760127604007721,0.9946756362915039,1112,53.2048225402832,15.300636291503906,27.62057113647461,286.6907958984375,67.94718933105469,18.058340072631836,299.0696716308594,10.59567642211914,0.1608547866344452,-0.20823608338832855,0.9647607803344727,18.058340072631836,299.0696716308594,10.59567642211914,11.764609336853027,263.87506103515625,-3.060791254043579,0.16444601118564606,0.9195838570594788,0.356823593378067,11.764609336853027,263.87506103515625,-3.060791254043579,14.423236846923828,252.93426513671875,16.510934829711914,-0.11774657666683197,0.48455125093460083,-0.8668020367622375,14.423236846923828,252.93426513671875,16.510934829711914,17.504880905151367,255.96726989746094,30.792055130004883,-0.20652611553668976,-0.20326639711856842,-0.9570943713188171,1113,51.15785598754883,14.559525489807129,37.79425048828125,286.5186767578125,65.48922729492188,37.23862838745117,297.7796630859375,13.320775985717773,0.010410193353891373,-0.21098700165748596,0.977433443069458,37.23862838745117,297.7796630859375,13.320775985717773,29.80509376525879,265.09356689453125,1.7034748792648315,0.20953255891799927,0.9213384389877319,0.3274623453617096,29.80509376525879,265.09356689453125,1.7034748792648315,28.521089553833008,255.12765502929688,21.270288467407227,0.058374181389808655,0.4530763626098633,-0.8895584344863892,28.521089553833008,255.12765502929688,21.270288467407227,29.744369506835938,257.9845275878906,35.776702880859375,-0.08245586603879929,-0.1925690919160843,-0.9778129458427429,1114,40.1068115234375,12.93290901184082,48.01221466064453,280.2109375,63.79714584350586,54.42301940917969,292.4609069824219,16.364404678344727,-0.12975570559501648,-0.24794131517410278,0.960046112537384,54.42301940917969,292.4609069824219,16.364404678344727,44.60039520263672,268.5226745605469,5.46739387512207,0.34985706210136414,0.8526194095611572,0.388124018907547,44.60039520263672,268.5226745605469,5.46739387512207,41.88420104980469,260.60308837890625,18.547489166259766,0.17489778995513916,0.5099481344223022,-0.8422372341156006,41.88420104980469,260.60308837890625,18.547489166259766,42.80368423461914,261.8276062011719,32.14801025390625,-0.06718198210000992,-0.08946932107210159,-0.9937212467193604
1,25.294492721557617,288.2607116699219,29.10045051574707,-0.008571011945605278,0.36274662613868713,-0.13558906316757202,-0.4254515469074249,0.24503806233406067,-0.8711758255958557,42.734806060791016,270.1834716796875,89.05778503417969,140.6123046875,213.81109619140625,289.47662353515625,1110,41.38172912597656,16.309661865234375,13.788702964782715,265.2105407714844,74.67790985107422,13.788702964782715,265.2105407714844,74.67790985107422,0.0,0.0,0.0,13.788702964782715,265.2105407714844,74.67790985107422,3.347564220428467,262.8057861328125,33.516910552978516,0.24548515677452087,0.05653900280594826,0.9677501916885376,3.347564220428467,262.8057861328125,33.516910552978516,6.765614032745361,258.8361511230469,6.955769062042236,-0.1262541115283966,0.146628275513649,0.9811014533042908,6.765614032745361,258.8361511230469,6.955769062042236,16.24582862854004,254.74342346191406,-8.49431324005127,-0.5101537108421326,0.2202397584915161,0.8314070105552673,1111,46.694664001464844,15.578988075256348,19.585386276245117,284.2583312988281,71.28550720214844,1.4541661739349365,296.6838073730469,12.579937934875488,0.28924083709716797,-0.1982191652059555,0.9365088939666748,1.4541661739349365,296.6838073730469,12.579937934875488,-1.0352849960327148,301.2122497558594,-21.139625549316406,0.07297610491514206,-0.1327473670244217,0.9884597063064575,-1.0352849960327148,301.2122497558594,-21.139625549316406,-2.329444169998169,301.4463195800781,-40.28642654418945,0.06743251532316208,-0.012196272611618042,0.9976493120193481,-2.329444169998169,301.4463195800781,-40.28642654418945,-3.1742377281188965,300.2978820800781,-53.777706146240234,0.06227101758122444,0.08465307950973511,0.9944627285003662,1112,53.2048225402832,15.300636291503906,29.317432403564453,286.7680969238281,68.27500915527344,20.07118034362793,299.1390686035156,10.870004653930664,0.15553942322731018,-0.20810312032699585,0.9656606316566467,20.07118034362793,299.1390686035156,10.870004653930664,14.003127098083496,263.9322509765625,-2.8570127487182617,0.15854930877685547,0.9199023246765137,0.3586667776107788,14.003127098083496,263.9322509765625,-2.8570127487182617,16.42186737060547,253.04026794433594,16.772958755493164,-0.10712238401174545,0.4823895990848541,-0.8693819642066956,16.42186737060547,253.04026794433594,16.772958755493164,19.30952262878418,256.086669921875,31.091718673706055,-0.19352535903453827,-0.2041642665863037,-0.959617018699646,1113,51.15785598754883,14.559525489807129,39.506309509277344,286.6240539550781,65.87896728515625,39.2379264831543,297.8996887207031,13.71141242980957,0.005028451792895794,-0.21126143634319305,0.9774166345596313,39.2379264831543,297.8996887207031,13.71141242980957,32.009220123291016,265.1829528808594,2.0512032508850098,0.20375899970531464,0.9222022891044617,0.3286719024181366,32.009220123291016,265.1829528808594,2.0512032508850098,30.422922134399414,255.29293823242188,21.63433837890625,0.07211727648973465,0.44962605834007263,-0.8903008103370667,30.422922134399414,255.29293823242188,21.63433837890625,31.41423225402832,258.198486328125,36.14878845214844,-0.06681980937719345,-0.19585008919239044,-0.9783546328544617,1114,40.1068115234375,12.93290901184082,49.751285552978516,280.34429931640625,64.24725341796875,56.417701721191406,292.62615966796875,16.858009338378906,-0.13492928445339203,-0.2485867440700531,0.959165632724762,56.417701721191406,292.62615966796875,16.858009338378906,46.73123550415039,268.6721496582031,5.874133586883545,0.34500744938850403,0.8531813621520996,0.3912178874015808,46.73123550415039,268.6721496582031,5.874133586883545,43.94575881958008,260.74847412109375,18.93718719482422,0.1793588101863861,0.5102110505104065,-0.8411391973495483,43.94575881958008,260.74847412109375,18.93718719482422,44.76374816894531,261.96197509765625,32.54518127441406,-0.059766318649053574,-0.08866433799266815,-0.9942668676376343
1,27.2332820892334,288.3889465332031,29.464143753051758,-0.007177136838436127,0.3613334000110626,-0.13195401430130005,-0.4220755398273468,0.2443777173757553,-0.8730015754699707,44.45652770996094,270.3832702636719,89.50563049316406,141.55735778808594,214.16282653808594,290.3445129394531,1110,41.38172912597656,16.309661865234375,15.56490707397461,265.395263671875,75.02881622314453,15.56490707397461,265.395263671875,75.02881622314453,0.0,0.0,0.0,15.56490707397461,265.395263671875,75.02881622314453,5.29661226272583,262.95068359375,33.82669448852539,0.24142132699489594,0.057475343346595764,0.9687169194221497,5.29661226272583,262.95068359375,33.82669448852539,8.816173553466797,258.9554748535156,7.282653331756592,-0.13000370562076569,0.14757291972637177,0.980469822883606,8.816173553466797,258.9554748535156,7.282653331756592,18.40401268005371,254.83824157714844,-8.09433364868164,-0.5159451961517334,0.22155845165252686,0.827473521232605,1111,46.694664001464844,15.578988075256348,21.373075485229492,284.43902587890625,71.6334228515625,3.4520645141601562,296.79046630859375,12.847740173339844,0.2858874499797821,-0.19703809916973114,0.937786877155304,3.4520645141601562,296.79046630859375,12.847740173339844,1.105964183807373,301.27532958984375,-20.88792610168457,0.06877388805150986,-0.13146986067295074,0.9889315962791443,1.105964183807373,301.27532958984375,-20.88792610168457,-0.10325893759727478,301.4090881347656,-40.04124069213867,0.06300690770149231,-0.006969525944441557,0.997988760471344,-0.10325893759727478,301.4090881347656,-40.04124069213867,-0.8872431516647339,300.17620849609375,-53.52873992919922,0.0577886626124382,0.09087742865085602,0.9941840171813965,1112,53.2048225402832,15.300636291503906,31.11577033996582,286.9454040527344,68.65471649169922,22.07500648498535,299.24432373046875,11.201510429382324,0.15208272635936737,-0.20689105987548828,0.9664714336395264,22.07500648498535,299.24432373046875,11.201510429382324,16.10155487060547,264.0364990234375,-2.5643582344055176,0.15607750415802002,0.9199286699295044,0.3596819043159485,16.10155487060547,264.0364990234375,-2.5643582344055176,18.29182243347168,253.19093322753906,17.118074417114258,-0.09700363129377365,0.48033368587493896,-0.8717051148414612,18.29182243347168,253.19093322753906,17.118074417114258,21.02619743347168,256.2491760253906,31.464378356933594,-0.18325278162956238,-0.20495779812335968,-0.9614628553390503,1113,51.15785598754883,14.559525489807129,41.31317901611328,286.7987365722656,66.29539489746094,41.231483459472656,298.00921630859375,14.113175392150879,0.001530656241811812,-0.21004068851470947,0.9776914119720459,41.231483459472656,298.00921630859375,14.113175392150879,34.09803771972656,265.27606201171875,2.4403789043426514,0.20107384026050568,0.9226650595664978,0.3290266990661621,34.09803771972656,265.27606201171875,2.4403789043426514,32.20675277709961,255.47225952148438,22.0397891998291,0.08598273992538452,0.44570639729499817,-0.8910402655601501,32.20675277709961,255.47225952148438,22.0397891998291,32.99386215209961,258.4281311035156,36.55659103393555,-0.0530555360019207,-0.19924212992191315,-0.9785129427909851,1114,40.1068115234375,12.93290901184082,51.564151763916016,280.5173645019531,64.70828247070312,58.40004348754883,292.7402648925781,17.32794189453125,-0.13835951685905457,-0.2473934143781662,0.9589855074882507,58.40004348754883,292.7402648925781,17.32794189453125,48.7771110534668,268.7848205566406,6.291460037231445,0.34274446964263916,0.8532322645187378,0.3930915296077728,48.7771110534668,268.7848205566406,6.291460037231445,45.86445617675781,260.8924865722656,19.345739364624023,0.187547966837883,0.5081931352615356,-0.8405745029449463,45.86445617675781,260.8924865722656,19.345739364624023,46.55837631225586,262.1183776855469,32.95951461791992,-0.050701212137937546,-0.08956962078809738,-0.9946892261505127
1,29.138683319091797,288.40753173828125,29.815597534179688,-0.004177413880825043,0.3640612065792084,-0.12996190786361694,-0.4188961088657379,0.2435171753168106,-0.8747716546058655,46.21405792236328,270.2759704589844,89.86236572265625,142.58343505859375,214.2534942626953,291.10845947265625,1110,41.38172912597656,16.309661865234375,17.38449478149414,265.2514343261719,75.27583312988281,17.38449478149414,265.2514343261719,75.27583312988281,0.0,0.0,0.0,17.38449478149414,265.2514343261719,75.27583312988281,7.2348480224609375,262.92572021484375,34.03744888305664,0.2386317402124405,0.05468064546585083,0.9695695042610168,7.2348480224609375,262.92572021484375,34.03744888305664,10.841439247131348,259.02325439453125,7.491291522979736,-0.13321837782859802,0.14414723217487335,0.9805480241775513,10.841439247131348,259.02325439453125,7.491291522979736,20.54242706298828,254.96353149414062,-7.82991886138916,-0.5220339894294739,0.21846367418766022,0.8244720101356506,1111,46.694664001464844,15.578988075256348,23.165626525878906,284.316650390625,71.9555892944336,5.388896465301514,296.81451416015625,13.157049179077148,0.2835858166217804,-0.19937396049499512,0.9379920959472656,5.388896465301514,296.81451416015625,13.157049179077148,3.158468246459961,301.3380126953125,-20.58130645751953,0.06538305431604385,-0.13260240852832794,0.9890104532241821,3.158468246459961,301.3380126953125,-20.58130645751953,2.0232651233673096,301.4208068847656,-39.739437103271484,0.059150081127882004,-0.004314014688134193,0.9982398748397827,2.0232651233673096,301.4208068847656,-39.739437103271484,1.294638991355896,300.14447021484375,-53.22599792480469,0.05370813608169556,0.09408070892095566,0.9941148161888123,1112,53.2048225402832,15.300636291503906,32.91194534301758,286.8508605957031,69.01250457763672,24.011703491210938,299.30914306640625,11.571695327758789,0.14971886575222015,-0.20957182347774506,0.9662628769874573,24.011703491210938,299.30914306640625,11.571695327758789,18.206356048583984,264.13916015625,-2.3618271350860596,0.15168514847755432,0.9189397096633911,0.3640623688697815,18.206356048583984,264.13916015625,-2.3618271350860596,20.163623809814453,253.2766571044922,17.33579444885254,-0.08668447285890579,0.48108404874801636,-0.8723782896995544,20.163623809814453,253.2766571044922,17.33579444885254,22.723512649536133,256.30194091796875,31.72122573852539,-0.17155905067920685,-0.20274896919727325,-0.9640852212905884,1113,51.15785598754883,14.559525489807129,43.11631393432617,286.7310485839844,66.68196105957031,43.16212463378906,298.1018371582031,14.534393310546875,-0.0008583139278925955,-0.21304425597190857,0.9770421385765076,43.16212463378906,298.1018371582031,14.534393310546875,36.181034088134766,265.3882141113281,2.715634822845459,0.19677932560443878,0.9221144914627075,0.3331409692764282,36.181034088134766,265.3882141113281,2.715634822845459,34.005191802978516,255.59368896484375,22.29013442993164,0.09891949594020844,0.44528481364250183,-0.8899080753326416,34.005191802978516,255.59368896484375,22.29013442993164,34.585289001464844,258.5458984375,36.817420959472656,-0.03910178318619728,-0.19899536669254303,-0.9792200922966003,1114,40.1068115234375,12.93290901184082,53.38386917114258,280.4742431640625,65.10491180419922,60.33155059814453,292.8559875488281,17.782108306884766,-0.14062213897705078,-0.2506084144115448,0.9578208327293396,60.33155059814453,292.8559875488281,17.782108306884766,50.81670379638672,268.92669677734375,6.596196174621582,0.338894784450531,0.8523008227348328,0.39841389656066895,50.81670379638672,268.92669677734375,6.596196174621582,47.777610778808594,261.0242614746094,19.615488052368164,0.19568946957588196,0.508843719959259,-0.8383219242095947,47.777610778808594,261.0242614746094,19.615488052368164,48.33665466308594,262.22760009765625,33.23747634887695,-0.04084649682044983,-0.08792184293270111,-0.9952895045280457
1,31.026264190673828,288.4644775390625,30.077342987060547,0.00022474955767393112,0.3590030372142792,-0.1287890523672104,-0.41590937972068787,0.24428369104862213,-0.8759822249412537,48.01008605957031,270.6106872558594,90.23177337646484,143.69235229492188,214.41188049316406,291.7563781738281,1110,41.38172912597656,16.309661865234375,19.25053596496582,265.4740905761719,75.61603546142578,19.25053596496582,265.4740905761719,75.61603546142578,0.0,0.0,0.0,19.25053596496582,265.4740905761719,75.61603546142578,9.198535919189453,262.9422607421875,34.365875244140625,0.23633594810962677,0.059526700526475906,0.9698463678359985,9.198535919189453,262.9422607421875,34.365875244140625,12.877701759338379,258.93988037109375,7.844566345214844,-0.13589909672737122,0.147837832570076,0.979630172252655,12.877701759338379,258.93988037109375,7.844566345214844,22.676530838012695,254.83978271484375,-7.403456211090088,-0.5272991061210632,0.22063633799552917,0.8205335736274719,1111,46.694664001464844,15.578988075256348,24.97176170349121,284.54437255859375,72.2219467163086,7.284894943237305,296.7112731933594,13.3269624710083,0.2821522057056427,-0.19409418106079102,0.9395304322242737,7.284894943237305,296.7112731933594,13.3269624710083,5.141203880310059,301.0431213378906,-20.442148208618164,0.06284043937921524,-0.1269843578338623,0.9899120926856995,5.141203880310059,301.0431213378906,-20.442148208618164,4.067621231079102,300.948974609375,-39.60377883911133,0.05593932047486305,0.004905541427433491,0.9984220862388611,4.067621231079102,300.948974609375,-39.60377883911133,3.3877599239349365,299.53961181640625,-53.07963562011719,0.05011361092329025,0.10388627648353577,0.9933258891105652,1112,53.2048225402832,15.300636291503906,34.71573257446289,287.0997009277344,69.28937530517578,25.902326583862305,299.2646789550781,11.772358894348145,0.14825811982154846,-0.20463788509368896,0.9675447940826416,25.902326583862305,299.2646789550781,11.772358894348145,20.297115325927734,264.0274353027344,-2.0728952884674072,0.14645589888095856,0.9206971526145935,0.36175602674484253,20.297115325927734,264.0274353027344,-2.0728952884674072,22.096397399902344,253.28729248046875,17.706727981567383,-0.07968748360872269,0.4756647050380707,-0.8760096430778503,22.096397399902344,253.28729248046875,17.706727981567383,24.515140533447266,256.3853454589844,32.10109329223633,-0.16209973394870758,-0.2076258361339569,-0.9646839499473572,1113,51.15785598754883,14.559525489807129,44.92574691772461,287.0054626464844,66.98248291015625,45.05009841918945,298.1387939453125,14.78382682800293,-0.002329862443730235,-0.20859523117542267,0.9779992699623108,45.05009841918945,298.1387939453125,14.78382682800293,38.25388717651367,265.3544616699219,3.053539752960205,0.19156797230243683,0.9241072535514832,0.3306470811367035,38.25388717651367,265.3544616699219,3.053539752960205,35.89314651489258,255.69100952148438,22.671710968017578,0.1073254644870758,0.43932589888572693,-0.8918935656547546,35.89314651489258,255.69100952148438,22.671710968017578,36.3165397644043,258.7366638183594,37.18511962890625,-0.02853904850780964,-0.20529396831989288,-0.9782841205596924,1114,40.1068115234375,12.93290901184082,55.21892547607422,280.7779846191406,65.45720672607422,62.23052978515625,292.96868896484375,18.09425163269043,-0.14191597700119019,-0.24674178659915924,0.9586336612701416,62.23052978515625,292.96868896484375,18.09425163269043,52.85126495361328,268.973388671875,6.935258865356445,0.33406564593315125,0.8546518087387085,0.3974550664424896,52.85126495361328,268.973388671875,6.935258865356445,49.73891830444336,261.1397705078125,19.978803634643555,0.20040640234947205,0.5044127106666565,-0.8398839235305786,49.73891830444336,261.1397705078125,19.978803634643555,50.197628021240234,262.413818359375,33.59811019897461,-0.03351559117436409,-0.09308820962905884,-0.995093584060669
1,32.94168472290039,288.5788269042969,30.3742733001709,0.005664434749633074,0.3545334041118622,-0.1265825629234314,-0.41289064288139343,0.24449032545089722,-0.8773515820503235,49.77603530883789,270.9786682128906,90.64391326904297,144.76382446289062,214.7322998046875,292.4835205078125,1110,41.38172912597656,16.309661865234375,21.09935188293457,265.71539306640625,75.95960235595703,21.09935188293457,265.71539306640625,75.95960235595703,0.0,0.0,0.0,21.09935188293457,265.71539306640625,75.95960235595703,11.185747146606445,263.00555419921875,34.6872673034668,0.23308208584785461,0.06371193379163742,0.9703677296638489,11.185747146606445,263.00555419921875,34.6872673034668,14.943239212036133,258.93133544921875,8.187886238098145,-0.1387922763824463,0.1504913568496704,0.978820264339447,14.943239212036133,258.93133544921875,8.187886238098145,24.826557159423828,254.81362915039062,-7.000739097595215,-0.5318458080291748,0.22158396244049072,0.8173375129699707,1111,46.694664001464844,15.578988075256348,26.754005432128906,284.79595947265625,72.51207733154297,9.226094245910645,296.66290283203125,13.50847339630127,0.27961650490760803,-0.18930909037590027,0.9412633180618286,9.226094245910645,296.66290283203125,13.50847339630127,7.19450044631958,300.8545837402344,-20.28525161743164,0.05955440178513527,-0.12287547439336777,0.9906335473060608,7.19450044631958,300.8545837402344,-20.28525161743164,6.198451519012451,300.6221008300781,-39.44989013671875,0.05189940705895424,0.012113586999475956,0.9985787868499756,6.198451519012451,300.6221008300781,-39.44989013671875,5.579036712646484,299.1119384765625,-52.91773986816406,0.04565800353884697,0.11131635308265686,0.9927356243133545,1112,53.2048225402832,15.300636291503906,36.497711181640625,287.3802185058594,69.60406494140625,27.83824920654297,299.2872009277344,12.009730339050293,0.14566850662231445,-0.20029793679714203,0.9688454866409302,27.83824920654297,299.2872009277344,12.009730339050293,22.46891212463379,264.00128173828125,-1.8049678802490234,0.1402929127216339,0.9219693541526794,0.3609578013420105,22.46891212463379,264.00128173828125,-1.8049678802490234,24.08662223815918,253.33401489257812,18.029701232910156,-0.07164593040943146,0.4724371135234833,-0.8784474730491638,24.08662223815918,253.33401489257812,18.029701232910156,26.34320640563965,256.46673583984375,32.44288635253906,-0.15123213827610016,-0.20994921028614044,-0.9659452438354492,1113,51.15785598754883,14.559525489807129,46.71613693237305,287.31927490234375,67.3335952758789,46.979698181152344,298.25201416015625,15.093084335327148,-0.004938111174851656,-0.20483694970607758,0.9787836670875549,46.979698181152344,298.25201416015625,15.093084335327148,40.38471984863281,265.4140930175781,3.3980040550231934,0.18589593470096588,0.9256187677383423,0.3296550214290619,40.38471984863281,265.4140930175781,3.3980040550231934,37.9081916809082,255.82034301757812,23.03610610961914,0.11258944123983383,0.4361569285392761,-0.8927993774414062,37.9081916809082,255.82034301757812,23.03610610961914,38.211483001708984,258.92156982421875,37.54074478149414,-0.020443523302674294,-0.20903995633125305,-0.9776933789253235,1114,40.1068115234375,12.93290901184082,57.04021453857422,281.1285705566406,65.86873626708984,64.16942596435547,293.1657409667969,18.48406982421875,-0.144296333193779,-0.2436341792345047,0.9590729475021362,64.16942596435547,293.1657409667969,18.48406982421875,54.964019775390625,269.1099548339844,7.310496807098389,0.3278730511665344,0.8568056225776672,0.3979741036891937,54.964019775390625,269.1099548339844,7.310496807098389,51.733375549316406,261.33465576171875,20.360183715820312,0.2080235481262207,0.5006572008132935,-0.8402788639068604,51.733375549316406,261.33465576171875,20.360183715820312,52.04697036743164,262.6744689941406,33.977294921875,-0.022912779822945595,-0.09789334237575531,-0.9949330687522888
1,34.87337875366211,288.82696533203125,30.69002914428711,0.0075657968409359455,0.3518085181713104,-0.1231992244720459,-0.4095107316970825,0.24462662637233734,-0.8788963556289673,51.503089904785156,271.3651123046875,91.0558853149414,145.71331787109375,215.08740234375,293.2508850097656,1110,41.38172912597656,16.309661865234375,22.885875701904297,266.0708312988281,76.29109191894531,22.885875701904297,266.0708312988281,76.29109191894531,0.0,0.0,0.0,22.885875701904297,266.0708312988281,76.29109191894531,13.12675952911377,263.24127197265625,34.989986419677734,0.22944988310337067,0.06652672588825226,0.9710443019866943,13.12675952911377,263.24127197265625,34.989986419677734,16.980546951293945,259.09893798828125,8.515005111694336,-0.14234918355941772,0.1530073583126068,0.9779189825057983,16.980546951293945,259.09893798828125,8.515005111694336,26.959514617919922,254.9423065185547,-6.6003031730651855,-0.5369928479194641,0.2236785739660263,0.8133919835090637,1111,46.694664001464844,15.578988075256348,28.540847778320312,285.14617919921875,72.81534576416016,11.211904525756836,296.8539123535156,13.721235275268555,0.27644243836402893,-0.1867692917585373,0.9427072405815125,11.211904525756836,296.8539123535156,13.721235275268555,9.292771339416504,300.9928894042969,-20.085556030273438,0.0562577098608017,-0.12133049219846725,0.9910165667533875,9.292771339416504,300.9928894042969,-20.085556030273438,8.365107536315918,300.679443359375,-39.25247573852539,0.048336178064346313,0.016332192346453667,0.9986975789070129,8.365107536315918,300.679443359375,-39.25247573852539,7.795149326324463,299.1055603027344,-52.7152099609375,0.04201249033212662,0.11601332575082779,0.9923587441444397,1112,53.2048225402832,15.300636291503906,38.29306411743164,287.72918701171875,69.93489074707031,29.82756996154785,299.4859924316406,12.280899047851562,0.14240559935569763,-0.19777168333530426,0.9698490500450134,29.82756996154785,299.4859924316406,12.280899047851562,24.557430267333984,264.19525146484375,-1.5596946477890015,0.13770096004009247,0.9220949411392212,0.3616342544555664,24.557430267333984,264.19525146484375,-1.5596946477890015,25.994699478149414,253.5606231689453,18.306360244750977,-0.06365451216697693,0.4709918200969696,-0.8798379302024841,25.994699478149414,253.5606231689453,18.306360244750977,28.124542236328125,256.6949768066406,32.738460540771484,-0.1427381932735443,-0.21005867421627045,-0.9672130942344666,1113,51.15785598754883,14.559525489807129,48.5193977355957,287.66888427734375,67.70027923583984,48.958763122558594,298.470458984375,15.433669090270996,-0.00823199562728405,-0.20237942039966583,0.9792726039886475,48.958763122558594,298.470458984375,15.433669090270996,42.43277359008789,265.62646484375,3.71689510345459,0.1839512139558792,0.925789475440979,0.3302663564682007,42.43277359008789,265.62646484375,3.71689510345459,39.889808654785156,256.0614013671875,23.36049461364746,0.11560984700918198,0.43485283851623535,-0.8930495381355286,39.889808654785156,256.0614013671875,23.36049461364746,40.13642501831055,259.1802062988281,37.86244201660156,-0.01662331260740757,-0.21022476255893707,-0.9775117635726929,1114,40.1068115234375,12.93290901184082,58.852317810058594,281.4809265136719,66.28704833984375,66.1396484375,293.4034118652344,18.897443771362305,-0.14749671518802643,-0.24131296575069427,0.9591729640960693,66.1396484375,293.4034118652344,18.897443771362305,57.02278137207031,269.3414001464844,7.664870738983154,0.3247196674346924,0.8570278286933899,0.4000757336616516,57.02278137207031,269.3414001464844,7.664870738983154,53.66460037231445,261.6082763671875,20.70742416381836,0.2162356823682785,0.49794140458106995,-0.8398193717002869,53.66460037231445,261.6082763671875,20.70742416381836,53.852935791015625,262.9857177734375,34.323089599609375,-0.013760711066424847,-0.10064264386892319,-0.9948274493217468
1,36.82419967651367,289.00640869140625,31.01763153076172,0.009924761019647121,0.34974247217178345,-0.12032635509967804,-0.405683696269989,0.24434548616409302,-0.8807474374771118,53.26736831665039,271.6575927734375,91.46674346923828,146.59716796875,215.44454956054688,294.08758544921875,1110,41.38172912597656,16.309661865234375,24.716764450073242,266.318603515625,76.62106323242188,24.716764450073242,266.318603515625,76.62106323242188,0.0,0.0,0.0,24.716764450073242,266.318603515625,76.62106323242188,15.095486640930176,263.4009704589844,35.29375076293945,0.2262091040611267,0.0685974508523941,0.9716603755950928,15.095486640930176,263.4009704589844,35.29375076293945,19.028017044067383,259.2170104980469,8.836902618408203,-0.14525774121284485,0.1545449197292328,0.9772491455078125,19.028017044067383,259.2170104980469,8.836902618408203,29.075475692749023,255.0425262451172,-6.228036403656006,-0.5406783223152161,0.22463922202587128,0.8106812834739685,1111,46.694664001464844,15.578988075256348,30.36037826538086,285.39434814453125,73.12895202636719,13.208039283752441,296.97454833984375,13.958246231079102,0.2736251652240753,-0.18473480641841888,0.9439291954040527,13.208039283752441,296.97454833984375,13.958246231079102,11.3933744430542,301.1197204589844,-19.853553771972656,0.053195323795080185,-0.12151212245225906,0.9911635518074036,11.3933744430542,301.1197204589844,-19.853553771972656,10.529927253723145,300.7749938964844,-39.02293395996094,0.04499015584588051,0.017962073907256126,0.9988259077072144,10.529927253723145,300.7749938964844,-39.02293395996094,10.006990432739258,299.1736755371094,-52.48434829711914,0.03854645416140556,0.11803556233644485,0.9922609329223633,1112,53.2048225402832,15.300636291503906,40.11876678466797,287.9836730957031,70.27521514892578,31.82512664794922,299.6260986328125,12.5730619430542,0.13951469957828522,-0.19584758579730988,0.9706591963768005,31.82512664794922,299.6260986328125,12.5730619430542,26.665504455566406,264.3462219238281,-1.3366153240203857,0.13481341302394867,0.9218118190765381,0.3634396195411682,26.665504455566406,264.3462219238281,-1.3366153240203857,27.94508171081543,253.71292114257812,18.54094123840332,-0.05667054280638695,0.47093284130096436,-0.880346953868866,27.94508171081543,253.71292114257812,18.54094123840332,29.958049774169922,256.8269348144531,32.994205474853516,-0.13490544259548187,-0.20869551599025726,-0.968631386756897,1113,51.15785598754883,14.559525489807129,50.35231018066406,287.93145751953125,68.07364654541016,50.94725036621094,298.63897705078125,15.789225578308105,-0.011146861128509045,-0.20061719417572021,0.9796063303947449,50.94725036621094,298.63897705078125,15.789225578308105,44.508453369140625,265.8015441894531,4.006040573120117,0.18149350583553314,0.9256047010421753,0.33213838934898376,44.508453369140625,265.8015441894531,4.006040573120117,41.90660858154297,256.23284912109375,23.640153884887695,0.11828669905662537,0.43501800298690796,-0.8926183581352234,41.90660858154297,256.23284912109375,23.640153884887695,42.09553527832031,259.3440856933594,38.14459228515625,-0.01273470837622881,-0.2097146213054657,-0.9776796698570251,1114,40.1068115234375,12.93290901184082,60.697025299072266,281.75323486328125,66.70491027832031,68.12286376953125,293.59857177734375,19.317459106445312,-0.15030011534690857,-0.2397514432668686,0.9591293334960938,68.12286376953125,293.59857177734375,19.317459106445312,59.11772918701172,269.5340270996094,8.000551223754883,0.320740282535553,0.8571186661720276,0.4030798375606537,59.11772918701172,269.5340270996094,8.000551223754883,55.60205841064453,261.8369445800781,21.022903442382812,0.22637662291526794,0.4956207871437073,-0.8385187983512878,55.60205841064453,261.8369445800781,21.022903442382812,55.63439178466797,263.2447509765625,34.63672637939453,-0.0023624354507774115,-0.10286126285791397,-0.9946929216384888
1,38.744659423828125,289.0916442871094,31.307371139526367,0.013198944739997387,0.3468714952468872,-0.11704965680837631,-0.40214234590530396,0.24246032536029816,-0.8828898668289185,54.981781005859375,271.9165344238281,91.86141967773438,147.4968719482422,216.13717651367188,294.97515869140625,1110,41.38172912597656,16.309661865234375,26.50459098815918,266.49609375,76.92119598388672,26.50459098815918,266.49609375,76.92119598388672,0.0,0.0,0.0,26.50459098815918,266.49609375,76.92119598388672,17.089033126831055,263.4475402832031,35.55596923828125,0.2213723361492157,0.07167556136846542,0.972551703453064,17.089033126831055,263.4475402832031,35.55596923828125,21.138717651367188,259.2036437988281,9.126350402832031,-0.14958511292934418,0.15675880014896393,0.9762433171272278,21.138717651367188,259.2036437988281,9.126350402832031,31.271671295166016,255.00772094726562,-5.875230312347412,-0.5452792048454285,0.22579294443130493,0.8072720170021057,1111,46.694664001464844,15.578988075256348,32.125736236572266,285.5735778808594,73.40255737304688,15.17934799194336,296.9721374511719,14.137303352355957,0.27033963799476624,-0.18183712661266327,0.9454373717308044,15.17934799194336,296.9721374511719,14.137303352355957,13.49092960357666,300.9925842285156,-19.696090698242188,0.049494512379169464,-0.11785589158535004,0.9917964339256287,13.49092960357666,300.9925842285156,-19.696090698242188,12.709710121154785,300.4915466308594,-38.86555099487305,0.04070565849542618,0.026106704026460648,0.9988300800323486,12.709710121154785,300.4915466308594,-38.86555099487305,12.248623847961426,298.7624206542969,-52.31340789794922,0.03398736193776131,0.12745647132396698,0.9912617206573486,1112,53.2048225402832,15.300636291503906,41.89014434814453,288.1741638183594,70.57978057861328,33.796607971191406,299.6553649902344,12.816936492919922,0.1361485719680786,-0.19313549995422363,0.9716801643371582,33.796607971191406,299.6553649902344,12.816936492919922,28.798612594604492,264.3559265136719,-1.1022249460220337,0.13059021532535553,0.9223219752311707,0.36368706822395325,28.798612594604492,264.3559265136719,-1.1022249460220337,29.881576538085938,253.77381896972656,18.81429672241211,-0.04796283692121506,0.46866557002067566,-0.8820726275444031,29.881576538085938,253.77381896972656,18.81429672241211,31.742650985717773,256.8987121582031,33.285560607910156,-0.12472578138113022,-0.20942458510398865,-0.969837486743927,1113,51.15785598754883,14.559525489807129,52.13215637207031,288.1357116699219,68.41767120361328,52.90804672241211,298.71246337890625,16.109010696411133,-0.014537160284817219,-0.1981671005487442,0.9800603985786438,52.90804672241211,298.71246337890625,16.109010696411133,46.5840950012207,265.8582458496094,4.310426235198975,0.1782563328742981,0.9260779619216919,0.33257248997688293,46.5840950012207,265.8582458496094,4.310426235198975,43.92338943481445,256.3269348144531,23.95484161376953,0.12096261233091354,0.43331825733184814,-0.893086314201355,43.92338943481445,256.3269348144531,23.95484161376953,44.047019958496094,259.4578857421875,38.45574188232422,-0.008333384059369564,-0.21104347705841064,-0.9774411916732788,1114,40.1068115234375,12.93290901184082,62.49365234375,281.9736022949219,67.10430908203125,70.07940673828125,293.7134094238281,19.71592903137207,-0.153536856174469,-0.23761552572250366,0.9591482281684875,70.07940673828125,293.7134094238281,19.71592903137207,61.19645309448242,269.629150390625,8.344539642333984,0.3163885772228241,0.8578210473060608,0.40502041578292847,61.19645309448242,269.629150390625,8.344539642333984,57.57542037963867,261.97650146484375,21.364221572875977,0.23316076397895813,0.4927592873573303,-0.8383461833000183,57.57542037963867,261.97650146484375,21.364221572875977,57.49006271362305,263.4273681640625,34.97329330444336,0.006236651446670294,-0.10600746423006058,-0.9943457841873169
1,40.69060134887695,289.24176025390625,31.55844497680664,0.016136664897203445,0.3436036705970764,-0.1145317330956459,-0.3981037437915802,0.2406105101108551,-0.8852231502532959,56.75686264038086,272.2630310058594,92.213134765625,148.3428497314453,216.90924072265625,295.8636474609375,1110,41.38172912597656,16.309661865234375,28.35297203063965,266.75872802734375,77.20156860351562,28.35297203063965,266.75872802734375,77.20156860351562,0.0,0.0,0.0,28.35297203063965,266.75872802734375,77.20156860351562,19.093923568725586,263.5455017089844,35.813480377197266,0.21769259870052338,0.0755472406744957,0.9730892181396484,19.093923568725586,263.5455017089844,35.813480377197266,23.234758377075195,259.2216491699219,9.410965919494629,-0.15295200049877167,0.15971221029758453,0.9752423763275146,23.234758377075195,259.2216491699219,9.410965919494629,33.43731689453125,254.99534606933594,-5.5348100662231445,-0.5490247011184692,0.22742773592472076,0.8042688369750977,1111,46.694664001464844,15.578988075256348,33.94961166381836,285.8360900878906,73.64350128173828,17.163345336914062,297.0276184082031,14.293288230895996,0.26778531074523926,-0.17853446304798126,0.946792721748352,17.163345336914062,297.0276184082031,14.293288230895996,15.562726974487305,300.9261474609375,-19.558635711669922,0.04692073166370392,-0.11428198218345642,0.9923396706581116,15.562726974487305,300.9261474609375,-19.558635711669922,14.842320442199707,300.269775390625,-38.72578811645508,0.03753698244690895,0.03420044854283333,0.9987097978591919,14.842320442199707,300.269775390625,-38.72578811645508,14.428390502929688,298.40911865234375,-52.15761184692383,0.03051139973104,0.1371518075466156,0.9900799989700317,1112,53.2048225402832,15.300636291503906,43.717777252197266,288.4464111328125,70.84281921386719,35.77956771850586,299.741455078125,13.021745681762695,0.13353566825389862,-0.19000396132469177,0.9726595878601074,35.77956771850586,299.741455078125,13.021745681762695,30.92211151123047,264.42852783203125,-0.9129007458686829,0.12691819667816162,0.9226748943328857,0.3640918433666229,30.92211151123047,264.42852783203125,-0.9129007458686829,31.845726013183594,253.88548278808594,19.0323486328125,-0.040905483067035675,0.4669354259967804,-0.8833447694778442,31.845726013183594,253.88548278808594,19.0323486328125,33.5809211730957,257.0123596191406,33.518821716308594,-0.11628955602645874,-0.20955748856067657,-0.9708565473556519,1113,51.15785598754883,14.559525489807129,53.966400146484375,288.4205627441406,68.71207427978516,54.882564544677734,298.8437805175781,16.37487030029297,-0.017165349796414375,-0.1952904611825943,0.9805951714515686,54.882564544677734,298.8437805175781,16.37487030029297,48.66578674316406,265.97564697265625,4.55808162689209,0.175235316157341,0.9264699816703796,0.3330855369567871,48.66578674316406,265.97564697265625,4.55808162689209,45.95863723754883,256.4755859375,24.211286544799805,0.12307407706975937,0.4318975508213043,-0.8934860229492188,45.95863723754883,256.4755859375,24.211286544799805,46.02701950073242,259.62530517578125,38.7084846496582,-0.004609344992786646,-0.2123086154460907,-0.9771918654441833,1114,40.1068115234375,12.93290901184082,64.34322357177734,282.2738342285156,67.44860076904297,72.0520248413086,293.8872985839844,20.048952102661133,-0.15602736175060272,-0.23505835235118866,0.9593763947486877,72.0520248413086,293.8872985839844,20.048952102661133,63.287025451660156,269.7831115722656,8.628293991088867,0.3121870160102844,0.8585299253463745,0.4067748188972473,63.287025451660156,269.7831115722656,8.628293991088867,59.562625885009766,262.175537109375,21.645206451416016,0.23981696367263794,0.48985758423805237,-0.8381690382957458,59.562625885009766,262.175537109375,21.645206451416016,59.36439895629883,263.6740417480469,35.24794006347656,0.014483434148132801,-0.1094881147146225,-0.9938825964927673
1,42.620155334472656,289.3526611328125,31.86261558532715,0.016641363501548767,0.34552258253097534,-0.1106090247631073,-0.3945167660713196,0.23720215260982513,-0.8877452611923218,58.44694519042969,272.2916259765625,92.55892181396484,149.20773315429688,217.72195434570312,296.7896728515625,1110,41.38172912597656,16.309661865234375,30.094703674316406,266.7903747558594,77.41539001464844,30.094703674316406,266.7903747558594,77.41539001464844,0.0,0.0,0.0,30.094703674316406,266.7903747558594,77.41539001464844,21.049169540405273,263.6494140625,35.97457504272461,0.21267259120941162,0.0738481804728508,0.974328875541687,21.049169540405273,263.6494140625,35.97457504272461,25.33180809020996,259.3637390136719,9.58845329284668,-0.1581898182630539,0.15830197930335999,0.9746364951133728,25.33180809020996,259.3637390136719,9.58845329284668,35.63188552856445,255.15182495117188,-5.294356346130371,-0.5542726516723633,0.22665351629257202,0.8008807897567749,1111,46.694664001464844,15.578988075256348,35.72047805786133,285.8699645996094,73.91564178466797,19.163545608520508,297.1923522949219,14.525840759277344,0.26412683725357056,-0.18062201142311096,0.9474242925643921,19.163545608520508,297.1923522949219,14.525840759277344,17.686681747436523,301.0994567871094,-19.330718994140625,0.04329298436641693,-0.11453337967395782,0.992475688457489,17.686681747436523,301.0994567871094,-19.330718994140625,17.04029083251953,300.3556823730469,-38.497318267822266,0.03368037939071655,0.03875457122921944,0.9986810088157654,17.04029083251953,300.3556823730469,-38.497318267822266,16.679210662841797,298.40838623046875,-51.91838455200195,0.02661575749516487,0.14353810250759125,0.9892868399620056,1112,53.2048225402832,15.300636291503906,45.50114059448242,288.4775085449219,71.15628051757812,37.786617279052734,299.8929138183594,13.328574180603027,0.1297728568315506,-0.1920286864042282,0.9727712273597717,37.786617279052734,299.8929138183594,13.328574180603027,32.97762680053711,264.6357727050781,-0.7632502913475037,0.12565185129642487,0.9212172627449036,0.3681986629962921,32.97762680053711,264.6357727050781,-0.7632502913475037,33.73177719116211,254.05389404296875,19.168548583984375,-0.03340018540620804,0.46865546703338623,-0.8827493786811829,33.73177719116211,254.05389404296875,19.168548583984375,35.358612060546875,257.1224365234375,33.68003845214844,-0.10902751237154007,-0.20564813911914825,-0.972533643245697,1113,51.15785598754883,14.559525489807129,55.75756072998047,288.4471740722656,69.0634536743164,56.87630844116211,298.9725036621094,16.75062370300293,-0.0209609717130661,-0.1972036510705948,0.9801384806632996,56.87630844116211,298.9725036621094,16.75062370300293,50.68415832519531,266.15838623046875,4.771846294403076,0.17454104125499725,0.9249469041824341,0.33765140175819397,50.68415832519531,266.15838623046875,4.771846294403076,47.89561462402344,256.618408203125,24.394309997558594,0.12677447497844696,0.43371233344078064,-0.8920884132385254,47.89561462402344,256.618408203125,24.394309997558594,47.90916061401367,259.72186279296875,38.90163803100586,-0.0009130750549957156,-0.20919008553028107,-0.9778745770454407,1114,40.1068115234375,12.93290901184082,66.13382720947266,282.2941589355469,67.82630157470703,74.02787780761719,293.9942626953125,20.478477478027344,-0.15977683663368225,-0.23681195080280304,0.9583274126052856,74.02787780761719,293.9942626953125,20.478477478027344,65.31597137451172,269.9478759765625,8.896567344665527,0.31029629707336426,0.8564720749855042,0.4125186502933502,65.31597137451172,269.9478759765625,8.896567344665527,61.487571716308594,262.33349609375,21.879297256469727,0.24651344120502472,0.4902954399585724,-0.8359674215316772,61.487571716308594,262.33349609375,21.879297256469727,61.19533157348633,263.8128356933594,35.4824333190918,0.021352503448724747,-0.10808783769607544,-0.9939121007919312
1,44.587215423583984,289.484375,32.14699935913086,0.023321956396102905,0.342809796333313,-0.10764067620038986,-0.390627920627594,0.23392926156520844,-0.8903296589851379,60.206703186035156,272.6230773925781,92.95268249511719,150.0728302001953,218.80633544921875,297.7779846191406,1110,41.38172912597656,16.309661865234375,31.962379455566406,266.9530029296875,77.68765258789062,31.962379455566406,266.9530029296875,77.68765258789062,0.0,0.0,0.0,31.962379455566406,266.9530029296875,77.68765258789062,23.144733428955078,263.6697692871094,36.20876693725586,0.2073146253824234,0.07719320803880692,0.975223958492279,23.144733428955078,263.6697692871094,36.20876693725586,27.57191276550293,259.34808349609375,9.852395057678223,-0.16352881491184235,0.15963214635849,0.9735377430915833,27.57191276550293,259.34808349609375,9.852395057678223,37.97877502441406,255.15423583984375,-4.9610700607299805,-0.5600189566612244,0.22568130493164062,0.797149121761322,1111,46.694664001464844,15.578988075256348,37.5087890625,286.0533752441406,74.174560546875,21.172836303710938,297.170654296875,14.684898376464844,0.26060158014297485,-0.1773499697446823,0.9490172266960144,21.172836303710938,297.170654296875,14.684898376464844,19.843477249145508,300.9383544921875,-19.193567276000977,0.0389690063893795,-0.11044686287641525,0.9931177496910095,19.843477249145508,300.9383544921875,-19.193567276000977,19.301424026489258,300.0323181152344,-38.35641860961914,0.028243832290172577,0.047209274023771286,0.9984856247901917,19.301424026489258,300.0323181152344,-38.35641860961914,19.02222442626953,297.95245361328125,-51.7595329284668,0.020580222830176353,0.15330994129180908,0.9879637360572815,1112,53.2048225402832,15.300636291503906,47.28904342651367,288.7043151855469,71.45539855957031,39.78753662109375,299.9621887207031,13.568807601928711,0.12618951499462128,-0.18937870860099792,0.973761796951294,39.78753662109375,299.9621887207031,13.568807601928711,35.21925354003906,264.6679382324219,-0.5102072358131409,0.11936252564191818,0.9221869111061096,0.3678639531135559,35.21925354003906,264.6679382324219,-0.5102072358131409,35.93365478515625,254.13320922851562,19.448015213012695,-0.03163975104689598,0.4665672481060028,-0.8839195966720581,35.93365478515625,254.13320922851562,19.448015213012695,37.47526931762695,257.2127380371094,33.96648406982422,-0.10331618040800095,-0.20638437569141388,-0.9730011820793152,1113,51.15785598754883,14.559525489807129,57.555145263671875,288.72119140625,69.41043853759766,58.86540985107422,299.14459228515625,17.081661224365234,-0.024549255147576332,-0.19529393315315247,0.9804375171661377,58.86540985107422,299.14459228515625,17.081661224365234,52.90036392211914,266.29498291015625,5.085006237030029,0.16813968122005463,0.9259480834007263,0.338155597448349,52.90036392211914,266.29498291015625,5.085006237030029,50.0679931640625,256.7810974121094,24.713855743408203,0.1287669986486435,0.43252620100975037,-0.8923789858818054,50.0679931640625,256.7810974121094,24.713855743408203,49.995079040527344,259.899169921875,39.217872619628906,0.004914817400276661,-0.21017542481422424,-0.9776513576507568,1114,40.1068115234375,12.93290901184082,67.9677734375,282.6177673339844,68.23442077636719,76.02410888671875,294.26019287109375,20.89970588684082,-0.1630614548921585,-0.23564445972442627,0.9580618739128113,76.02410888671875,294.26019287109375,20.89970588684082,67.51581573486328,270.16961669921875,9.258339881896973,0.30304381251335144,0.858045220375061,0.41463592648506165,67.51581573486328,270.16961669921875,9.258339881896973,63.617637634277344,262.582275390625,22.23612403869629,0.2510066628456116,0.4885546863079071,-0.8356494307518005,63.617637634277344,262.582275390625,22.23612403869629,63.21211242675781,264.1001892089844,35.83210372924805,0.02962966449558735,-0.11090624332427979,-0.9933891296386719
1,46.543209075927734,289.48419189453125,32.451133728027344,0.031142599880695343,0.3454834222793579,-0.10471811145544052,-0.387582927942276,0.22629794478416443,-0.8936267495155334,61.95209884643555,272.5843505859375,93.30224609375,151.11770629882812,220.5232391357422,298.88604736328125,1110,41.38172912597656,16.309661865234375,33.818355560302734,266.7227478027344,77.84930419921875,33.818355560302734,266.7227478027344,77.84930419921875,0.0,0.0,0.0,33.818355560302734,266.7227478027344,77.84930419921875,25.238391876220703,263.5467224121094,36.31227111816406,0.20172643661499023,0.07467260956764221,0.9765912890434265,25.238391876220703,263.5467224121094,36.31227111816406,29.80074691772461,259.355224609375,9.957924842834473,-0.16852186620235443,0.15482333302497864,0.9734629392623901,29.80074691772461,259.355224609375,9.957924842834473,40.29570388793945,255.2779541015625,-4.825901031494141,-0.5647596716880798,0.2194080501794815,0.7955543398857117,1111,46.694664001464844,15.578988075256348,39.26927947998047,285.8675231933594,74.42971801757812,23.173709869384766,297.09149169921875,14.894577980041504,0.25676682591438293,-0.17905192077159882,0.9497426152229309,23.173709869384766,297.09149169921875,14.894577980041504,22.00250244140625,300.86395263671875,-18.989192962646484,0.03433293104171753,-0.11058641970157623,0.9932733178138733,22.00250244140625,300.86395263671875,-18.989192962646484,21.57419776916504,299.88330078125,-38.151248931884766,0.022316936403512955,0.051097143441438675,0.9984443783760071,21.57419776916504,299.88330078125,-38.151248931884766,21.385005950927734,297.7319030761719,-51.54464340209961,0.01394561305642128,0.15858274698257446,0.9872471690177917,1112,53.2048225402832,15.300636291503906,49.04747772216797,288.5856018066406,71.77008056640625,41.77700424194336,299.9969482421875,13.884063720703125,0.12230309844017029,-0.191960409283638,0.9737521409988403,41.77700424194336,299.9969482421875,13.884063720703125,37.490203857421875,264.7297058105469,-0.3503147065639496,0.1120077595114708,0.9214809536933899,0.3719232976436615,37.490203857421875,264.7297058105469,-0.3503147065639496,38.166587829589844,254.1470489501953,19.583852767944336,-0.029956037178635597,0.46869009733200073,-0.8828545808792114,38.166587829589844,254.1470489501953,19.583852767944336,39.61454772949219,257.1763610839844,34.12250900268555,-0.09703964740037918,-0.20301900804042816,-0.9743543863296509,1113,51.15785598754883,14.559525489807129,59.32367706298828,288.67022705078125,69.77820587158203,60.84107971191406,299.2802734375,17.492551803588867,-0.028430216014385223,-0.19879095256328583,0.9796295166015625,60.84107971191406,299.2802734375,17.492551803588867,55.13774871826172,266.45135498046875,5.313310623168945,0.1607625037431717,0.9253643751144409,0.34330207109451294,55.13774871826172,266.45135498046875,5.313310623168945,52.26266860961914,256.8636779785156,24.89999771118164,0.1307086944580078,0.43588098883628845,-0.8904622197151184,52.26266860961914,256.8636779785156,24.89999771118164,52.095855712890625,259.9275817871094,39.41477966308594,0.01124411541968584,-0.20652413368225098,-0.9783768653869629,1114,40.1068115234375,12.93290901184082,69.77825927734375,282.6325988769531,68.63525390625,78.00861358642578,294.4844665527344,21.382522583007812,-0.16658362746238708,-0.23988360166549683,0.9564024806022644,78.00861358642578,294.4844665527344,21.382522583007812,69.7251205444336,270.4024963378906,9.562615394592285,0.29503709077835083,0.8577389717102051,0.42099523544311523,69.7251205444336,270.4024963378906,9.562615394592285,65.7756576538086,262.7694091796875,22.498004913330078,0.2543088495731354,0.4915001392364502,-0.8329192996025085,65.7756576538086,262.7694091796875,22.498004913330078,65.26654052734375,264.2575988769531,36.09378433227539,0.03719860315322876,-0.10873446613550186,-0.9933745861053467
1,48.52203369140625,289.5374450683594,32.729862213134766,0.03771350532770157,0.3394226133823395,-0.10168778896331787,-0.3854617774486542,0.2152872085571289,-0.8972572684288025,63.74346923828125,273.08441162109375,93.7513656616211,152.4210968017578,223.55638122558594,300.17041015625,1110,41.38172912597656,16.309661865234375,35.70170211791992,266.9599914550781,78.19300079345703,35.70170211791992,266.9599914550781,78.19300079345703,0.0,0.0,0.0,35.70170211791992,266.9599914550781,78.19300079345703,27.327268600463867,263.53387451171875,36.63390350341797,0.19689413905143738,0.0805526003241539,0.9771100282669067,27.327268600463867,263.53387451171875,36.63390350341797,32.006736755371094,259.2352600097656,10.317373275756836,-0.17284773290157318,0.15877996385097504,0.9720661640167236,32.006736755371094,259.2352600097656,10.317373275756836,42.56758117675781,255.13534545898438,-4.4131760597229,-0.5683051943778992,0.22062654793262482,0.7926872968673706,1111,46.694664001464844,15.578988075256348,41.073001861572266,286.1128845214844,74.69384765625,25.196054458618164,296.9321594238281,15.025238037109375,0.25327926874160767,-0.1725960373878479,0.9518720507621765,25.196054458618164,296.9321594238281,15.025238037109375,24.188465118408203,300.47943115234375,-18.888105392456055,0.029536603018641472,-0.10398518294095993,0.9941401481628418,24.188465118408203,300.47943115234375,-18.888105392456055,23.872440338134766,299.3155822753906,-38.042091369628906,0.01646655797958374,0.06064266338944435,0.9980236887931824,23.872440338134766,299.3155822753906,-38.042091369628906,23.769990921020508,297.02410888671875,-51.413177490234375,0.007551700808107853,0.16890795528888702,0.9856029152870178,1112,53.2048225402832,15.300636291503906,50.84969711303711,288.86529541015625,72.06417846679688,43.789119720458984,299.9250793457031,14.084016799926758,0.1187722384929657,-0.18604643642902374,0.9753357768058777,43.789119720458984,299.9250793457031,14.084016799926758,39.74111557006836,264.58184814453125,-0.03135351464152336,0.10576833039522171,0.9234660863876343,0.3688136637210846,39.74111557006836,264.58184814453125,-0.03135351464152336,40.377017974853516,254.10044860839844,19.957571029663086,-0.02816316857933998,0.4642055630683899,-0.885279655456543,40.377017974853516,254.10044860839844,19.957571029663086,41.740848541259766,257.18505859375,34.492740631103516,-0.09140142053365707,-0.20672491192817688,-0.9741204380989075,1113,51.15785598754883,14.559525489807129,61.1344108581543,288.990478515625,70.11892700195312,62.8397102355957,299.3233642578125,17.783578872680664,-0.03195066750049591,-0.19359801709651947,0.9805605411529541,62.8397102355957,299.3233642578125,17.783578872680664,57.365272521972656,266.4269714355469,5.6816325187683105,0.15431061387062073,0.9272664785385132,0.3411233723163605,57.365272521972656,266.4269714355469,5.6816325187683105,54.44520568847656,256.91546630859375,25.298784255981445,0.1327538937330246,0.43241792917251587,-0.8918470740318298,54.44520568847656,256.91546630859375,25.298784255981445,54.191707611083984,260.0343017578125,39.800601959228516,0.01708718203008175,-0.2102268636226654,-0.97750324010849,1114,40.1068115234375,12.93290901184082,71.6240463256836,282.99908447265625,69.05683135986328,80.0127944946289,294.6346740722656,21.778223037719727,-0.16978958249092102,-0.23550617694854736,0.9569265246391296,80.0127944946289,294.6346740722656,21.778223037719727,71.93278503417969,270.4752502441406,9.975552558898926,0.28778958320617676,0.8604978322982788,0.4203813970088959,71.93278503417969,270.4752502441406,9.975552558898926,67.92306518554688,262.90081787109375,22.92688751220703,0.2581886351108551,0.4877229332923889,-0.8339453935623169,67.92306518554688,262.90081787109375,22.92688751220703,67.30936431884766,264.4644775390625,36.5098762512207,0.04483999311923981,-0.11424864083528519,-0.9924397468566895
1,50.46875,289.45941162109375,32.96411895751953,0.04203081503510475,0.3364216983318329,-0.09842333197593689,-0.3831622302532196,0.20246632397174835,-0.9012181162834167,65.49159240722656,273.2950439453125,94.11398315429688,153.64019775390625,226.716552734375,301.4442138671875,1110,41.38172912597656,16.309661865234375,37.52345657348633,266.9637451171875,78.43238830566406,37.52345657348633,266.9637451171875,78.43238830566406,0.0,0.0,0.0,37.52345657348633,266.9637451171875,78.43238830566406,29.368545532226562,263.42303466796875,36.83925247192383,0.19173288345336914,0.08324684202671051,0.9779103398323059,29.368545532226562,263.42303466796875,36.83925247192383,34.18082046508789,259.07977294921875,10.554021835327148,-0.177753284573555,0.16042912006378174,0.9709100723266602,34.18082046508789,259.07977294921875,10.554021835327148,44.82299041748047,254.97463989257812,-4.116424083709717,-0.5726814270019531,0.22090734541416168,0.7894529700279236,1111,46.694664001464844,15.578988075256348,42.854366302490234,286.1228332519531,74.90550994873047,27.1958065032959,296.7407531738281,15.143091201782227,0.24979539215564728,-0.16938386857509613,0.9533684253692627,27.1958065032959,296.7407531738281,15.143091201782227,26.34428596496582,300.0810546875,-18.79553985595703,0.02496158331632614,-0.09791802614927292,0.9948813319206238,26.34428596496582,300.0810546875,-18.79553985595703,26.130393981933594,298.7413635253906,-37.9394416809082,0.011144902557134628,0.06980498880147934,0.9974984526634216,26.130393981933594,298.7413635253906,-37.9394416809082,26.104551315307617,296.3154602050781,-51.28716278076172,0.0019049016991630197,0.17881697416305542,0.9838805198669434,1112,53.2048225402832,15.300636291503906,52.63402557373047,288.8965148925781,72.3094253540039,45.78397750854492,299.78472900390625,14.27155876159668,0.1152307391166687,-0.18316030502319336,0.9763064384460449,45.78397750854492,299.78472900390625,14.27155876159668,41.895877838134766,264.3982238769531,0.2198338806629181,0.10159029811620712,0.9245970249176025,0.36715078353881836,41.895877838134766,264.3982238769531,0.2198338806629181,42.48135757446289,253.99627685546875,20.251766204833984,-0.0259300135076046,0.4606865346431732,-0.8871840834617615,42.48135757446289,253.99627685546875,20.251766204833984,43.77568817138672,257.123779296875,34.78412628173828,-0.08674365282058716,-0.20959945023059845,-0.9739320278167725,1113,51.15785598754883,14.559525489807129,62.92637252807617,289.0462341308594,70.40674591064453,64.82059478759766,299.24749755859375,18.05207633972168,-0.03549034893512726,-0.19113194942474365,0.9809225797653198,64.82059478759766,299.24749755859375,18.05207633972168,59.49688720703125,266.3197937011719,5.968040466308594,0.15006189048290253,0.9281489253044128,0.3406184911727905,59.49688720703125,266.3197937011719,5.968040466308594,56.523826599121094,256.8616943359375,25.603044509887695,0.13516312837600708,0.4299899637699127,-0.8926587104797363,56.523826599121094,256.8616943359375,25.603044509887695,56.20008850097656,260.0139465332031,40.09624481201172,0.02182173728942871,-0.21247923374176025,-0.9769218564033508,1114,40.1068115234375,12.93290901184082,73.43749237060547,283.0823059082031,69.40409088134766,81.99022674560547,294.61871337890625,22.13054847717285,-0.17310865223407745,-0.23349864780902863,0.9568237066268921,81.99022674560547,294.61871337890625,22.13054847717285,74.04156494140625,270.4274597167969,10.303910255432129,0.2831113040447235,0.8616315126419067,0.4212350845336914,74.04156494140625,270.4274597167969,10.303910255432129,70.00495147705078,262.88604736328125,23.266151428222656,0.2599203884601593,0.4855968654155731,-0.8346478343009949,70.00495147705078,262.88604736328125,23.266151428222656,69.33541107177734,264.4925231933594,36.84149932861328,0.0489199198782444,-0.11737703531980515,-0.9918817281723022
1,52.4715690612793,289.3736267089844,33.22031784057617,0.048428233712911606,0.3370509445667267,-0.09425237774848938,-0.38058921694755554,0.188813254237175,-0.9052631855010986,67.23316192626953,273.32110595703125,94.46549224853516,154.7898406982422,229.88357543945312,302.726318359375,1110,41.38172912597656,16.309661865234375,39.36465835571289,266.7677917480469,78.58753967285156,39.36465835571289,266.7677917480469,78.58753967285156,0.0,0.0,0.0,39.36465835571289,266.7677917480469,78.58753967285156,31.47909927368164,263.28277587890625,36.93779754638672,0.18540002405643463,0.08193738013505936,0.9792410731315613,31.47909927368164,263.28277587890625,36.93779754638672,36.4602165222168,259.01324462890625,10.67194652557373,-0.18398988246917725,0.15770569443702698,0.9701941013336182,36.4602165222168,259.01324462890625,10.67194652557373,47.203426361083984,254.9783172607422,-3.9442315101623535,-0.5781186819076538,0.2171294093132019,0.7865327000617981,1111,46.694664001464844,15.578988075256348,44.63209533691406,285.9541015625,75.113525390625,29.269397735595703,296.5748291015625,15.274870872497559,0.24507562816143036,-0.16942867636680603,0.9545846581459045,29.269397735595703,296.5748291015625,15.274870872497559,28.621057510375977,299.87579345703125,-18.672094345092773,0.019005531445145607,-0.09676490724086761,0.9951258301734924,28.621057510375977,299.87579345703125,-18.672094345092773,28.53924560546875,298.4733581542969,-37.812522888183594,0.004262831993401051,0.07307428121566772,0.997317373752594,28.53924560546875,298.4733581542969,-37.812522888183594,28.612525939941406,295.9974060058594,-51.15087127685547,-0.00540160434320569,0.18250618875026703,0.9831898808479309,1112,53.2048225402832,15.300636291503906,54.41425704956055,288.77337646484375,72.57669067382812,47.84880828857422,299.70068359375,14.513283729553223,0.11044322699308395,-0.18381790816783905,0.9767360091209412,47.84880828857422,299.70068359375,14.513283729553223,44.19528579711914,264.31549072265625,0.39546141028404236,0.09546113759279251,0.9245627522468567,0.3688778281211853,44.19528579711914,264.31549072265625,0.39546141028404236,44.714717864990234,253.92100524902344,20.433090209960938,-0.023004859685897827,0.4603560268878937,-0.8874362111091614,44.714717864990234,253.92100524902344,20.433090209960938,45.912818908691406,257.0453796386719,34.974369049072266,-0.08029454201459885,-0.20938986539840698,-0.9745299220085144,1113,51.15785598754883,14.559525489807129,64.71656799316406,288.97015380859375,70.73312377929688,66.86566162109375,299.2418212890625,18.40206527709961,-0.04026564210653305,-0.19245103001594543,0.9804801344871521,66.86566162109375,299.2418212890625,18.40206527709961,61.760658264160156,266.3215637207031,6.203895568847656,0.1438971608877182,0.9279389977455139,0.34383562207221985,61.760658264160156,266.3215637207031,6.203895568847656,58.717674255371094,256.8345031738281,25.81420135498047,0.138342022895813,0.4313066303730011,-0.8915358781814575,58.717674255371094,256.8345031738281,25.81420135498047,58.296138763427734,259.9619140625,40.31026077270508,0.028413837775588036,-0.21080490946769714,-0.9771150946617126,1114,40.1068115234375,12.93290901184082,75.25914001464844,283.05322265625,69.78369903564453,84.03170013427734,294.68292236328125,22.573347091674805,-0.17755800485610962,-0.2353869527578354,0.9555449485778809,84.03170013427734,294.68292236328125,22.573347091674805,76.2780990600586,270.4908447265625,10.619595527648926,0.27616381645202637,0.8616610765457153,0.4257626235485077,76.2780990600586,270.4908447265625,10.619595527648926,72.17523193359375,262.9354248046875,23.552833557128906,0.26418668031692505,0.486499160528183,-0.8327808976173401,72.17523193359375,262.9354248046875,23.552833557128906,71.39952087402344,264.5373229980469,37.123069763183594,0.05667727440595627,-0.11704257875680923,-0.9915083646774292
1,54.472713470458984,289.28302001953125,33.42019271850586,0.05155394971370697,0.335606187582016,-0.08922295272350311,-0.3768877685070038,0.17770221829414368,-0.9090530872344971,68.93282318115234,273.4085998535156,94.784912109375,155.63795471191406,232.5272216796875,303.9176330566406,1110,41.38172912597656,16.309661865234375,41.14792251586914,266.7148132324219,78.74264526367188,41.14792251586914,266.7148132324219,78.74264526367188,0.0,0.0,0.0,41.14792251586914,266.7148132324219,78.74264526367188,33.52820587158203,263.2269287109375,37.0436897277832,0.17914973199367523,0.08200483024120331,0.9803981781005859,33.52820587158203,263.2269287109375,37.0436897277832,38.69243240356445,258.95648193359375,10.813375473022461,-0.19075347483158112,0.15773950517177582,0.9688814878463745,38.69243240356445,258.95648193359375,10.813375473022461,49.55007553100586,254.92308044433594,-3.7184250354766846,-0.5842764973640442,0.21704727411270142,0.7819919586181641,1111,46.694664001464844,15.578988075256348,46.410526275634766,285.9034423828125,75.27436065673828,31.359302520751953,296.43426513671875,15.340733528137207,0.24010677635669708,-0.1679944396018982,0.9560996890068054,31.359302520751953,296.43426513671875,15.340733528137207,30.916282653808594,299.6595764160156,-18.616804122924805,0.012986741028726101,-0.09454718977212906,0.9954356551170349,30.916282653808594,299.6595764160156,-18.616804122924805,30.953907012939453,298.21405029296875,-37.75416564941406,-0.00196042750030756,0.07531953603029251,0.9971574544906616,30.953907012939453,298.21405029296875,-37.75416564941406,31.11139678955078,295.7158508300781,-51.0876350402832,-0.011608811095356941,0.18414609134197235,0.9828303456306458,1112,53.2048225402832,15.300636291503906,56.20281982421875,288.7318115234375,72.78720092773438,49.9387092590332,299.5821838378906,14.676095008850098,0.10537414997816086,-0.1825237274169922,0.9775384068489075,49.9387092590332,299.5821838378906,14.676095008850098,46.40504837036133,264.1783752441406,0.5744609236717224,0.09232935309410095,0.925049364566803,0.3684549331665039,46.40504837036133,264.1783752441406,0.5744609236717224,46.83119583129883,253.83206176757812,20.639209747314453,-0.018873421475291252,0.4582224488258362,-0.888637125492096,46.83119583129883,253.83206176757812,20.639209747314453,47.94715118408203,256.98345947265625,35.18119812011719,-0.07478927075862885,-0.21120087802410126,-0.9745773077011108,1113,51.15785598754883,14.559525489807129,66.51471710205078,288.9391174316406,70.9992446899414,68.93475341796875,299.15142822265625,18.668394088745117,-0.04534204676747322,-0.1913388967514038,0.9804760813713074,68.93475341796875,299.15142822265625,18.668394088745117,63.94355392456055,266.2288513183594,6.429470062255859,0.14068932831287384,0.9280043840408325,0.34498441219329834,63.94355392456055,266.2288513183594,6.429470062255859,60.80534744262695,256.75665283203125,26.03195571899414,0.14267104864120483,0.4306308627128601,-0.8911800980567932,60.80534744262695,256.75665283203125,26.03195571899414,60.2984504699707,259.885498046875,40.52497863769531,0.034167662262916565,-0.21090148389339447,-0.9769099950790405,1114,40.1068115234375,12.93290901184082,77.06954956054688,283.03411865234375,70.11400604248047,86.08352661132812,294.6186828613281,22.938051223754883,-0.18244433403015137,-0.23447343707084656,0.9548488855361938,86.08352661132812,294.6186828613281,22.938051223754883,78.4426040649414,270.4238586425781,10.917461395263672,0.2721503674983978,0.8617585301399231,0.42814305424690247,78.4426040649414,270.4238586425781,10.917461395263672,74.26641845703125,262.8863525390625,23.837677001953125,0.268907755613327,0.485345721244812,-0.8319424390792847,74.26641845703125,262.8863525390625,23.837677001953125,73.40369415283203,264.5074462890625,37.4003791809082,0.06303488463163376,-0.11844509094953537,-0.9909577965736389
1,56.56698226928711,289.4377136230469,33.67781448364258,0.054648902267217636,0.3318958282470703,-0.08372845500707626,-0.37186118960380554,0.17050684988498688,-0.9124947786331177,70.69073486328125,273.82562255859375,95.18844604492188,156.23947143554688,234.5995635986328,305.1129455566406,1110,41.38172912597656,16.309661865234375,43.00567626953125,267.01141357421875,79.00055694580078,43.00567626953125,267.01141357421875,79.00055694580078,0.0,0.0,0.0,43.00567626953125,267.01141357421875,79.00055694580078,35.63140106201172,263.4631652832031,37.2625846862793,0.1733790636062622,0.08342406153678894,0.981315553188324,35.63140106201172,263.4631652832031,37.2625846862793,40.94449234008789,259.1530456542969,11.068513870239258,-0.19625213742256165,0.15920490026474,0.9675426483154297,40.94449234008789,259.1530456542969,11.068513870239258,51.88306427001953,255.09555053710938,-3.395728588104248,-0.5886315107345581,0.2183438092470169,0.7783565521240234,1111,46.694664001464844,15.578988075256348,48.26668167114258,286.1939392089844,75.49616241455078,33.55049133300781,296.4998474121094,15.440364837646484,0.23476213216781616,-0.16440647840499878,0.9580487012863159,33.55049133300781,296.4998474121094,15.440364837646484,33.33735656738281,299.54876708984375,-18.535686492919922,0.006247859913855791,-0.08937642723321915,0.9959783554077148,33.33735656738281,299.54876708984375,-18.535686492919922,33.5078239440918,298.0015869140625,-37.66437530517578,-0.00888224970549345,0.08061625063419342,0.9967056512832642,33.5078239440918,298.0015869140625,-37.66437530517578,33.75858688354492,295.44036865234375,-50.98445129394531,-0.018484121188521385,0.18879133462905884,0.9818432927131653,1112,53.2048225402832,15.300636291503906,58.070011138916016,289.0248718261719,73.05583953857422,52.1298828125,299.66668701171875,14.8721923828125,0.09992416203022003,-0.1790153980255127,0.9787586331367493,52.1298828125,299.66668701171875,14.8721923828125,48.71839141845703,264.1979675292969,0.90422523021698,0.0891372412443161,0.9267454147338867,0.3649623990058899,48.71839141845703,264.1979675292969,0.90422523021698,49.04470443725586,253.9665069580078,21.029640197753906,-0.014451910741627216,0.4531359374523163,-0.8913242816925049,49.04470443725586,253.9665069580078,21.029640197753906,50.074771881103516,257.19781494140625,35.560420989990234,-0.06903322786092758,-0.2165563404560089,-0.9738262891769409,1113,51.15785598754883,14.559525489807129,68.39183807373047,289.23779296875,71.3268051147461,71.10299682617188,299.271484375,18.97568130493164,-0.05079654976725578,-0.18799227476119995,0.9808560609817505,71.10299682617188,299.271484375,18.97568130493164,66.2236557006836,266.3108215332031,6.794335842132568,0.13753637671470642,0.9290784001350403,0.3433615565299988,66.2236557006836,266.3108215332031,6.794335842132568,62.984092712402344,256.91253662109375,26.415891647338867,0.1472790390253067,0.42727071046829224,-0.8920474648475647,62.984092712402344,256.91253662109375,26.415891647338867,62.38907241821289,260.08685302734375,40.89566421508789,0.04010767862200737,-0.21396659314632416,-0.9760172963142395,1114,40.1068115234375,12.93290901184082,78.95824432373047,283.3418273925781,70.52307891845703,88.23187255859375,294.7732238769531,23.360078811645508,-0.18769966065883636,-0.23137322068214417,0.9545864462852478,88.23187255859375,294.7732238769531,23.360078811645508,80.70772552490234,270.54156494140625,11.340022087097168,0.2679911255836487,0.8630704879760742,0.4281240701675415,80.70772552490234,270.54156494140625,11.340022087097168,76.43861389160156,263.06781005859375,24.266904830932617,0.2748912572860718,0.4812406301498413,-0.8323715329170227,76.43861389160156,263.06781005859375,24.266904830932617,75.4736099243164,264.7549743652344,37.81465148925781,0.07050792872905731,-0.12327250838279724,-0.9898648858070374
1,58.667110443115234,289.4237060546875,33.94060516357422,0.05471019819378853,0.32935959100723267,-0.07880911231040955,-0.36584728956222534,0.16421091556549072,-0.9160734415054321,72.48350524902344,273.9895324707031,95.56656646728516,156.64871215820312,236.21189880371094,306.3143615722656,1110,41.38172912597656,16.309661865234375,44.87633514404297,267.1312561035156,79.26013946533203,44.87633514404297,267.1312561035156,79.26013946533203,0.0,0.0,0.0,44.87633514404297,267.1312561035156,79.26013946533203,37.711795806884766,263.5692138671875,37.48682403564453,0.16844788193702698,0.08374837040901184,0.9821464419364929,37.711795806884766,263.5692138671875,37.48682403564453,43.14582443237305,259.2251892089844,11.323184967041016,-0.20071929693222046,0.1604572981595993,0.9664187431335449,43.14582443237305,259.2251892089844,11.323184967041016,54.14070129394531,255.1283416748047,-3.0871729850769043,-0.5916615128517151,0.22046148777008057,0.775456964969635,1111,46.694664001464844,15.578988075256348,50.179656982421875,286.2974548339844,75.73033142089844,35.74049377441406,296.4718322753906,15.584927558898926,0.2303428202867508,-0.1623082160949707,0.9594781994819641,35.74049377441406,296.4718322753906,15.584927558898926,35.71639633178711,299.3893737792969,-18.4033145904541,0.0007063955417834222,-0.08552518486976624,0.9963357448577881,35.71639633178711,299.3893737792969,-18.4033145904541,35.98442077636719,297.809814453125,-37.52824020385742,-0.013965487480163574,0.08230337500572205,0.9965094923973083,35.98442077636719,297.809814453125,-37.52824020385742,36.29902648925781,295.2460021972656,-50.846466064453125,-0.02319006435573101,0.18898248672485352,0.9817066192626953,1112,53.2048225402832,15.300636291503906,59.997535705566406,289.1084899902344,73.32573699951172,54.326637268066406,299.6112060546875,15.089983940124512,0.09539522230625153,-0.17667552828788757,0.9796353578567505,54.326637268066406,299.6112060546875,15.089983940124512,50.92695999145508,264.0958557128906,1.2380797863006592,0.08882854133844376,0.9279635548591614,0.3619297742843628,50.92695999145508,264.0958557128906,1.2380797863006592,51.15434265136719,253.94871520996094,21.407487869262695,-0.010070438496768475,0.4494016766548157,-0.8932729363441467,51.15434265136719,253.94871520996094,21.407487869262695,52.12674331665039,257.2347412109375,35.929969787597656,-0.06516850739717484,-0.22022344172000885,-0.9732701182365417,1113,51.15785598754883,14.559525489807129,70.32711029052734,289.30255126953125,71.64131164550781,73.28106689453125,299.1998596191406,19.277360916137695,-0.05534563213586807,-0.18543697893619537,0.9810963273048401,73.28106689453125,299.1998596191406,19.277360916137695,68.41033172607422,266.21966552734375,7.145500659942627,0.137293741106987,0.9296284914016724,0.34196656942367554,68.41033172607422,266.21966552734375,7.145500659942627,65.07164764404297,256.874267578125,26.775712966918945,0.1517852544784546,0.42486605048179626,-0.8924404382705688,65.07164764404297,256.874267578125,26.775712966918945,64.41543579101562,260.0737609863281,41.24730682373047,0.044232308864593506,-0.21566355228424072,-0.9754654169082642,1114,40.1068115234375,12.93290901184082,80.88859558105469,283.3898010253906,70.898681640625,90.38426971435547,294.688720703125,23.747949600219727,-0.19219394028186798,-0.2286919206380844,0.9543383121490479,90.38426971435547,294.688720703125,23.747949600219727,82.8985595703125,270.4421691894531,11.733908653259277,0.26662200689315796,0.8636006712913513,0.4279096722602844,82.8985595703125,270.4421691894531,11.733908653259277,78.52005767822266,263.0310974121094,24.6602840423584,0.28193503618240356,0.47720450162887573,-0.8323391079902649,78.52005767822266,263.0310974121094,24.6602840423584,77.46146392822266,264.77142333984375,38.194305419921875,0.0773460790514946,-0.1271567940711975,-0.9888623356819153
1,60.76701736450195,289.5421447753906,34.2782096862793,0.052952706813812256,0.3268297016620636,-0.07447405904531479,-0.35894110798835754,0.16203945875167847,-0.9191868901252747,74.30316925048828,274.2406921386719,95.9998550415039,156.87957763671875,236.9626007080078,307.46392822265625,1110,41.38172912597656,16.309661865234375,46.76332092285156,267.40924072265625,79.61064910888672,46.76332092285156,267.40924072265625,79.61064910888672,0.0,0.0,0.0,46.76332092285156,267.40924072265625,79.61064910888672,39.79378890991211,263.8509826660156,37.804039001464844,0.16386301815509796,0.08365940302610397,0.9829292893409729,39.79378890991211,263.8509826660156,37.804039001464844,45.32129669189453,259.47052001953125,11.666069984436035,-0.20417216420173645,0.1618032157421112,0.9654704928398132,45.32129669189453,259.47052001953125,11.666069984436035,56.339683532714844,255.3211212158203,-2.7112619876861572,-0.5929265022277832,0.223289355635643,0.7736795544624329,1111,46.694664001464844,15.578988075256348,52.1328239440918,286.5509033203125,76.0477523803711,37.9212646484375,296.60662841796875,15.828230857849121,0.2267119288444519,-0.1604153960943222,0.9606605172157288,37.9212646484375,296.60662841796875,15.828230857849121,38.041053771972656,299.3533630371094,-18.174041748046875,-0.003511513350531459,-0.08051811903715134,0.9967468976974487,38.041053771972656,299.3533630371094,-18.174041748046875,38.37919616699219,297.6923522949219,-37.29095458984375,-0.017619002610445023,0.08654741942882538,0.9960919618606567,38.37919616699219,297.6923522949219,-37.29095458984375,38.737709045410156,295.0787048339844,-50.5983772277832,-0.026426533237099648,0.19265595078468323,0.9809104800224304,1112,53.2048225402832,15.300636291503906,61.966548919677734,289.32763671875,73.66822814941406,56.51780700683594,299.69189453125,15.386470794677734,0.09165812283754349,-0.17434637248516083,0.9804091453552246,56.51780700683594,299.69189453125,15.386470794677734,53.0636100769043,264.12762451171875,1.6743494272232056,0.09025312215089798,0.9292424321174622,0.35827770829200745,53.0636100769043,264.12762451171875,1.6743494272232056,53.200958251953125,254.08645629882812,21.89754867553711,-0.006082942243665457,0.44470810890197754,-0.8956548571586609,53.200958251953125,254.08645629882812,21.89754867553711,54.1369743347168,257.44024658203125,36.40692138671875,-0.0627300962805748,-0.22476492822170258,-0.9723917841911316,1113,51.15785598754883,14.559525489807129,72.30213165283203,289.4879150390625,72.01746368408203,75.45706939697266,299.23785400390625,19.63759422302246,-0.05911124125123024,-0.18267586827278137,0.9813946485519409,75.45706939697266,299.23785400390625,19.63759422302246,70.53275299072266,266.2401428222656,7.575165271759033,0.13880403339862823,0.9301220774650574,0.3400093913078308,70.53275299072266,266.2401428222656,7.575165271759033,67.10486602783203,256.9720764160156,27.226652145385742,0.155840665102005,0.4213504493236542,-0.8934078216552734,67.10486602783203,256.9720764160156,27.226652145385742,66.40939331054688,260.2087097167969,41.688148498535156,0.04687871038913727,-0.2181670069694519,-0.9747849106788635,1114,40.1068115234375,12.93290901184082,82.84913635253906,283.5432434082031,71.32540893554688,92.53250122070312,294.6900329589844,24.176639556884766,-0.1959928274154663,-0.22561277449131012,0.9542985558509827,92.53250122070312,294.6900329589844,24.176639556884766,85.02825927734375,270.4383239746094,12.18465805053711,0.26728230714797974,0.8637851476669312,0.42712435126304626,85.02825927734375,270.4383239746094,12.18465805053711,80.57279968261719,263.1002502441406,25.126384735107422,0.2868902385234833,0.4725038409233093,-0.8333271145820618,80.57279968261719,263.1002502441406,25.126384735107422,79.4627914428711,264.8966369628906,38.648956298828125,0.08110268414020538,-0.13125288486480713,-0.9880258440971375
1,62.92057418823242,289.7197570800781,34.57444763183594,0.05234982818365097,0.32515156269073486,-0.0693485364317894,-0.35134756565093994,0.1623484194278717,-0.9220617413520813,76.1229248046875,274.4871520996094,96.38558959960938,156.952392578125,237.13800048828125,308.51104736328125,1110,41.38172912597656,16.309661865234375,48.67232894897461,267.69384765625,79.88278198242188,48.67232894897461,267.69384765625,79.88278198242188,0.0,0.0,0.0,48.67232894897461,267.69384765625,79.88278198242188,41.93431091308594,264.1676330566406,38.0355224609375,0.15841981768608093,0.08290602266788483,0.9838850498199463,41.93431091308594,264.1676330566406,38.0355224609375,47.5789680480957,259.7772216796875,11.924271583557129,-0.20849935710430145,0.16217069327831268,0.9644836187362671,47.5789680480957,259.7772216796875,11.924271583557129,58.62506103515625,255.59815979003906,-2.423173189163208,-0.5944175720214844,0.22488564252853394,0.7720714211463928,1111,46.694664001464844,15.578988075256348,54.09705352783203,286.8182067871094,76.31074523925781,40.170658111572266,296.7996520996094,16.012287139892578,0.22216278314590454,-0.15923041105270386,0.9619196653366089,40.170658111572266,296.7996520996094,16.012287139892578,40.456172943115234,299.3575744628906,-18.003719329833984,-0.008369618095457554,-0.07498326897621155,0.9971495866775513,40.456172943115234,299.3575744628906,-18.003719329833984,40.8808479309082,297.587646484375,-37.109127044677734,-0.022127807140350342,0.09222257882356644,0.9954925179481506,40.8808479309082,297.587646484375,-37.109127044677734,41.29619598388672,294.9016418457031,-50.400482177734375,-0.03061593323945999,0.19798946380615234,0.9797258973121643,1112,53.2048225402832,15.300636291503906,63.94685745239258,289.570556640625,73.96965789794922,58.77531433105469,299.8457336425781,15.646895408630371,0.08699513226747513,-0.1728479117155075,0.9810991287231445,58.77531433105469,299.8457336425781,15.646895408630371,55.30832290649414,264.2391662597656,2.0481889247894287,0.09058737754821777,0.9303471446037292,0.355314165353775,55.30832290649414,264.2391662597656,2.0481889247894287,55.34214782714844,254.29135131835938,22.317895889282227,-0.001498055295087397,0.44057390093803406,-0.8977150917053223,55.34214782714844,254.29135131835938,22.317895889282227,56.22380447387695,257.70098876953125,36.81765365600586,-0.05908702313899994,-0.22850769758224487,-0.9717473983764648,1113,51.15785598754883,14.559525489807129,74.2898941040039,289.7066345214844,72.36402130126953,77.69476318359375,299.3598937988281,19.981895446777344,-0.06379397213459015,-0.18086445331573486,0.9814368486404419,77.69476318359375,299.3598937988281,19.981895446777344,72.75396728515625,266.349365234375,7.961407661437988,0.13926862180233002,0.930483877658844,0.33882734179496765,72.75396728515625,266.349365234375,7.961407661437988,69.22410583496094,257.1468811035156,27.625648498535156,0.16047675907611847,0.4183690547943115,-0.8939880132675171,69.22410583496094,257.1468811035156,27.625648498535156,68.47272491455078,260.413818359375,42.0775260925293,0.05064724385738373,-0.22020970284938812,-0.9741367697715759,1114,40.1068115234375,12.93290901184082,84.82748413085938,283.739013671875,71.72845458984375,94.74066162109375,294.78466796875,24.603639602661133,-0.20064423978328705,-0.2235657423734665,0.9538135528564453,94.74066162109375,294.78466796875,24.603639602661133,87.2606430053711,270.5260009765625,12.610575675964355,0.2664194703102112,0.8640327453613281,0.4271627962589264,87.2606430053711,270.5260009765625,12.610575675964355,82.68092346191406,263.26904296875,25.55467414855957,0.2948912978172302,0.4672805368900299,-0.8334794044494629,82.68092346191406,263.26904296875,25.55467414855957,81.47188568115234,265.13031005859375,39.059974670410156,0.0883382260799408,-0.13599330186843872,-0.9867634177207947
1,65.02970123291016,289.787841796875,34.9025764465332,0.050892170518636703,0.3229033350944519,-0.06475571542978287,-0.3436135947704315,0.16338489949703217,-0.9247891902923584,77.92768096923828,274.6455383300781,96.80022430419922,156.9779052734375,237.0579376220703,309.5531311035156,1110,41.38172912597656,16.309661865234375,50.557682037353516,267.9057922363281,80.20970153808594,50.557682037353516,267.9057922363281,80.20970153808594,0.0,0.0,0.0,50.557682037353516,267.9057922363281,80.20970153808594,44.090694427490234,264.3725891113281,38.32028579711914,0.1520475149154663,0.08307032287120819,0.9848760962486267,44.090694427490234,264.3725891113281,38.32028579711914,49.890403747558594,259.9413757324219,12.249938011169434,-0.2142266184091568,0.16367784142494202,0.9629727602005005,49.890403747558594,259.9413757324219,12.249938011169434,60.99518966674805,255.71192932128906,-2.0373098850250244,-0.5975759029388428,0.2275969237089157,0.7688319683074951,1111,46.694664001464844,15.578988075256348,56.04621505737305,287.0072937011719,76.61297607421875,42.36658477783203,296.884521484375,16.240917205810547,0.21822623908519745,-0.15756787359714508,0.9630938172340393,42.36658477783203,296.884521484375,16.240917205810547,42.795143127441406,299.2475280761719,-17.78768539428711,-0.01256281416863203,-0.06926947832107544,0.9975188374519348,42.795143127441406,299.2475280761719,-17.78768539428711,43.289398193359375,297.3929748535156,-36.88338851928711,-0.02575329691171646,0.09663201123476028,0.994986891746521,43.289398193359375,297.3929748535156,-36.88338851928711,43.748573303222656,294.6561279296875,-50.16292953491211,-0.03384648263454437,0.20173707604408264,0.978854775428772,1112,53.2048225402832,15.300636291503906,65.91177368164062,289.7280578613281,74.30152130126953,60.98047637939453,299.8804626464844,15.936456680297852,0.08295372873544693,-0.17078261077404022,0.9818105697631836,60.98047637939453,299.8804626464844,15.936456680297852,57.46896743774414,264.22393798828125,2.480790853500366,0.09175052493810654,0.9316521286964417,0.3515765964984894,57.46896743774414,264.22393798828125,2.480790853500366,57.4080810546875,254.3791961669922,22.800697326660156,0.0026965669821947813,0.43600890040397644,-0.8999382853507996,57.4080810546875,254.3791961669922,22.800697326660156,58.248199462890625,257.8515625,37.28803253173828,-0.05630319565534592,-0.23271162807941437,-0.9709146618843079,1113,51.15785598754883,14.559525489807129,76.26093292236328,289.8330078125,72.7333984375,79.88262176513672,299.3546447753906,20.341724395751953,-0.0678563341498375,-0.17839837074279785,0.9816158413887024,79.88262176513672,299.3546447753906,20.341724395751953,74.89588165283203,266.32476806640625,8.393574714660645,0.14056366682052612,0.931029200553894,0.3367883265018463,74.89588165283203,266.32476806640625,8.393574714660645,71.27208709716797,257.1940612792969,28.07419776916504,0.16474711894989014,0.4151056408882141,-0.8947321772575378,71.27208709716797,257.1940612792969,28.07419776916504,70.47607421875,260.4940490722656,42.516178131103516,0.05365566909313202,-0.22243742644786835,-0.9734693169593811,1114,40.1068115234375,12.93290901184082,86.78487396240234,283.8360290527344,72.15026092529297,96.8993148803711,294.7451171875,25.036407470703125,-0.20471787452697754,-0.22080166637897491,0.9535918235778809,96.8993148803711,294.7451171875,25.036407470703125,89.40897369384766,270.4762268066406,13.070479393005371,0.26678702235221863,0.8643965721130371,0.4261961281299591,89.40897369384766,270.4762268066406,13.070479393005371,84.73866271972656,263.295654296875,26.024803161621094,0.3007245659828186,0.46236205101013184,-0.8341379165649414,84.73866271972656,263.295654296875,26.024803161621094,83.46461486816406,265.2149963378906,39.515987396240234,0.09308820962905884,-0.14023658633232117,-0.9857323169708252
1,67.20966339111328,289.99945068359375,35.274269104003906,0.05435637757182121,0.3270818889141083,-0.060667481273412704,-0.33504027128219604,0.16689461469650269,-0.9273048043251038,79.79650115966797,274.6101379394531,97.17536163330078,156.87437438964844,236.21510314941406,310.5069885253906,1110,41.38172912597656,16.309661865234375,52.560638427734375,267.89410400390625,80.41580200195312,52.560638427734375,267.89410400390625,80.41580200195312,0.0,0.0,0.0,52.560638427734375,267.89410400390625,80.41580200195312,46.41337203979492,264.62939453125,38.45652389526367,0.14453044533729553,0.07675768435001373,0.9865187406539917,46.41337203979492,264.62939453125,38.45652389526367,52.39814376831055,260.3705749511719,12.399272918701172,-0.2210623323917389,0.15731002390384674,0.9624889492988586,52.39814376831055,260.3705749511719,12.399272918701172,63.57386779785156,256.2413330078125,-1.861946940422058,-0.6013933420181274,0.22220472991466522,0.7674315571784973,1111,46.694664001464844,15.578988075256348,58.032310485839844,287.0207824707031,76.92874145507812,44.62323760986328,297.13787841796875,16.53571128845215,0.21391014754772186,-0.1613944172859192,0.9634284377098083,44.62323760986328,297.13787841796875,16.53571128845215,45.20969772338867,299.5205078125,-17.489168167114258,-0.0171915665268898,-0.06984470784664154,0.9974097013473511,45.20969772338867,299.5205078125,-17.489168167114258,45.79728698730469,297.6878662109375,-36.58434295654297,-0.030616501346230507,0.09549029916524887,0.9949594140052795,45.79728698730469,297.6878662109375,-36.58434295654297,46.32333755493164,294.97406005859375,-49.866127014160156,-0.0387759804725647,0.20003874599933624,0.9790202975273132,1112,53.2048225402832,15.300636291503906,67.90393829345703,289.7689208984375,74.67633819580078,63.2330207824707,300.16778564453125,16.333251953125,0.07857365906238556,-0.17492854595184326,0.9814409613609314,63.2330207824707,300.16778564453125,16.333251953125,59.849273681640625,264.5292053222656,2.797623872756958,0.08841235935688019,0.931183934211731,0.35366615653038025,59.849273681640625,264.5292053222656,2.797623872756958,59.71564483642578,254.66329956054688,23.10692024230957,0.005918220151215792,0.4369460940361023,-0.8994681239128113,59.71564483642578,254.66329956054688,23.10692024230957,60.483882904052734,258.1194763183594,37.602108001708984,-0.051485929638147354,-0.2316267341375351,-0.9714413285255432,1113,51.15785598754883,14.559525489807129,78.26024627685547,289.8988952636719,73.15814208984375,82.11483764648438,299.6559143066406,20.82642936706543,-0.07222001999616623,-0.182808518409729,0.980492353439331,82.11483764648438,299.6559143066406,20.82642936706543,77.24058532714844,266.6631164550781,8.730292320251465,0.13739287853240967,0.9299837350845337,0.3409596085548401,77.24058532714844,266.6631164550781,8.730292320251465,73.54232025146484,257.4632873535156,28.36480712890625,0.16813281178474426,0.41824832558631897,-0.8926364183425903,73.54232025146484,257.4632873535156,28.36480712890625,72.67256164550781,260.70343017578125,42.81607437133789,0.05862656980752945,-0.2184036672115326,-0.97409588098526,1114,40.1068115234375,12.93290901184082,88.79749298095703,283.92303466796875,72.59912109375,99.11711883544922,295.0557861328125,25.582183837890625,-0.20887085795402527,-0.22532865405082703,0.9516302347183228,99.11711883544922,295.0557861328125,25.582183837890625,91.74134063720703,270.82269287109375,13.473396301269531,0.26270657777786255,0.8631215691566467,0.43128442764282227,91.74134063720703,270.82269287109375,13.473396301269531,86.98542022705078,263.6187438964844,26.38351058959961,0.3062371611595154,0.46386751532554626,-0.8312916159629822,86.98542022705078,263.6187438964844,26.38351058959961,85.61309051513672,265.50762939453125,39.869354248046875,0.10026916861534119,-0.13801127672195435,-0.9853421449661255
1,69.38712310791016,290.1401062011719,35.63353729248047,0.05793621763586998,0.32534846663475037,-0.05712951719760895,-0.3258076310157776,0.17489174008369446,-0.9291190505027771,81.68915557861328,274.7823791503906,97.59873962402344,156.6430206298828,234.5475616455078,311.3477478027344,1110,41.38172912597656,16.309661865234375,54.59470748901367,268.0724792480469,80.74676513671875,54.59470748901367,268.0724792480469,80.74676513671875,0.0,0.0,0.0,54.59470748901367,268.0724792480469,80.74676513671875,48.76073455810547,264.8190002441406,38.74190902709961,0.13716450333595276,0.07649364322423935,0.9875903129577637,48.76073455810547,264.8190002441406,38.74190902709961,54.925411224365234,260.577880859375,12.72374439239502,-0.22770756483078003,0.15665622055530548,0.9610452651977539,54.925411224365234,260.577880859375,12.72374439239502,66.17117309570312,256.4678649902344,-1.4878886938095093,-0.6051622033119202,0.221170112490654,0.7647630572319031,1111,46.694664001464844,15.578988075256348,60.039730072021484,287.2055969238281,77.2533187866211,46.86494827270508,297.2006530761719,16.788448333740234,0.2101725935935974,-0.1594475656747818,0.9645745158195496,46.86494827270508,297.2006530761719,16.788448333740234,47.59713363647461,299.4421691894531,-17.243196487426758,-0.02146337367594242,-0.06570808589458466,0.997607946395874,47.59713363647461,299.4421691894531,-17.243196487426758,48.26992416381836,297.5707702636719,-36.3317985534668,-0.035055942833423615,0.09750977158546448,0.9946170449256897,48.26992416381836,297.5707702636719,-36.3317985534668,48.856956481933594,294.84783935546875,-49.60915756225586,-0.04327104613184929,0.20071138441562653,0.9786943197250366,1112,53.2048225402832,15.300636291503906,69.91484832763672,289.9716796875,75.03850555419922,65.46882629394531,300.2706298828125,16.660133361816406,0.07479048520326614,-0.1732477843761444,0.9820343852043152,65.46882629394531,300.2706298828125,16.660133361816406,62.219482421875,264.57171630859375,3.2511284351348877,0.08490057289600372,0.9327600598335266,0.3503575623035431,62.219482421875,264.57171630859375,3.2511284351348877,62.02566909790039,254.78533935546875,23.5983829498291,0.00858370028436184,0.4334239065647125,-0.9011492133140564,62.02566909790039,254.78533935546875,23.5983829498291,62.727317810058594,258.2975769042969,38.08348083496094,-0.047023188322782516,-0.23538361489772797,-0.9707642793655396,1113,51.15785598754883,14.559525489807129,80.2771987915039,290.1217956542969,73.5639877319336,84.33248901367188,299.806640625,21.234037399291992,-0.07598033547401428,-0.18145625293254852,0.9804593324661255,84.33248901367188,299.806640625,21.234037399291992,79.57701873779297,266.7768859863281,9.191640853881836,0.13404478132724762,0.9310259222984314,0.33944493532180786,79.57701873779297,266.7768859863281,9.191640853881836,75.81654357910156,257.6075439453125,28.828603744506836,0.17096100747585297,0.41686221957206726,-0.8927475810050964,75.81654357910156,257.6075439453125,28.828603744506836,74.8778305053711,260.8646240234375,43.27174758911133,0.06327448785305023,-0.21954533457756042,-0.9735482931137085,1114,40.1068115234375,12.93290901184082,90.82962036132812,284.1679382324219,73.05885314941406,101.3243637084961,295.250732421875,26.068883895874023,-0.21241526305675507,-0.2243175059556961,0.9510843753814697,101.3243637084961,295.250732421875,26.068883895874023,94.06060028076172,270.9772644042969,13.973247528076172,0.258716881275177,0.864559531211853,0.4308159649372101,94.06060028076172,270.9772644042969,13.973247528076172,89.23802185058594,263.8127136230469,26.88055419921875,0.3105294108390808,0.46133074164390564,-0.8311110734939575,89.23802185058594,263.8127136230469,26.88055419921875,87.78107452392578,265.7403564453125,40.352027893066406,0.10645175725221634,-0.14084309339523315,-0.9842922687530518
1,71.60738372802734,290.24835205078125,35.92170333862305,0.05667100101709366,0.32161760330200195,-0.052156783640384674,-0.31629931926727295,0.18245089054107666,-0.9309492111206055,83.5674819946289,275.00244140625,97.97992706298828,156.3339080810547,233.02859497070312,312.14996337890625,1110,41.38172912597656,16.309661865234375,56.57611083984375,268.389892578125,81.05780029296875,56.57611083984375,268.389892578125,81.05780029296875,0.0,0.0,0.0,56.57611083984375,268.389892578125,81.05780029296875,51.027225494384766,265.08251953125,39.01853942871094,0.1304617077112198,0.07776076346635818,0.9883992075920105,51.027225494384766,265.08251953125,39.01853942871094,57.33979797363281,260.773193359375,13.047085762023926,-0.23317046463489532,0.15917561948299408,0.9593198895454407,57.33979797363281,260.773193359375,13.047085762023926,68.62136840820312,256.59930419921875,-1.1174780130386353,-0.6070889830589294,0.2246072143316269,0.7622299194335938,1111,46.694664001464844,15.578988075256348,62.08427429199219,287.49566650390625,77.51406860351562,49.17978286743164,297.29473876953125,16.958892822265625,0.20586074888706207,-0.15632110834121704,0.966015100479126,49.17978286743164,297.29473876953125,16.958892822265625,50.05204772949219,299.2630920410156,-17.086341857910156,-0.02556968480348587,-0.05770055949687958,0.9980064034461975,50.05204772949219,299.2630920410156,-17.086341857910156,50.79288101196289,297.2680358886719,-36.15989303588867,-0.038601331412792206,0.10395297408103943,0.9938328862190247,50.79288101196289,297.2680358886719,-36.15989303588867,51.42243957519531,294.4742736816406,-49.42058563232422,-0.046405695378780365,0.2059323638677597,0.9774653315544128,1112,53.2048225402832,15.300636291503906,71.97532653808594,290.2281494140625,75.32884216308594,67.79183959960938,300.3167724609375,16.89436912536621,0.07037415355443954,-0.1697096973657608,0.9829782247543335,67.79183959960938,300.3167724609375,16.89436912536621,64.50457763671875,264.5379333496094,3.709512948989868,0.08589132130146027,0.9348484873771667,0.34450092911720276,64.50457763671875,264.5379333496094,3.709512948989868,64.20916748046875,254.89051818847656,24.121809005737305,0.013083268888294697,0.4272693991661072,-0.9040297269821167,64.20916748046875,254.89051818847656,24.121809005737305,64.86447143554688,258.498046875,38.58563995361328,-0.04391726478934288,-0.2417699247598648,-0.9693393111228943,1113,51.15785598754883,14.559525489807129,82.34390258789062,290.3462219238281,73.89579010009766,86.63560485839844,299.8220520019531,21.546422958374023,-0.08040977269411087,-0.1775401085615158,0.9808230400085449,86.63560485839844,299.8220520019531,21.546422958374023,81.83740997314453,266.7459716796875,9.648937225341797,0.13524898886680603,0.9323310852050781,0.335360050201416,81.83740997314453,266.7459716796875,9.648937225341797,77.97693634033203,257.6828918457031,29.315797805786133,0.17550726234912872,0.4120313823223114,-0.8941070437431335,77.97693634033203,257.6828918457031,29.315797805786133,76.99053955078125,261.0084228515625,43.740150451660156,0.06648863852024078,-0.2241593301296234,-0.9722817540168762,1114,40.1068115234375,12.93290901184082,92.88298034667969,284.3636169433594,73.45597076416016,103.5960464477539,295.2411804199219,26.46731185913086,-0.2168341428041458,-0.22016359865665436,0.9510578513145447,103.5960464477539,295.2411804199219,26.46731185913086,96.31964111328125,270.9304504394531,14.454442977905273,0.259167343378067,0.8658873438835144,0.4278683066368103,96.31964111328125,270.9304504394531,14.454442977905273,91.41185760498047,263.86376953125,27.383575439453125,0.31601566076278687,0.45502862334251404,-0.8325160145759583,91.41185760498047,263.86376953125,27.383575439453125,89.89492797851562,265.8747863769531,40.83622741699219,0.11083436012268066,-0.14693480730056763,-0.982917070388794
1,73.80973815917969,290.4147033691406,36.27719497680664,0.05623527616262436,0.3203039765357971,-0.0470481812953949,-0.30640485882759094,0.18961206078529358,-0.9328254461288452,85.41194915771484,275.15936279296875,98.39958953857422,155.90208435058594,231.53807067871094,313.00128173828125,1110,41.38172912597656,16.309661865234375,58.53594970703125,268.6451416015625,81.37482452392578,58.53594970703125,268.6451416015625,81.37482452392578,0.0,0.0,0.0,58.53594970703125,268.6451416015625,81.37482452392578,53.27766036987305,265.3876953125,39.294334411621094,0.12362941354513168,0.07658691704273224,0.9893686175346375,53.27766036987305,265.3876953125,39.294334411621094,59.74481964111328,261.0798645019531,13.36069393157959,-0.23888052999973297,0.15912039577960968,0.957923173904419,59.74481964111328,261.0798645019531,13.36069393157959,71.06757354736328,256.8852233886719,-0.7648157477378845,-0.6093055009841919,0.22572404146194458,0.7601286768913269,1111,46.694664001464844,15.578988075256348,64.09619140625,287.7356872558594,77.83031463623047,51.48029327392578,297.478271484375,17.205251693725586,0.2012569159269333,-0.1554199755191803,0.9671299457550049,51.48029327392578,297.478271484375,17.205251693725586,52.49164962768555,299.24951171875,-16.846960067749023,-0.02964702993631363,-0.05192236229777336,0.9982109069824219,52.49164962768555,299.24951171875,-16.846960067749023,53.30183410644531,297.17889404296875,-35.909637451171875,-0.04221488907933235,0.10789010673761368,0.9932661056518555,53.30183410644531,297.17889404296875,-35.909637451171875,53.97590637207031,294.34783935546875,-49.160221099853516,-0.049686893820762634,0.20868134498596191,0.9767206907272339,1112,53.2048225402832,15.300636291503906,74.00206756591797,290.44647216796875,75.68557739257812,70.0981674194336,300.46490478515625,17.219684600830078,0.06567096710205078,-0.1685289442539215,0.9835066795349121,70.0981674194336,300.46490478515625,17.219684600830078,66.8006362915039,264.6422119140625,4.1570258140563965,0.08615963906049728,0.9359942674636841,0.34130802750587463,66.8006362915039,264.6422119140625,4.1570258140563965,66.40068054199219,255.07310485839844,24.604360580444336,0.01771344244480133,0.423801451921463,-0.9055818915367126,66.40068054199219,255.07310485839844,24.604360580444336,67.00127410888672,258.73480224609375,39.05694580078125,-0.040250685065984726,-0.24540026485919952,-0.9685858488082886,1113,51.15785598754883,14.559525489807129,84.37713623046875,290.54296875,74.29859924316406,88.9200439453125,299.9406433105469,21.95634651184082,-0.08511637896299362,-0.1760757863521576,0.9806898236274719,88.9200439453125,299.9406433105469,21.95634651184082,84.10808563232422,266.8506164550781,10.103372573852539,0.1356370598077774,0.9327250123023987,0.3341056704521179,84.10808563232422,266.8506164550781,10.103372573852539,80.14414978027344,257.83154296875,29.769895553588867,0.18021079897880554,0.4100304841995239,-0.8940911293029785,80.14414978027344,257.83154296875,29.769895553588867,79.10043334960938,261.1810607910156,44.18466567993164,0.07035228610038757,-0.22577612102031708,-0.971635639667511,1114,40.1068115234375,12.93290901184082,94.90666198730469,284.539794921875,73.91371154785156,105.84964752197266,295.334228515625,26.958873748779297,-0.22148771584033966,-0.21848100423812866,0.9503731727600098,105.84964752197266,295.334228515625,26.958873748779297,98.5913314819336,271.01434326171875,14.953563690185547,0.2585229277610779,0.8662130832672119,0.4275989234447479,98.5913314819336,271.01434326171875,14.953563690185547,93.57664489746094,264.0111999511719,27.876245498657227,0.3228992223739624,0.4509373903274536,-0.8321006894111633,93.57664489746094,264.0111999511719,27.876245498657227,91.97441864013672,266.07183837890625,41.31148910522461,0.11706653982400894,-0.1505603939294815,-0.9816450476646423
1,76.02935028076172,290.43646240234375,36.72649383544922,0.05558953434228897,0.32470470666885376,-0.043112095445394516,-0.29576483368873596,0.20124299824237823,-0.9338224530220032,87.3244400024414,274.8266296386719,98.81584167480469,155.36679077148438,228.529541015625,313.64691162109375,1110,41.38172912597656,16.309661865234375,60.562644958496094,268.49871826171875,81.67664337158203,60.562644958496094,268.49871826171875,81.67664337158203,0.0,0.0,0.0,60.562644958496094,268.49871826171875,81.67664337158203,55.6109619140625,265.497802734375,39.539913177490234,0.116420678794384,0.07055553048849106,0.9906907677650452,55.6109619140625,265.497802734375,39.539913177490234,62.24799728393555,261.3219299316406,13.627617835998535,-0.24515533447265625,0.15424619615077972,0.9571347832679749,62.24799728393555,261.3219299316406,13.627617835998535,73.62843322753906,257.18023681640625,-0.4671264886856079,-0.6124094724655151,0.22287479043006897,0.7584731578826904,1111,46.694664001464844,15.578988075256348,66.17025756835938,287.5941162109375,78.23445892333984,53.77772903442383,297.625,17.610342025756836,0.1976935863494873,-0.16001911461353302,0.9671148657798767,53.77772903442383,297.625,17.610342025756836,54.88017272949219,299.33831787109375,-16.442007064819336,-0.03231717646121979,-0.050224419683218,0.9982149600982666,54.88017272949219,299.33831787109375,-16.442007064819336,55.733680725097656,297.2622375488281,-35.502201080322266,-0.04447226971387863,0.10817474126815796,0.9931367039680481,55.733680725097656,297.2622375488281,-35.502201080322266,56.43436050415039,294.4416809082031,-48.75364685058594,-0.05164816230535507,0.20790748298168182,0.9767840504646301,1112,53.2048225402832,15.300636291503906,76.08834838867188,290.2957458496094,76.13506317138672,72.40095520019531,300.57672119140625,17.700702667236328,0.0620289109647274,-0.17294541001319885,0.9829762578010559,72.40095520019531,300.57672119140625,17.700702667236328,69.0796127319336,264.7776794433594,4.579348564147949,0.08678176999092102,0.9353761076927185,0.34284159541130066,69.0796127319336,264.7776794433594,4.579348564147949,68.59867095947266,255.1833038330078,25.01309585571289,0.021300191059708595,0.42492052912712097,-0.9049800038337708,68.59867095947266,255.1833038330078,25.01309585571289,69.1609115600586,258.8266906738281,39.47185134887695,-0.037680335342884064,-0.2441731095314026,-0.9689992666244507,1113,51.15785598754883,14.559525489807129,86.46820831298828,290.37890625,74.78356170654297,91.2056884765625,299.99658203125,22.498554229736328,-0.08876191824674606,-0.18019777536392212,0.9796172976493835,91.2056884765625,299.99658203125,22.498554229736328,86.36534118652344,266.9544677734375,10.524028778076172,0.13643717765808105,0.9313738942146301,0.3375316858291626,86.36534118652344,266.9544677734375,10.524028778076172,82.3215560913086,257.8830871582031,30.150175094604492,0.18384113907814026,0.41240888833999634,-0.8922563791275024,82.3215560913086,257.8830871582031,30.150175094604492,81.23774719238281,261.1830749511719,44.57340621948242,0.07305474579334259,-0.2224375158548355,-0.9722059369087219,1114,40.1068115234375,12.93290901184082,96.98782348632812,284.3577575683594,74.40797424316406,108.10968780517578,295.3367004394531,27.53801918029785,-0.22510822117328644,-0.222215473651886,0.9486550688743591,108.10968780517578,295.3367004394531,27.53801918029785,100.85797882080078,271.069091796875,15.423443794250488,0.2582876682281494,0.8643512725830078,0.4314907491207123,100.85797882080078,271.069091796875,15.423443794250488,95.7373046875,264.0713195800781,28.30742073059082,0.3297237455844879,0.45059138536453247,-0.829608142375946,95.7373046875,264.0713195800781,28.30742073059082,94.05317687988281,266.11602783203125,41.735084533691406,0.12305061519145966,-0.1493963897228241,-0.9810908436775208
1,78.2370376586914,290.57293701171875,37.15339279174805,0.06423710286617279,0.32968318462371826,-0.04097501188516617,-0.28523313999176025,0.21432705223560333,-0.9341873526573181,89.28416442871094,274.6215515136719,99.19776153564453,154.9036407470703,225.3144073486328,314.1127624511719,1110,41.38172912597656,16.309661865234375,62.71934509277344,268.289306640625,81.9154281616211,62.71934509277344,268.289306640625,81.9154281616211,0.0,0.0,0.0,62.71934509277344,268.289306640625,81.9154281616211,58.0803108215332,265.56536865234375,39.724342346191406,0.10906989872455597,0.06404342502355576,0.9919688701629639,58.0803108215332,265.56536865234375,39.724342346191406,64.8994140625,261.6189880371094,13.823356628417969,-0.2518804669380188,0.14576934278011322,0.9567170143127441,64.8994140625,261.6189880371094,13.823356628417969,76.34989166259766,257.6512756347656,-0.264719158411026,-0.6161783337593079,0.2135123610496521,0.7581139802932739,1111,46.694664001464844,15.578988075256348,68.20894622802734,287.44134521484375,78.60000610351562,56.0230827331543,297.7077941894531,17.973430633544922,0.1943967342376709,-0.16377699375152588,0.9671540856361389,56.0230827331543,297.7077941894531,17.973430633544922,57.25215530395508,299.39898681640625,-16.075687408447266,-0.03602919727563858,-0.049575842916965485,0.9981203675270081,57.25215530395508,299.39898681640625,-16.075687408447266,58.197540283203125,297.3126525878906,-35.13042068481445,-0.04925955832004547,0.10870904475450516,0.9928523898124695,58.197540283203125,297.3126525878906,-35.13042068481445,58.970523834228516,294.5003967285156,-48.379608154296875,-0.05697778984904289,0.20729564130306244,0.976617693901062,1112,53.2048225402832,15.300636291503906,78.11737060546875,290.2231140136719,76.56051635742188,74.6246109008789,300.7886657714844,18.164976119995117,0.0587548166513443,-0.17773254215717316,0.9823232889175415,74.6246109008789,300.7886657714844,18.164976119995117,71.61134338378906,264.98907470703125,4.970981597900391,0.07873224467039108,0.9353906512260437,0.3447396755218506,71.61134338378906,264.98907470703125,4.970981597900391,71.11164855957031,255.36837768554688,25.39189910888672,0.022130735218524933,0.4260862469673157,-0.9044118523597717,71.11164855957031,255.36837768554688,25.39189910888672,71.58726501464844,259.0014343261719,39.856361389160156,-0.031874943524599075,-0.24348078668117523,-0.9693817496299744,1113,51.15785598754883,14.559525489807129,88.50244903564453,290.3857727050781,75.25719451904297,93.4108657836914,300.3140869140625,23.046064376831055,-0.09196459501981735,-0.18601790070533752,0.9782329797744751,93.4108657836914,300.3140869140625,23.046064376831055,88.84642791748047,267.28485107421875,10.92851734161377,0.12865999341011047,0.9310108423233032,0.34156307578086853,88.84642791748047,267.28485107421875,10.92851734161377,84.78193664550781,258.1236572265625,30.50863265991211,0.18478232622146606,0.41649165749549866,-0.8901629447937012,84.78193664550781,258.1236572265625,30.50863265991211,83.61528015136719,261.36785888671875,44.93805694580078,0.07863913476467133,-0.21867722272872925,-0.9726234078407288,1114,40.1068115234375,12.93290901184082,99.06550598144531,284.440185546875,74.89814758300781,110.32388305664062,295.745361328125,28.138469696044922,-0.22787128388881683,-0.22881850600242615,0.9464231133460999,110.32388305664062,295.745361328125,28.138469696044922,103.3079605102539,271.4762268066406,15.888842582702637,0.24988949298858643,0.8644054532051086,0.4363008737564087,103.3079605102539,271.4762268066406,15.888842582702637,98.12565612792969,264.4366149902344,28.72528839111328,0.3336923122406006,0.45328566431999207,-0.8265479803085327,98.12565612792969,264.4366149902344,28.72528839111328,96.32726287841797,266.4522705078125,42.142520904541016,0.13139943778514862,-0.1472736895084381,-0.9803288578987122
1,80.47855377197266,290.5404357910156,37.625179290771484,0.0676739439368248,0.3297802805900574,-0.03606400266289711,-0.2749606966972351,0.22504843771457672,-0.9347458481788635,91.15943145751953,274.4941101074219,99.70575714111328,154.41566467285156,222.720458984375,314.7492370605469,1110,41.38172912597656,16.309661865234375,64.75209045410156,268.2227783203125,82.29730987548828,64.75209045410156,268.2227783203125,82.29730987548828,0.0,0.0,0.0,64.75209045410156,268.2227783203125,82.29730987548828,60.44514465332031,265.5835266113281,40.06565475463867,0.10126206278800964,0.06205234304070473,0.9929227828979492,60.44514465332031,265.5835266113281,40.06565475463867,67.44255065917969,261.6971435546875,14.203176498413086,-0.2584664523601532,0.14355315268039703,0.9552944302558899,67.44255065917969,261.6971435546875,14.203176498413086,78.94827270507812,257.770263671875,0.14871905744075775,-0.6191513538360596,0.2113151252269745,0.7563051581382751,1111,46.694664001464844,15.578988075256348,70.229736328125,287.38409423828125,79.0158920288086,58.35828399658203,297.6448059082031,18.325992584228516,0.18938101828098297,-0.16368545591831207,0.9681642055511475,58.35828399658203,297.6448059082031,18.325992584228516,59.74629211425781,299.15692138671875,-15.725440979003906,-0.040688253939151764,-0.04432635381817818,0.9981882572174072,59.74629211425781,299.15692138671875,-15.725440979003906,60.78315734863281,296.9969482421875,-34.767208099365234,-0.05402616038918495,0.11254601925611496,0.9921767115592957,60.78315734863281,296.9969482421875,-34.767208099365234,61.620662689208984,294.1501159667969,-48.00508499145508,-0.06173378601670265,0.20984432101249695,0.9757839441299438,1112,53.2048225402832,15.300636291503906,80.14476776123047,290.1817932128906,77.03099060058594,76.95365142822266,300.75469970703125,18.619522094726562,0.05368060618638992,-0.17785626649856567,0.9825912714004517,76.95365142822266,300.75469970703125,18.619522094726562,74.06596374511719,264.9134826660156,5.510666847229004,0.07545099407434464,0.936477780342102,0.34251493215560913,74.06596374511719,264.9134826660156,5.510666847229004,73.47484588623047,255.34617614746094,25.954206466674805,0.026179730892181396,0.4237217605113983,-0.9054139256477356,73.47484588623047,255.34617614746094,25.954206466674805,73.86918640136719,259.0190734863281,40.41104507446289,-0.026427986100316048,-0.2461509257555008,-0.9688711166381836,1113,51.15785598754883,14.559525489807129,90.5365219116211,290.3609619140625,75.7843017578125,95.7137680053711,300.308349609375,23.602781295776367,-0.09700141847133636,-0.18637529015541077,0.9776783585548401,95.7137680053711,300.308349609375,23.602781295776367,91.25823974609375,267.2588806152344,11.499905586242676,0.12559014558792114,0.9315814971923828,0.3411496579647064,91.25823974609375,267.2588806152344,11.499905586242676,87.10428619384766,258.1108093261719,31.067367553710938,0.18884961307048798,0.4158952832221985,-0.8895881175994873,87.10428619384766,258.1108093261719,31.067367553710938,85.85716247558594,261.3653869628906,45.48772430419922,0.08406305313110352,-0.2193765789270401,-0.9720119833946228,1114,40.1068115234375,12.93290901184082,101.11065673828125,284.43194580078125,75.4815444946289,112.60591125488281,295.7649230957031,28.78628158569336,-0.2326657921075821,-0.229381263256073,0.9451195597648621,112.60591125488281,295.7649230957031,28.78628158569336,105.70204162597656,271.46966552734375,16.52477264404297,0.24589845538139343,0.8653358817100525,0.43672406673431396,105.70204162597656,271.46966552734375,16.52477264404297,100.41009521484375,264.4700012207031,29.33829689025879,0.3407524824142456,0.45071372389793396,-0.8250725865364075,100.41009521484375,264.4700012207031,29.33829689025879,98.49687194824219,266.5247497558594,42.73369598388672,0.13978950679302216,-0.15013004839420319,-0.9787337779998779
1,82.68675994873047,290.347900390625,38.017398834228516,0.07307256013154984,0.33249199390411377,-0.02919580414891243,-0.26439565420150757,0.23393651843070984,-0.935611367225647,92.88849639892578,274.0889587402344,100.12077331542969,153.7141876220703,220.27056884765625,315.3633728027344,1110,41.38172912597656,16.309661865234375,66.67141723632812,267.86053466796875,82.50139617919922,66.67141723632812,267.86053466796875,82.50139617919922,0.0,0.0,0.0,66.67141723632812,267.86053466796875,82.50139617919922,62.73652648925781,265.4216613769531,40.221412658691406,0.0925145372748375,0.05734116584062576,0.9940588474273682,62.73652648925781,265.4216613769531,40.221412658691406,69.94908905029297,261.6740417480469,14.397595405578613,-0.2664138376712799,0.13842760026454926,0.9538665413856506,69.94908905029297,261.6740417480469,14.397595405578613,81.53514862060547,257.8387756347656,0.38388440012931824,-0.6234742403030396,0.2063850611448288,0.7541120648384094,1111,46.694664001464844,15.578988075256348,72.1236801147461,287.0455322265625,79.31761169433594,60.698997497558594,297.4495849609375,18.56639862060547,0.1822538673877716,-0.16597211360931396,0.9691423177719116,60.698997497558594,297.4495849609375,18.56639862060547,62.3160514831543,298.8573913574219,-15.479401588439941,-0.047402527183294296,-0.041268616914749146,0.9980229139328003,62.3160514831543,298.8573913574219,-15.479401588439941,63.4869499206543,296.6630554199219,-34.50946807861328,-0.06100998446345329,0.11433647572994232,0.9915668964385986,63.4869499206543,296.6630554199219,-34.50946807861328,64.41978454589844,293.81134033203125,-47.73992156982422,-0.06876063346862793,0.21020416915416718,0.9752364754676819,1112,53.2048225402832,15.300636291503906,82.04644012451172,289.875,77.41822052001953,79.283203125,300.6075134277344,19.01404571533203,0.046482861042022705,-0.18054112792015076,0.9824684262275696,79.283203125,300.6075134277344,19.01404571533203,76.58948516845703,264.7508544921875,5.906148910522461,0.07038286328315735,0.9368814826011658,0.34248995780944824,76.58948516845703,264.7508544921875,5.906148910522461,75.86959075927734,255.19471740722656,26.350797653198242,0.031883034855127335,0.42322683334350586,-0.9054625630378723,75.86959075927734,255.19471740722656,26.350797653198242,76.14559173583984,258.883056640625,40.80645751953125,-0.018497075885534286,-0.24718567728996277,-0.9687916040420532,1113,51.15785598754883,14.559525489807129,92.44709777832031,290.0850524902344,76.25325012207031,98.00497436523438,300.1961669921875,24.14238929748535,-0.10413292795419693,-0.18944284319877625,0.9763543009757996,98.00497436523438,300.1961669921875,24.14238929748535,93.72041320800781,267.15032958984375,11.968017578125,0.12077094614505768,0.9314786195755005,0.3431647717952728,93.72041320800781,267.15032958984375,11.968017578125,89.4420166015625,257.9693298339844,31.493194580078125,0.1945071518421173,0.417392373085022,-0.887665867805481,89.4420166015625,257.9693298339844,31.493194580078125,88.07963562011719,261.2073669433594,45.90684127807617,0.09183204919099808,-0.2182617038488388,-0.9715599417686462,1114,40.1068115234375,12.93290901184082,103.03895568847656,284.18475341796875,76.01615905761719,114.8681411743164,295.6822509765625,29.444673538208008,-0.23942455649375916,-0.23271115124225616,0.9426141977310181,114.8681411743164,295.6822509765625,29.444673538208008,108.13135528564453,271.38275146484375,17.098920822143555,0.23994731903076172,0.8654869198799133,0.43972456455230713,108.13135528564453,271.38275146484375,17.098920822143555,102.7004165649414,264.3926696777344,29.859407424926758,0.3497023284435272,0.4500967562198639,-0.8216575980186462,102.7004165649414,264.3926696777344,29.859407424926758,100.63575744628906,266.461181640625,43.23017883300781,0.1508541703224182,-0.15113568305969238,-0.9769344925880432
1,84.86538696289062,290.0259704589844,38.42155456542969,0.07651030272245407,0.33033487200737,-0.023390302434563637,-0.2538761496543884,0.241685152053833,-0.9365549683570862,94.65299224853516,273.8190002441406,100.6011962890625,153.05860900878906,218.2179718017578,316.0608825683594,1110,41.38172912597656,16.309661865234375,68.60238647460938,267.6092224121094,82.85130310058594,68.60238647460938,267.6092224121094,82.85130310058594,0.0,0.0,0.0,68.60238647460938,267.6092224121094,82.85130310058594,64.96845245361328,265.13720703125,40.54631423950195,0.08543864637613297,0.05812038853764534,0.9946468472480774,64.96845245361328,265.13720703125,40.54631423950195,72.34056854248047,261.37921142578125,14.7691011428833,-0.27230730652809143,0.13881084322929382,0.9521450400352478,72.34056854248047,261.37921142578125,14.7691011428833,83.9704818725586,257.54864501953125,0.7904826998710632,-0.6258343458175659,0.20613224804401398,0.7522240281105042,1111,46.694664001464844,15.578988075256348,74.048828125,286.794921875,79.66175079345703,62.99014663696289,297.0577392578125,18.818864822387695,0.17641520500183105,-0.1637190580368042,0.9706048965454102,62.99014663696289,297.0577392578125,18.818864822387695,64.78883361816406,298.2288513183594,-15.226787567138672,-0.05272694304585457,-0.034330129623413086,0.9980186820030212,64.78883361816406,298.2288513183594,-15.226787567138672,66.06365966796875,295.9205322265625,-34.23667907714844,-0.06642517447471619,0.12027562409639359,0.9905158281326294,66.06365966796875,295.9205322265625,-34.23667907714844,67.0693359375,293.0052490234375,-47.44792938232422,-0.07412989437580109,0.21488985419273376,0.9738208651542664,1112,53.2048225402832,15.300636291503906,83.97948455810547,289.6337890625,77.8185043334961,81.56696319580078,300.2416076660156,19.376022338867188,0.04058316349983215,-0.1784435361623764,0.9831128716468811,81.56696319580078,300.2416076660156,19.376022338867188,78.9998550415039,264.3193359375,6.423279285430908,0.0670747384428978,0.9385958313941956,0.3384360373020172,78.9998550415039,264.3193359375,6.423279285430908,78.16887664794922,254.85983276367188,26.908599853515625,0.03680279850959778,0.4189473092556,-0.9072644114494324,78.16887664794922,254.85983276367188,26.908599853515625,78.352783203125,258.6204833984375,41.347076416015625,-0.012325082905590534,-0.25203195214271545,-0.9676404595375061,1113,51.15785598754883,14.559525489807129,94.38693237304688,289.85546875,76.71808624267578,100.25685119628906,299.8661193847656,24.622053146362305,-0.10997940599918365,-0.18756058812141418,0.9760766625404358,100.25685119628906,299.8661193847656,24.622053146362305,96.08468627929688,266.776123046875,12.52888011932373,0.11760279536247253,0.9327234625816345,0.3408760130405426,96.08468627929688,266.776123046875,12.52888011932373,91.69904327392578,257.6523742675781,32.05710220336914,0.19938284158706665,0.4147895574569702,-0.8878041505813599,91.69904327392578,257.6523742675781,32.05710220336914,90.24604034423828,260.9365234375,46.451454162597656,0.09794046729803085,-0.2213698923587799,-0.9702592492103577,1114,40.1068115234375,12.93290901184082,104.98793029785156,283.9689636230469,76.55943298339844,117.09256744384766,295.38592529296875,30.038942337036133,-0.2449997365474701,-0.23108108341693878,0.9415820240974426,117.09256744384766,295.38592529296875,30.038942337036133,110.4764404296875,271.03594970703125,17.727432250976562,0.2356497347354889,0.8672846555709839,0.4385049045085907,110.4764404296875,271.03594970703125,17.727432250976562,104.91592407226562,264.1151123046875,30.4698486328125,0.3580458164215088,0.44563791155815125,-0.820493757724762,104.91592407226562,264.1151123046875,30.4698486328125,102.71932983398438,266.2528076171875,43.808677673339844,0.16049398481845856,-0.15619054436683655,-0.9746004939079285
1,87.04610443115234,289.7962646484375,38.85835266113281,0.08082976937294006,0.3308771252632141,-0.018058648332953453,-0.24336084723472595,0.24694347381591797,-0.9379735589027405,96.43994903564453,273.52557373046875,101.07958221435547,152.4264678955078,216.71484375,316.8656311035156,1110,41.38172912597656,16.309661865234375,70.56233215332031,267.3156433105469,83.17433166503906,70.56233215332031,267.3156433105469,83.17433166503906,0.0,0.0,0.0,70.56233215332031,267.3156433105469,83.17433166503906,67.19644927978516,264.9475402832031,40.84123229980469,0.07913640141487122,0.05567726492881775,0.9953076839447021,67.19644927978516,264.9475402832031,40.84123229980469,74.6859359741211,261.2730407714844,15.08582592010498,-0.27664273977279663,0.13572673499584198,0.9513396620750427,74.6859359741211,261.2730407714844,15.08582592010498,86.32501983642578,257.50408935546875,1.0980937480926514,-0.6263277530670166,0.20281656086444855,0.7527142763137817,1111,46.694664001464844,15.578988075256348,75.98558807373047,286.515380859375,80.02985382080078,65.27522277832031,296.7919616699219,19.127002716064453,0.17085860669612885,-0.16393861174583435,0.9715613126754761,65.27522277832031,296.7919616699219,19.127002716064453,67.24102783203125,297.85089111328125,-14.913084030151367,-0.057625871151685715,-0.031041597947478294,0.997855544090271,67.24102783203125,297.85089111328125,-14.913084030151367,68.6144790649414,295.4962158203125,-33.91041946411133,-0.07156405597925186,0.12269099801778793,0.9898613691329956,68.6144790649414,295.4962158203125,-33.91041946411133,69.6905517578125,292.563720703125,-47.1123046875,-0.07931894809007645,0.2161586582660675,0.9731309413909912,1112,53.2048225402832,15.300636291503906,85.92098236083984,289.3773498535156,78.2489242553711,83.84119415283203,300.0165710449219,19.79935646057129,0.03498595952987671,-0.1789717674255371,0.9832319617271423,83.84119415283203,300.0165710449219,19.79935646057129,81.42937469482422,264.0658264160156,6.895835876464844,0.06301726400852203,0.9393395781517029,0.33714982867240906,81.42937469482422,264.0658264160156,6.895835876464844,80.49750518798828,254.63699340820312,27.390960693359375,0.04127110168337822,0.41758885979652405,-0.9076982736587524,80.49750518798828,254.63699340820312,27.390960693359375,80.587646484375,258.4234313964844,41.82358932495117,-0.006041104439646006,-0.25376012921333313,-0.9672483205795288,1113,51.15785598754883,14.559525489807129,96.33442687988281,289.62274169921875,77.21210479736328,102.49954986572266,299.6791076660156,25.158994674682617,-0.11551038175821304,-0.18841710686683655,0.9752724170684814,102.49954986572266,299.6791076660156,25.158994674682617,98.46866607666016,266.5780029296875,13.04833698272705,0.11362046003341675,0.9330368041992188,0.3413689434528351,98.46866607666016,266.5780029296875,13.04833698272705,93.98587799072266,257.44744873046875,32.55131912231445,0.20379915833473206,0.415098637342453,-0.8866561055183411,93.98587799072266,257.44744873046875,32.55131912231445,92.44036102294922,260.73126220703125,46.93610763549805,0.10417643189430237,-0.22134728729724884,-0.9696146845817566,1114,40.1068115234375,12.93290901184082,106.94921112060547,283.7597961425781,77.11445617675781,119.31182861328125,295.2327575683594,30.6756591796875,-0.2502213418483734,-0.23221455514431,0.9399285912513733,119.31182861328125,295.2327575683594,30.6756591796875,112.83550262451172,270.8636779785156,18.327709197998047,0.2306705266237259,0.8679656386375427,0.4398030638694763,112.83550262451172,270.8636779785156,18.327709197998047,107.16089630126953,263.96533203125,31.031982421875,0.36539191007614136,0.4441893398761749,-0.8180370926856995,107.16089630126953,263.96533203125,31.031982421875,104.839599609375,266.13055419921875,44.34523391723633,0.1696053147315979,-0.15820173919200897,-0.9727314114570618
1,89.25273895263672,289.5882873535156,39.24202346801758,0.08370896428823471,0.3286222815513611,-0.012242634780704975,-0.23316062986850739,0.2501590847969055,-0.9397109150886536,98.23648834228516,273.41436767578125,101.5462875366211,151.8763885498047,215.8638916015625,317.73199462890625,1110,41.38172912597656,16.309661865234375,72.51815032958984,267.19146728515625,83.50640106201172,72.51815032958984,267.19146728515625,83.50640106201172,0.0,0.0,0.0,72.51815032958984,267.19146728515625,83.50640106201172,69.36688995361328,264.8116149902344,41.157440185546875,0.07409033924341202,0.055953506380319595,0.9956806302070618,69.36688995361328,264.8116149902344,41.157440185546875,76.93243408203125,261.139404296875,15.423948287963867,-0.2794520854949951,0.1356421858072281,0.9505302309989929,76.93243408203125,261.139404296875,15.423948287963867,88.55343627929688,257.37896728515625,1.4189083576202393,-0.6253549456596375,0.2023584395647049,0.7536459565162659,1111,46.694664001464844,15.578988075256348,77.944091796875,286.38885498046875,80.35248565673828,67.5966567993164,296.52142333984375,19.362817764282227,0.16506889462471008,-0.1616412103176117,0.9729462265968323,67.5966567993164,296.52142333984375,19.362817764282227,69.72205352783203,297.4410095214844,-14.671728134155273,-0.06230415403842926,-0.026956867426633835,0.9976930618286133,69.72205352783203,297.4410095214844,-14.671728134155273,71.1858139038086,295.02960205078125,-33.65519714355469,-0.07626963406801224,0.12564705312252045,0.9891388416290283,71.1858139038086,295.02960205078125,-33.65519714355469,72.32461547851562,292.0757751464844,-46.84706497192383,-0.08394277095794678,0.21773101389408112,0.9723923802375793,1112,53.2048225402832,15.300636291503906,87.88771057128906,289.2555236816406,78.6258316040039,86.15542602539062,299.7635803222656,20.14122200012207,0.029140295460820198,-0.1767653375864029,0.9838215708732605,86.15542602539062,299.7635803222656,20.14122200012207,83.85010528564453,263.7585144042969,7.370422840118408,0.060234636068344116,0.9407593011856079,0.33368217945098877,83.85010528564453,263.7585144042969,7.370422840118408,82.80390930175781,254.41651916503906,27.899765014648438,0.04633445292711258,0.41374295949935913,-0.9092138409614563,82.80390930175781,254.41651916503906,27.899765014648438,82.80521392822266,258.2670593261719,42.315704345703125,-8.743368380237371e-05,-0.2580561637878418,-0.9661298990249634,1113,51.15785598754883,14.559525489807129,98.30707550048828,289.5076599121094,77.65199279785156,104.78102111816406,299.45416259765625,25.61527442932129,-0.12129651755094528,-0.18635870516300201,0.9749653935432434,104.78102111816406,299.45416259765625,25.61527442932129,100.84922790527344,266.31793212890625,13.568307876586914,0.11082739382982254,0.9340272545814514,0.33957377076148987,100.84922790527344,266.31793212890625,13.568307876586914,96.25668334960938,257.239990234375,33.07030487060547,0.20878903567790985,0.4127068817615509,-0.8866115808486938,96.25668334960938,257.239990234375,33.07030487060547,94.62267303466797,260.5640869140625,47.43605422973633,0.1101413294672966,-0.2240625023841858,-0.9683309197425842,1114,40.1068115234375,12.93290901184082,108.92726135253906,283.6537170410156,77.632080078125,121.56311798095703,295.0346374511719,31.244203567504883,-0.25575169920921326,-0.23035159707069397,0.9388979077339172,121.56311798095703,295.0346374511719,31.244203567504883,115.18924713134766,270.6274108886719,18.918254852294922,0.22702115774154663,0.8693236708641052,0.439019113779068,115.18924713134766,270.6274108886719,18.918254852294922,109.41874694824219,263.7818298339844,31.607847213745117,0.37156692147254944,0.4407922029495239,-0.8170925378799438,109.41874694824219,263.7818298339844,31.607847213745117,106.99832916259766,266.0032043457031,44.894161224365234,0.1768476814031601,-0.1623045951128006,-0.9707636833190918
1,91.38353729248047,289.2915344238281,39.65464782714844,0.08431071043014526,0.32691439986228943,-0.0066100843250751495,-0.22254137694835663,0.2509908974170685,-0.9420610070228577,99.97137451171875,273.1955261230469,102.03325653076172,151.1682586669922,215.45367431640625,318.7596435546875,1110,41.38172912597656,16.309661865234375,74.39178466796875,266.989013671875,83.8686294555664,74.39178466796875,266.989013671875,83.8686294555664,0.0,0.0,0.0,74.39178466796875,266.989013671875,83.8686294555664,71.4483642578125,264.6168212890625,41.50428771972656,0.06920374184846878,0.05577341094613075,0.9960422515869141,71.4483642578125,264.6168212890625,41.50428771972656,79.078125,260.9414367675781,15.790214538574219,-0.28182411193847656,0.13575942814350128,0.9498129487037659,79.078125,260.9414367675781,15.790214538574219,90.66677856445312,257.17315673828125,1.7604886293411255,-0.6236139535903931,0.20278041064739227,0.7549740672111511,1111,46.694664001464844,15.578988075256348,79.85586547851562,286.1749267578125,80.71060180664062,69.83983612060547,296.21502685546875,19.650362014770508,0.15978212654590607,-0.16016611456871033,0.9740720987319946,69.83983612060547,296.21502685546875,19.650362014770508,72.09451293945312,296.9632263183594,-14.380062103271484,-0.06609388440847397,-0.0219328161329031,0.9975723028182983,72.09451293945312,296.9632263183594,-14.380062103271484,73.62566375732422,294.4764099121094,-33.348480224609375,-0.07978104054927826,0.12957626581192017,0.9883546829223633,73.62566375732422,294.4764099121094,-33.348480224609375,74.80872344970703,291.48760986328125,-46.528568267822266,-0.08720511198043823,0.22030895948410034,0.971524178981781,1112,53.2048225402832,15.300636291503906,89.81163024902344,289.0274963378906,79.03126525878906,88.39791107177734,299.437744140625,20.520597457885742,0.02378142438828945,-0.175120010972023,0.984259843826294,88.39791107177734,299.437744140625,20.520597457885742,86.11531829833984,263.3879089355469,7.872543811798096,0.059640757739543915,0.9419286251068115,0.330474853515625,86.11531829833984,263.3879089355469,7.872543811798096,84.9537124633789,254.12767028808594,28.432697296142578,0.05144578590989113,0.4101221263408661,-0.9105784893035889,84.9537124633789,254.12767028808594,28.432697296142578,84.88642883300781,258.0367431640625,42.83271408081055,0.004509226884692907,-0.26197898387908936,-0.9650630354881287,1113,51.15785598754883,14.559525489807129,100.23623657226562,289.2662658691406,78.1116714477539,106.99418640136719,299.1167907714844,26.092796325683594,-0.1266176402568817,-0.18456043303012848,0.9746309518814087,106.99418640136719,299.1167907714844,26.092796325683594,103.0830307006836,265.9565124511719,14.105340003967285,0.11024557799100876,0.9347043037414551,0.33789604902267456,103.0830307006836,265.9565124511719,14.105340003967285,98.37969207763672,256.9339599609375,33.60661697387695,0.21382617950439453,0.41018903255462646,-0.8865795135498047,98.37969207763672,256.9339599609375,33.60661697387695,96.67626953125,260.2945861816406,47.95579147338867,0.11482012271881104,-0.22652484476566315,-0.9672139286994934,1114,40.1068115234375,12.93290901184082,110.84976196289062,283.4004211425781,78.15740966796875,123.74153137207031,294.6880798339844,31.817182540893555,-0.26093143224716187,-0.22846397757530212,0.9379333853721619,123.74153137207031,294.6880798339844,31.817182540893555,117.39887237548828,270.2605895996094,19.5152645111084,0.22590935230255127,0.8700449466705322,0.43816298246383667,117.39887237548828,270.2605895996094,19.5152645111084,111.55729675292969,263.4641418457031,32.19875717163086,0.37614330649375916,0.43762820959091187,-0.8166993260383606,111.55729675292969,263.4641418457031,32.19875717163086,109.076171875,265.7300720214844,45.46634292602539,0.1812831461429596,-0.16555996239185333,-0.969394862651825
1,93.49150085449219,288.923583984375,40.087642669677734,0.08229182660579681,0.3255365490913391,-2.961583959404379e-06,-0.21172674000263214,0.2515842020511627,-0.9443925023078918,101.64068603515625,272.8738708496094,102.53580474853516,150.349609375,214.99551391601562,319.7985534667969,1110,41.38172912597656,16.309661865234375,76.18038940429688,266.74688720703125,84.2409896850586,76.18038940429688,266.74688720703125,84.2409896850586,0.0,0.0,0.0,76.18038940429688,266.74688720703125,84.2409896850586,73.41674041748047,264.40582275390625,41.86280822753906,0.06497707962989807,0.05504155158996582,0.9963676333427429,73.41674041748047,264.40582275390625,41.86280822753906,81.09024047851562,260.7165832519531,16.163740158081055,-0.2834397256374359,0.13627119362354279,0.9492586851119995,81.09024047851562,260.7165832519531,16.163740158081055,92.6287841796875,256.9161682128906,2.101423978805542,-0.620917558670044,0.20450972020626068,0.756727933883667,1111,46.694664001464844,15.578988075256348,81.73361206054688,285.90765380859375,81.08578491210938,72.0809555053711,295.90032958984375,19.959278106689453,0.15398536622524261,-0.1594095677137375,0.975129246711731,72.0809555053711,295.90032958984375,19.959278106689453,74.4599380493164,296.5085754394531,-14.065473556518555,-0.06973780691623688,-0.017830198630690575,0.997406005859375,74.4599380493164,296.5085754394531,-14.065473556518555,76.04862213134766,293.9593811035156,-33.020877838134766,-0.08277881890535355,0.13282646238803864,0.9876765608787537,76.04862213134766,293.9593811035156,-33.020877838134766,77.26622009277344,290.94024658203125,-46.19089889526367,-0.08975100517272949,0.22254502773284912,0.9707823991775513,1112,53.2048225402832,15.300636291503906,91.7088851928711,288.7203369140625,79.45564270019531,90.64617156982422,299.0542907714844,20.92402458190918,0.017876848578453064,-0.1738366037607193,0.984612226486206,90.64617156982422,299.0542907714844,20.92402458190918,88.29239654541016,262.9802551269531,8.35835075378418,0.0615006722509861,0.9425613880157471,0.32832255959510803,88.29239654541016,262.9802551269531,8.35835075378418,86.988037109375,253.78070068359375,28.937185287475586,0.05776811018586159,0.4074343740940094,-0.9114055037498474,86.988037109375,253.78070068359375,28.937185287475586,86.86051177978516,257.73040771484375,43.32571029663086,0.008546511642634869,-0.26470205187797546,-0.9642923474311829,1113,51.15785598754883,14.559525489807129,102.1390609741211,288.9185791015625,78.59131622314453,109.2111587524414,298.6710205078125,26.595735549926758,-0.13250355422496796,-0.18272274732589722,0.9741946458816528,109.2111587524414,298.6710205078125,26.595735549926758,105.2390365600586,265.509521484375,14.63183879852295,0.11196419596672058,0.9347397685050964,0.3372323513031006,105.2390365600586,265.509521484375,14.63183879852295,100.39808654785156,256.53424072265625,34.12127685546875,0.2200821489095688,0.40803954005241394,-0.8860403299331665,100.39808654785156,256.53424072265625,34.12127685546875,98.6310806274414,259.9219055175781,48.456398010253906,0.1191059947013855,-0.22834739089012146,-0.9662666320800781,1114,40.1068115234375,12.93290901184082,112.72997283935547,283.0128479003906,78.70170593261719,125.91093444824219,294.1872253417969,32.4154167175293,-0.26678475737571716,-0.22617116570472717,0.9368417859077454,125.91093444824219,294.1872253417969,32.4154167175293,119.55152893066406,269.7644958496094,20.112730026245117,0.22650596499443054,0.869875967502594,0.43819063901901245,119.55152893066406,269.7644958496094,20.112730026245117,113.58885955810547,263.0281066894531,32.77188491821289,0.38394075632095337,0.4337611496448517,-0.8151324391365051,113.58885955810547,263.0281066894531,32.77188491821289,111.02410888671875,265.3402404785156,46.015567779541016,0.18739335238933563,-0.16893590986728668,-0.9676488637924194
1,95.44793701171875,288.43408203125,40.49937057495117,0.08537989109754562,0.32417693734169006,0.002489399863407016,-0.2013864517211914,0.25144851207733154,-0.9466874599456787,103.35753631591797,272.4737548828125,102.99920654296875,149.6876220703125,214.6266326904297,320.7899169921875,1110,41.38172912597656,16.309661865234375,78.04183197021484,266.28173828125,84.62760925292969,78.04183197021484,266.28173828125,84.62760925292969,0.0,0.0,0.0,78.04183197021484,266.28173828125,84.62760925292969,75.43923950195312,263.87701416015625,42.242794036865234,0.061190422624349594,0.05653827637434006,0.9965236186981201,75.43923950195312,263.87701416015625,42.242794036865234,83.15335083007812,260.18157958984375,16.556779861450195,-0.28493982553482056,0.1365000307559967,0.9487766027450562,83.15335083007812,260.18157958984375,16.556779861450195,94.65995025634766,256.4017333984375,2.4627747535705566,-0.6191983819007874,0.2034028172492981,0.7584331035614014,1111,46.694664001464844,15.578988075256348,83.56562805175781,285.4496154785156,81.46393585205078,74.08736419677734,295.3392333984375,20.29339027404785,0.15120331943035126,-0.15776550769805908,0.9758316874504089,74.08736419677734,295.3392333984375,20.29339027404785,76.52000427246094,295.8004455566406,-13.729878425598145,-0.07131072133779526,-0.013520032167434692,0.997362494468689,76.52000427246094,295.8004455566406,-13.729878425598145,78.14313507080078,293.19073486328125,-32.67412185668945,-0.08457367867231369,0.13597969710826874,0.9870951175689697,78.14313507080078,293.19073486328125,-32.67412185668945,79.38668060302734,290.140380859375,-45.83452606201172,-0.09166361391544342,0.22484618425369263,0.9700732231140137,1112,53.2048225402832,15.300636291503906,93.54022979736328,288.2806701660156,79.86173248291016,92.64287567138672,298.5328063964844,21.312963485717773,0.01509519200772047,-0.17246030271053314,0.9849008917808533,92.64287567138672,298.5328063964844,21.312963485717773,90.39962768554688,262.4144287109375,8.854928016662598,0.058612775057554245,0.9437201619148254,0.325510174036026,90.39962768554688,262.4144287109375,8.854928016662598,89.05189514160156,253.296142578125,29.46711540222168,0.059689030051231384,0.4038350582122803,-0.9128824472427368,89.05189514160156,253.296142578125,29.46711540222168,88.87366485595703,257.3051452636719,43.83868408203125,0.011944671161472797,-0.26867610216140747,-0.963156521320343,1113,51.15785598754883,14.559525489807129,103.97268676757812,288.4992370605469,79.0303726196289,111.1904296875,298.195556640625,27.04430389404297,-0.1352323591709137,-0.18167123198509216,0.9740162491798401,111.1904296875,298.195556640625,27.04430389404297,107.32086181640625,265.0039978027344,15.130230903625488,0.10907341539859772,0.9355868101119995,0.33582785725593567,107.32086181640625,265.0039978027344,15.130230903625488,102.43864440917969,256.07000732421875,34.62834548950195,0.2219582498073578,0.4061623513698578,-0.8864348530769348,102.43864440917969,256.07000732421875,34.62834548950195,100.62166595458984,259.48614501953125,48.95045852661133,0.12247440963983536,-0.23026660084724426,-0.9653897285461426,1114,40.1068115234375,12.93290901184082,114.57532501220703,282.6155090332031,79.18256378173828,127.88076782226562,293.7541198730469,32.923274993896484,-0.2693042457103729,-0.22544722259044647,0.936295211315155,127.88076782226562,293.7541198730469,32.923274993896484,121.60381317138672,269.29962158203125,20.641372680664062,0.22356927394866943,0.8710074424743652,0.4374503493309021,121.60381317138672,269.29962158203125,20.641372680664062,115.63191986083984,262.58587646484375,33.30821228027344,0.3845345377922058,0.43230292201042175,-0.8156269788742065,115.63191986083984,262.58587646484375,33.30821228027344,113.03904724121094,264.9273681640625,46.541259765625,0.1894480586051941,-0.17108093202114105,-0.9668716788291931
1,97.40666961669922,287.8070068359375,40.879547119140625,0.084832102060318,0.3191022574901581,0.0070106820203363895,-0.1919337809085846,0.25315141677856445,-0.9481960535049438,104.99211120605469,272.0955505371094,103.4788589477539,149.14755249023438,213.85665893554688,321.61663818359375,1110,41.38172912597656,16.309661865234375,79.7880630493164,265.9086608886719,85.0501937866211,79.7880630493164,265.9086608886719,85.0501937866211,0.0,0.0,0.0,79.7880630493164,265.9086608886719,85.0501937866211,77.36104583740234,263.29302978515625,42.667457580566406,0.05706242099404335,0.06149698421359062,0.9964748024940491,77.36104583740234,263.29302978515625,42.667457580566406,85.10771942138672,259.46905517578125,17.010066986083984,-0.286142498254776,0.1412479430437088,0.9477190375328064,85.10771942138672,259.46905517578125,17.010066986083984,96.56290435791016,255.61643981933594,2.893907070159912,-0.6164317727088928,0.2073187530040741,0.7596254348754883,1111,46.694664001464844,15.578988075256348,85.35733795166016,285.05078125,81.8113021850586,76.13809204101562,294.6458740234375,20.55432891845703,0.14707133173942566,-0.15306709706783295,0.9772106409072876,76.13809204101562,294.6458740234375,20.55432891845703,78.64449310302734,294.8714599609375,-13.465962409973145,-0.07347296923398972,-0.006612855941057205,0.9972752928733826,78.64449310302734,294.8714599609375,-13.465962409973145,80.30020141601562,292.18212890625,-32.39624786376953,-0.08627113699913025,0.14012832939624786,0.9863677620887756,80.30020141601562,292.18212890625,-32.39624786376953,81.56328582763672,289.0961608886719,-45.546485900878906,-0.09310384839773178,0.22747133672237396,0.9693237543106079,1112,53.2048225402832,15.300636291503906,95.34306335449219,287.856689453125,80.23431396484375,94.69490051269531,297.8129577636719,21.6312255859375,0.01090332306921482,-0.16748324036598206,0.98581463098526,94.69490051269531,297.8129577636719,21.6312255859375,92.43856048583984,261.6348876953125,9.349987983703613,0.05895483121275902,0.9452795386314392,0.3208906054496765,92.43856048583984,261.6348876953125,9.349987983703613,90.99420928955078,252.633544921875,30.00697135925293,0.06396815180778503,0.3986560106277466,-0.9148668646812439,90.99420928955078,252.633544921875,30.00697135925293,90.76687622070312,256.725341796875,44.3545036315918,0.015235439874231815,-0.2742246389389038,-0.9615449905395508,1113,51.15785598754883,14.559525489807129,105.77908325195312,288.0532531738281,79.44320678710938,113.21903991699219,297.4732360839844,27.437660217285156,-0.1393957883119583,-0.17649376392364502,0.9743812084197998,113.21903991699219,297.4732360839844,27.437660217285156,109.34785461425781,264.2401123046875,15.640538215637207,0.1091189831495285,0.936758279800415,0.332531213760376,109.34785461425781,264.2401123046875,15.640538215637207,104.37162017822266,255.3970489501953,35.156314849853516,0.2262326180934906,0.40202876925468445,-0.8872382044792175,104.37162017822266,255.3970489501953,35.156314849853516,102.50094604492188,258.8752136230469,49.45656967163086,0.126093789935112,-0.23444755375385284,-0.9639163613319397,1114,40.1068115234375,12.93290901184082,116.37088775634766,282.15234375,79.66724395751953,129.87831115722656,293.0332946777344,33.40516662597656,-0.27339234948158264,-0.22023214399814606,0.9363516569137573,129.87831115722656,293.0332946777344,33.40516662597656,123.61498260498047,268.53826904296875,21.197322845458984,0.22308403253555298,0.8724513053894043,0.4348127543926239,123.61498260498047,268.53826904296875,21.197322845458984,117.59165954589844,261.8902587890625,33.87447738647461,0.3878461420536041,0.42807021737098694,-0.8162912130355835,117.59165954589844,261.8902587890625,33.87447738647461,114.95814514160156,264.2955322265625,47.088043212890625,0.19241756200790405,-0.17574115097522736,-0.9654483795166016
1,99.25341796875,287.1976623535156,41.400856018066406,0.092946358025074,0.3222413957118988,0.013046946376562119,-0.18242792785167694,0.25291764736175537,-0.9501330256462097,106.40213012695312,271.354736328125,104.01861572265625,148.37069702148438,213.16961669921875,322.6020202636719,1110,41.38172912597656,16.309661865234375,81.40947723388672,265.0675354003906,85.36505889892578,81.40947723388672,265.0675354003906,85.36505889892578,0.0,0.0,0.0,81.40947723388672,265.0675354003906,85.36505889892578,79.31678009033203,262.56976318359375,42.957393646240234,0.04920210689306259,0.05872596427798271,0.9970608949661255,79.31678009033203,262.56976318359375,42.957393646240234,87.23893737792969,258.875732421875,17.334575653076172,-0.29262447357177734,0.13644817471504211,0.946442186832428,87.23893737792969,258.875732421875,17.334575653076172,98.74762725830078,255.14230346679688,3.229909658432007,-0.6193109154701233,0.2009049952030182,0.7590067386627197,1111,46.694664001464844,15.578988075256348,86.89930725097656,284.24957275390625,82.22825622558594,78.10755157470703,293.9834899902344,20.93035125732422,0.14025172591209412,-0.1552816927433014,0.9778634905815125,78.10755157470703,293.9834899902344,20.93035125732422,80.81900024414062,294.30108642578125,-13.073477745056152,-0.0794837549328804,-0.009310062974691391,0.9967926740646362,80.81900024414062,294.30108642578125,-13.073477745056152,82.59842681884766,291.7392883300781,-32.01022720336914,-0.09271750599145889,0.1334831863641739,0.9867044687271118,82.59842681884766,291.7392883300781,-32.01022720336914,83.952392578125,288.77313232421875,-45.178977966308594,-0.09980285912752151,0.21863983571529388,0.9706884622573853,1112,53.2048225402832,15.300636291503906,96.88159942626953,287.1145935058594,80.73818969726562,96.63778686523438,297.24810791015625,22.162412643432617,0.004101387690752745,-0.17046485841274261,0.9853551983833313,96.63778686523438,297.24810791015625,22.162412643432617,94.67618560791016,261.1009521484375,9.740376472473145,0.05125376582145691,0.9444721937179565,0.32456958293914795,94.67618560791016,261.1009521484375,9.740376472473145,93.1192855834961,252.02659606933594,30.35721206665039,0.06895273178815842,0.4018894135951996,-0.913088321685791,93.1192855834961,252.02659606933594,30.35721206665039,92.75773620605469,256.0778503417969,44.71348571777344,0.02423037588596344,-0.2715076208114624,-0.962131142616272,1113,51.15785598754883,14.559525489807129,107.322265625,287.3703308105469,80.02957153320312,115.11749267578125,296.9911804199219,28.112911224365234,-0.14605216681957245,-0.18025721609592438,0.9727158546447754,115.11749267578125,296.9911804199219,28.112911224365234,111.53351593017578,263.79248046875,16.129558563232422,0.10102327913045883,0.9357877373695374,0.33778053522109985,111.53351593017578,263.79248046875,16.129558563232422,106.4504165649414,254.83160400390625,35.563880920410156,0.23109103739261627,0.4073849618434906,-0.8835352659225464,106.4504165649414,254.83160400390625,35.563880920410156,104.44404602050781,258.232421875,49.864341735839844,0.13524049520492554,-0.229233980178833,-0.9639303684234619,1114,40.1068115234375,12.93290901184082,117.94405364990234,281.5264587402344,80.31871795654297,131.75355529785156,292.62347412109375,34.197364807128906,-0.27950647473335266,-0.22460532188415527,0.9335033893585205,131.75355529785156,292.62347412109375,34.197364807128906,125.74102783203125,268.14471435546875,21.8317813873291,0.2141510397195816,0.8718715906143188,0.4404308497905731,125.74102783203125,268.14471435546875,21.8317813873291,119.63218688964844,261.41632080078125,34.425315856933594,0.39335301518440247,0.4332464933395386,-0.8109074831008911,119.63218688964844,261.41632080078125,34.425315856933594,116.86104583740234,263.7609558105469,47.62162399291992,0.2024732232093811,-0.17131058871746063,-0.9641873240470886
1,104.3851547241211,286.10540771484375,42.6431884765625,0.11257997155189514,0.31735897064208984,0.01917283609509468,-0.1546330749988556,0.25590261816978455,-0.9542549252510071,110.87103271484375,270.60400390625,105.40837097167969,146.4452362060547,211.732177734375,324.9400329589844,1110,41.38172912597656,16.309661865234375,86.39339447021484,263.9145202636719,86.51640319824219,86.39339447021484,263.9145202636719,86.51640319824219,0.0,0.0,0.0,86.39339447021484,263.9145202636719,86.51640319824219,84.77742767333984,261.16790771484375,44.10327911376953,0.03799353912472725,0.06457653641700745,0.9971892833709717,84.77742767333984,261.16790771484375,44.10327911376953,92.89238739013672,257.49749755859375,18.53746795654297,-0.2997461259365082,0.13557568192481995,0.9443365335464478,92.89238739013672,257.49749755859375,18.53746795654297,104.40362548828125,253.91058349609375,4.396911144256592,-0.619448184967041,0.19302070140838623,0.760938286781311,1111,46.694664001464844,15.578988075256348,91.61066436767578,283.166259765625,83.3416519165039,83.37027740478516,292.44598388671875,21.89688491821289,0.13145595788955688,-0.14803612232208252,0.9802064299583435,83.37027740478516,292.44598388671875,21.89688491821289,86.40576171875,292.369384765625,-12.080949783325195,-0.08898257464170456,0.0022454364225268364,0.9960306882858276,86.40576171875,292.369384765625,-12.080949783325195,88.40762329101562,289.6061096191406,-30.96709442138672,-0.10430754721164703,0.1439812034368515,0.9840677380561829,88.40762329101562,289.6061096191406,-30.96709442138672,89.9328384399414,286.52587890625,-44.09085464477539,-0.11242593824863434,0.22704851627349854,0.9673724174499512,1112,53.2048225402832,15.300636291503906,101.56221771240234,286.1839599609375,81.95073699951172,101.83036804199219,296.0146484375,23.32347869873047,-0.0045107947662472725,-0.16537073254585266,0.9862211346626282,101.83036804199219,296.0146484375,23.32347869873047,100.58740997314453,259.7580871582031,11.129674911499023,0.03247666731476784,0.94733065366745,0.3186061680316925,100.58740997314453,259.7580871582031,11.129674911499023,98.9402084350586,250.80828857421875,31.793882369995117,0.07295206934213638,0.39637306332588196,-0.9151865243911743,98.9402084350586,250.80828857421875,31.793882369995117,98.35114288330078,254.96453857421875,46.11256408691406,0.03947808966040611,-0.27854421734809875,-0.959611713886261,1113,51.15785598754883,14.559525489807129,112.0049057006836,286.6041259765625,81.36016082763672,120.24207305908203,296.0854187011719,29.486087799072266,-0.15433241426944733,-0.17764247953891754,0.971917986869812,120.24207305908203,296.0854187011719,29.486087799072266,117.33887481689453,262.7861328125,17.597957611083984,0.0818338617682457,0.9386231899261475,0.3350965082645416,117.33887481689453,262.7861328125,17.597957611083984,112.17627716064453,253.83668518066406,37.01659393310547,0.2347051203250885,0.4068651795387268,-0.8828217387199402,112.17627716064453,253.83668518066406,37.01659393310547,109.95157623291016,257.2796936035156,51.27459716796875,0.14995718002319336,-0.23207785189151764,-0.9610684514045715,1114,40.1068115234375,12.93290901184082,122.71501159667969,280.9335021972656,81.80145263671875,136.8748779296875,292.0169982910156,35.783203125,-0.28659793734550476,-0.22433170676231384,0.9314166307449341,136.8748779296875,292.0169982910156,35.783203125,131.4549102783203,267.3815002441406,23.45501708984375,0.193045511841774,0.8774540424346924,0.4390987455844879,131.4549102783203,267.3815002441406,23.45501708984375,125.17364501953125,260.68145751953125,35.97865676879883,0.4044554531574249,0.43142086267471313,-0.8064067363739014,125.17364501953125,260.68145751953125,35.97865676879883,122.10660552978516,263.1143493652344,49.09328079223633,0.22409304976463318,-0.1777590960264206,-0.9582191705703735
1,105.76319885253906,286.0018615722656,43.13142776489258,0.10552877187728882,0.31514686346054077,0.02970956079661846,-0.14749237895011902,0.2612200975418091,-0.9539444446563721,111.65614318847656,270.517333984375,105.95708465576172,145.58758544921875,210.42221069335938,325.4173278808594,1110,41.38172912597656,16.309661865234375,87.23643493652344,264.07244873046875,86.91338348388672,87.23643493652344,264.07244873046875,86.91338348388672,0.0,0.0,0.0,87.23643493652344,264.07244873046875,86.91338348388672,85.8333740234375,261.2530822753906,44.49745559692383,0.03298783674836159,0.0662870779633522,0.9972552061080933,85.8333740234375,261.2530822753906,44.49745559692383,94.01454162597656,257.4632263183594,18.970199584960938,-0.3021916449069977,0.13998769223690033,0.9429122805595398,94.01454162597656,257.4632263183594,18.970199584960938,105.48905944824219,253.75399780273438,4.8313517570495605,-0.6174720525741577,0.19960272312164307,0.7608461976051331,1111,46.694664001464844,15.578988075256348,92.65777587890625,283.26776123046875,83.7388687133789,84.96444702148438,292.4956359863281,22.215408325195312,0.12272891402244568,-0.14720897376537323,0.9814617037773132,84.96444702148438,292.4956359863281,22.215408325195312,88.17755126953125,292.1961975097656,-11.744856834411621,-0.09418935328722,0.008777777664363384,0.9955155849456787,88.17755126953125,292.1961975097656,-11.744856834411621,90.25823211669922,289.24798583984375,-30.594482421875,-0.10841445624828339,0.15361738204956055,0.9821649193763733,90.25823211669922,289.24798583984375,-30.594482421875,91.82843780517578,286.02215576171875,-43.677894592285156,-0.11574225127696991,0.2377808392047882,0.964398205280304,1112,53.2048225402832,15.300636291503906,102.64734649658203,286.18914794921875,82.41647338867188,103.44603729248047,295.89410400390625,23.773096084594727,-0.0134354867041111,-0.16325567662715912,0.9864923357963562,103.44603729248047,295.89410400390625,23.773096084594727,101.95948791503906,259.6468200683594,11.578997611999512,0.038841355592012405,0.9470884203910828,0.3186139166355133,101.95948791503906,259.6468200683594,11.578997611999512,100.07329559326172,250.7382354736328,32.24058532714844,0.08353659510612488,0.394547700881958,-0.9150702953338623,100.07329559326172,250.7382354736328,32.24058532714844,99.41533660888672,254.91864013671875,46.54922866821289,0.04409521073102951,-0.28016307950019836,-0.9589391350746155,1113,51.15785598754883,14.559525489807129,113.09764099121094,286.51019287109375,81.90333557128906,121.81101989746094,295.80523681640625,30.073373794555664,-0.1632547527551651,-0.1741528958082199,0.9710914492607117,121.81101989746094,295.80523681640625,30.073373794555664,118.70294189453125,262.53387451171875,18.15884017944336,0.08760887384414673,0.9378357529640198,0.33584064245224,118.70294189453125,262.53387451171875,18.15884017944336,113.31076049804688,253.6626739501953,37.550960540771484,0.24514269828796387,0.4033080041408539,-0.8816165924072266,113.31076049804688,253.6626739501953,37.550960540771484,111.01097106933594,257.1515197753906,51.785888671875,0.15501855313777924,-0.23516754806041718,-0.9595130681991577,1114,40.1068115234375,12.93290901184082,123.75045013427734,280.7403869628906,82.43636322021484,138.35736083984375,291.5943298339844,36.503196716308594,-0.29564613103866577,-0.21968547999858856,0.9296943545341492,138.35736083984375,291.5943298339844,36.503196716308594,132.804931640625,267.0096740722656,24.132543563842773,0.19776350259780884,0.8756433725357056,0.44061142206192017,132.804931640625,267.0096740722656,24.132543563842773,126.41808319091797,260.36328125,36.6313591003418,0.41125375032424927,0.42796599864959717,-0.804807722568512,126.41808319091797,260.36328125,36.6313591003418,123.31754302978516,262.8288879394531,49.73198699951172,0.22654080390930176,-0.18014942109584808,-0.9571966528892517
1,107.11624908447266,285.7476806640625,43.53233337402344,0.1032240092754364,0.3140929043292999,0.03557935357093811,-0.1389738768339157,0.2666845917701721,-0.9537115097045898,112.62952423095703,270.25067138671875,106.38555908203125,144.6012420654297,208.8983917236328,325.7922058105469,1110,41.38172912597656,16.309661865234375,88.3034896850586,263.9316101074219,87.24890899658203,88.3034896850586,263.9316101074219,87.24890899658203,0.0,0.0,0.0,88.3034896850586,263.9316101074219,87.24890899658203,87.06289672851562,261.0756530761719,44.83036422729492,0.02916799671947956,0.06714736670255661,0.9973165988922119,87.06289672851562,261.0756530761719,44.83036422729492,95.26107788085938,257.2453918457031,19.314599990844727,-0.302820086479187,0.14148016273975372,0.9424878358840942,95.26107788085938,257.2453918457031,19.314599990844727,106.67913055419922,253.4967041015625,5.140499114990234,-0.614433765411377,0.20172618329524994,0.7627435326576233,1111,46.694664001464844,15.578988075256348,93.81166076660156,283.103271484375,84.0809097290039,86.43968963623047,292.2986145019531,22.513248443603516,0.1176024079322815,-0.1466900110244751,0.9821668267250061,86.43968963623047,292.2986145019531,22.513248443603516,89.70587158203125,291.74591064453125,-11.438774108886719,-0.0957452803850174,0.016202032566070557,0.9952739477157593,89.70587158203125,291.74591064453125,-11.438774108886719,91.81036376953125,288.6029052734375,-30.254253387451172,-0.10965514183044434,0.16376715898513794,0.9803857207298279,91.81036376953125,288.6029052734375,-30.254253387451172,93.39395904541016,285.2220153808594,-43.296836853027344,-0.11672922968864441,0.24921056628227234,0.9613887667655945,1112,53.2048225402832,15.300636291503906,103.81819152832031,285.9858093261719,82.8022232055664,104.92646789550781,295.6292724609375,24.153736114501953,-0.018643302842974663,-0.1622212678194046,0.9865783452987671,104.92646789550781,295.6292724609375,24.153736114501953,103.36275482177734,259.3838195800781,11.963723182678223,0.04085749015212059,0.9470396041870117,0.3185068666934967,103.36275482177734,259.3838195800781,11.963723182678223,101.34709930419922,250.5089111328125,32.6275634765625,0.08927037566900253,0.3930564522743225,-0.9151707291603088,101.34709930419922,250.5089111328125,32.6275634765625,100.63868713378906,254.71133422851562,46.92734909057617,0.047476477921009064,-0.28163865208625793,-0.9583452939987183,1113,51.15785598754883,14.559525489807129,114.27188873291016,286.2671203613281,82.33749389648438,123.26143646240234,295.47772216796875,30.53963279724121,-0.16842909157276154,-0.17257079482078552,0.970490038394928,123.26143646240234,295.47772216796875,30.53963279724121,120.09333038330078,262.2183532714844,18.607473373413086,0.08930093795061111,0.9374979138374329,0.33633753657341003,120.09333038330078,262.2183532714844,18.607473373413086,114.57807922363281,253.39366149902344,37.9861946105957,0.2507377862930298,0.40119364857673645,-0.8810074925422668,114.57807922363281,253.39366149902344,37.9861946105957,112.22676849365234,256.91290283203125,52.2052116394043,0.15849141776561737,-0.23721642792224884,-0.9584407806396484,1114,40.1068115234375,12.93290901184082,124.90034484863281,280.4578857421875,82.92581176757812,139.76171875,291.2111511230469,37.050628662109375,-0.3007965087890625,-0.2176477462053299,0.9285207986831665,139.76171875,291.2111511230469,37.050628662109375,134.1686553955078,266.6510314941406,24.649560928344727,0.1992107331752777,0.8747691512107849,0.44169458746910095,134.1686553955078,266.6510314941406,24.649560928344727,127.75501251220703,260.0182800292969,37.14189529418945,0.41297921538352966,0.42708778381347656,-0.8043906688690186,127.75501251220703,260.0182800292969,37.14189529418945,124.65123748779297,262.4929504394531,50.24005126953125,0.2267771065235138,-0.18081162869930267,-0.957015872001648
1,108.34855651855469,285.4985656738281,43.92759704589844,0.09379716962575912,0.31623631715774536,0.04350784793496132,-0.13062985241413116,0.270674467086792,-0.9537668228149414,113.40667724609375,269.786865234375,106.76534271240234,143.45880126953125,207.5166778564453,326.1847229003906,1110,41.38172912597656,16.309661865234375,89.10879516601562,263.7814025878906,87.50736236572266,89.10879516601562,263.7814025878906,87.50736236572266,0.0,0.0,0.0,89.10879516601562,263.7814025878906,87.50736236572266,88.00320434570312,261.0439453125,45.07727813720703,0.025993920862674713,0.06436128914356232,0.9975880980491638,88.00320434570312,261.0439453125,45.07727813720703,96.20819854736328,257.1991271972656,19.56589698791504,-0.3030717670917511,0.14201787114143372,0.942326009273529,96.20819854736328,257.1991271972656,19.56589698791504,107.56510162353516,253.37551879882812,5.362698078155518,-0.6111428141593933,0.205757737159729,0.7643089890480042,1111,46.694664001464844,15.578988075256348,94.83914184570312,282.8996276855469,84.41133117675781,87.83647155761719,292.32611083984375,22.83551788330078,0.11171109974384308,-0.1503773182630539,0.9822969436645508,87.83647155761719,292.32611083984375,22.83551788330078,91.14773559570312,291.6924133300781,-11.110721588134766,-0.09706681966781616,0.01857629045844078,0.9951044321060181,91.14773559570312,291.6924133300781,-11.110721588134766,93.24771881103516,288.4899597167969,-29.91667938232422,-0.10942018777132034,0.16686469316482544,0.979889452457428,93.24771881103516,288.4899597167969,-29.91667938232422,94.8158187866211,285.05804443359375,-42.94780731201172,-0.1155870109796524,0.2529716491699219,0.9605440497398376,1112,53.2048225402832,15.300636291503906,104.88194274902344,285.67608642578125,83.18328857421875,106.35108184814453,295.4510192871094,24.56450843811035,-0.02471369504928589,-0.1644328385591507,0.986078679561615,106.35108184814453,295.4510192871094,24.56450843811035,104.4471664428711,259.25860595703125,12.265868186950684,0.04974650964140892,0.9456545114517212,0.32134538888931274,104.4471664428711,259.25860595703125,12.265868186950684,102.24519348144531,250.363037109375,32.90179443359375,0.09752208739519119,0.39397144317626953,-0.9139342904090881,102.24519348144531,250.363037109375,32.90179443359375,101.52091979980469,254.54525756835938,47.206703186035156,0.048539500683546066,-0.2802847623825073,-0.9586888551712036,1113,51.15785598754883,14.559525489807129,115.34001922607422,285.8446044921875,82.76460266113281,124.6552734375,295.083984375,31.029462814331055,-0.17453157901763916,-0.1731099933385849,0.9693149924278259,124.6552734375,295.083984375,31.029462814331055,121.1845474243164,261.8993835449219,18.97394371032715,0.09783102571964264,0.9353903532028198,0.3398147225379944,121.1845474243164,261.8993835449219,18.97394371032715,115.48907470703125,253.0883331298828,38.30668640136719,0.25893115997314453,0.4005734920501709,-0.8789172768592834,115.48907470703125,253.0883331298828,38.30668640136719,113.11429595947266,256.5984802246094,52.524051666259766,0.16007329523563385,-0.23660342395305634,-0.958329439163208,1114,40.1068115234375,12.93290901184082,125.90192413330078,279.91845703125,83.38446044921875,141.0795440673828,290.6218566894531,37.60124588012695,-0.30719736218452454,-0.2166384607553482,0.926659345626831,141.0795440673828,290.6218566894531,37.60124588012695,135.27284240722656,266.1640625,25.096601486206055,0.2068200409412384,0.8711248636245728,0.44538384675979614,135.27284240722656,266.1640625,25.096601486206055,128.758544921875,259.5547180175781,37.549198150634766,0.41946038603782654,0.42558053135871887,-0.801831841468811,128.758544921875,259.5547180175781,37.549198150634766,125.64500427246094,262.0168151855469,50.64740753173828,0.2274906039237976,-0.17989294230937958,-0.9570196866989136
1,109.41839599609375,285.2354431152344,44.235015869140625,0.08521182835102081,0.319843053817749,0.05038208141922951,-0.12302081286907196,0.27360105514526367,-0.9539435505867004,114.0816421508789,269.2459411621094,107.03382873535156,142.38327026367188,206.30247497558594,326.4938659667969,1110,41.38172912597656,16.309661865234375,89.80916595458984,263.5367736816406,87.65904235839844,89.80916595458984,263.5367736816406,87.65904235839844,0.0,0.0,0.0,89.80916595458984,263.5367736816406,87.65904235839844,88.79327392578125,260.9796447753906,45.21546173095703,0.023884978145360947,0.06012151390314102,0.9979052543640137,88.79327392578125,260.9796447753906,45.21546173095703,97.00081634521484,257.16314697265625,19.700651168823242,-0.3031659424304962,0.1409718245267868,0.9424528479576111,97.00081634521484,257.16314697265625,19.700651168823242,108.30601501464844,253.29550170898438,5.468155384063721,-0.6083604097366333,0.2081274539232254,0.7658854722976685,1111,46.694664001464844,15.578988075256348,95.73857116699219,282.60968017578125,84.65975189208984,89.05049896240234,292.3482971191406,23.09754180908203,0.10669242590665817,-0.15535667538642883,0.9820799827575684,89.05049896240234,292.3482971191406,23.09754180908203,92.38883972167969,291.67242431640625,-10.845231056213379,-0.09786055982112885,0.019812624901533127,0.9950029253959656,92.38883972167969,291.67242431640625,-10.845231056213379,94.47754669189453,288.4212646484375,-29.644086837768555,-0.10883263498544693,0.16940253973007202,0.9795193672180176,94.47754669189453,288.4212646484375,-29.644086837768555,96.02632904052734,284.9464416503906,-42.66615295410156,-0.11416307091712952,0.25613442063331604,0.9598760008811951,1112,53.2048225402832,15.300636291503906,105.81257629394531,285.29180908203125,83.47853088378906,107.5886459350586,295.2836608886719,24.904829025268555,-0.029876843094825745,-0.16808180510997772,0.9853202104568481,107.5886459350586,295.2836608886719,24.904829025268555,105.37472534179688,259.1671447753906,12.43609619140625,0.05784646421670914,0.9436710476875305,0.32578951120376587,105.37472534179688,259.1671447753906,12.43609619140625,103.01152801513672,250.22023010253906,33.03195571899414,0.1046624556183815,0.39624541997909546,-0.9121596813201904,103.01152801513672,250.22023010253906,33.03195571899414,102.2777099609375,254.3589324951172,47.34903335571289,0.04917913302779198,-0.2773682177066803,-0.9595041871070862,1113,51.15785598754883,14.559525489807129,116.27323913574219,285.3588562011719,83.09771728515625,125.86497497558594,294.7105712890625,31.433324813842773,-0.17971175909042358,-0.1752147078514099,0.9679893851280212,125.86497497558594,294.7105712890625,31.433324813842773,122.12007904052734,261.6206359863281,19.20095443725586,0.10555919259786606,0.9327220320701599,0.3447997272014618,122.12007904052734,261.6206359863281,19.20095443725586,116.26898193359375,252.79342651367188,38.47978210449219,0.266006201505661,0.4013080596923828,-0.8764660358428955,116.26898193359375,252.79342651367188,38.47978210449219,113.87797546386719,256.2713928222656,52.70233917236328,0.16116708517074585,-0.23443421721458435,-0.95867919921875,1114,40.1068115234375,12.93290901184082,126.77398681640625,279.3264465332031,83.7314682006836,142.2207794189453,290.06072998046875,38.045616149902344,-0.31264549493789673,-0.21726356446743011,0.9246887564659119,142.2207794189453,290.06072998046875,38.045616149902344,136.21917724609375,265.7228088378906,25.39990997314453,0.21376195549964905,0.8668554425239563,0.4504082202911377,136.21917724609375,265.7228088378906,25.39990997314453,129.6245880126953,259.1134033203125,37.81014633178711,0.4246302843093872,0.4255843162536621,-0.7991039752960205,129.6245880126953,259.1134033203125,37.81014633178711,126.51294708251953,261.5428771972656,50.91489791870117,0.22735178470611572,-0.17750930786132812,-0.9574975967407227
1,110.3720474243164,284.9776611328125,44.62125778198242,0.0757770761847496,0.3171969950199127,0.05340534448623657,-0.11617573350667953,0.275972843170166,-0.954118549823761,114.84730529785156,269.05413818359375,107.44744110107422,141.5741729736328,205.56503295898438,326.9477233886719,1110,41.38172912597656,16.309661865234375,90.56169891357422,263.5596008300781,88.09326171875,90.56169891357422,263.5596008300781,88.09326171875,0.0,0.0,0.0,90.56169891357422,263.5596008300781,88.09326171875,89.49480438232422,260.9197082519531,45.656002044677734,0.0250841174274683,0.06206740438938141,0.9977567195892334,89.49480438232422,260.9197082519531,45.656002044677734,97.62793731689453,256.9765319824219,20.136619567871094,-0.30041736364364624,0.1456509679555893,0.9426214694976807,97.62793731689453,256.9765319824219,20.136619567871094,108.84484100341797,252.9813995361328,5.869532108306885,-0.6036093235015869,0.21498796343803406,0.7677472829818726,1111,46.694664001464844,15.578988075256348,96.66947174072266,282.56939697265625,85.05183410644531,90.07103729248047,292.2344055175781,23.468347549438477,0.10526245832443237,-0.15418241918087006,0.9824193120002747,90.07103729248047,292.2344055175781,23.468347549438477,93.32038116455078,291.3010559082031,-10.476959228515625,-0.09525169432163239,0.027360333129763603,0.9950771331787109,93.32038116455078,291.3010559082031,-10.476959228515625,95.33413696289062,287.885498046875,-29.254825592041016,-0.10492730885744095,0.1779685914516449,0.978425920009613,95.33413696289062,287.885498046875,-29.254825592041016,96.81977081298828,284.29010009765625,-42.251487731933594,-0.10950833559036255,0.26502224802970886,0.9580037593841553,1112,53.2048225402832,15.300636291503906,106.76812744140625,285.1544189453125,83.86458587646484,108.63593292236328,294.9999084472656,25.26896095275879,-0.031420014798641205,-0.16561971604824066,0.9856890439987183,108.63593292236328,294.9999084472656,25.26896095275879,106.08536529541016,258.8846435546875,12.861124038696289,0.06664258241653442,0.9436387419700623,0.32419851422309875,106.08536529541016,258.8846435546875,12.861124038696289,103.63935852050781,250.01026916503906,33.47869110107422,0.10832995921373367,0.39303267002105713,-0.9131209850311279,103.63935852050781,250.01026916503906,33.47869110107422,102.94512176513672,254.19000244140625,47.78582000732422,0.0465264692902565,-0.28011801838874817,-0.9588374495506287,1113,51.15785598754883,14.559525489807129,117.22894287109375,285.1225891113281,83.4835205078125,126.90628814697266,294.27001953125,31.79851722717285,-0.18131572008132935,-0.171387180685997,0.9683755040168762,126.90628814697266,294.27001953125,31.79851722717285,122.85823822021484,261.1980895996094,19.61410903930664,0.11410433053970337,0.9322144389152527,0.3434477746486664,122.85823822021484,261.1980895996094,19.61410903930664,116.92540740966797,252.469970703125,38.91306686401367,0.26972195506095886,0.3968030512332916,-0.8773809671401978,116.92540740966797,252.469970703125,38.91306686401367,114.56782531738281,256.00274658203125,53.12769317626953,0.15891410410404205,-0.2381286770105362,-0.9581446051597595,1114,40.1068115234375,12.93290901184082,127.6727294921875,278.99346923828125,84.1304702758789,143.218017578125,289.4817199707031,38.42088317871094,-0.31463903188705444,-0.21228380501270294,0.9251691102981567,143.218017578125,289.4817199707031,38.42088317871094,136.98048400878906,265.1845703125,25.810993194580078,0.22216519713401794,0.8654031157493591,0.44913244247436523,136.98048400878906,265.1845703125,25.810993194580078,130.37091064453125,258.6419982910156,38.248634338378906,0.42559534311294556,0.4212810695171356,-0.8008689284324646,130.37091064453125,258.6419982910156,38.248634338378906,127.3209228515625,261.1106262207031,51.360557556152344,0.22284716367721558,-0.18037015199661255,-0.958021879196167
1,111.20388793945312,284.6438903808594,45.047245025634766,0.06431372463703156,0.313632607460022,0.05710100382566452,-0.11085662245750427,0.2775075435638428,-0.9543062448501587,115.47601318359375,268.8306884765625,107.91313171386719,140.9792022705078,204.988525390625,327.45660400390625,1110,41.38172912597656,16.309661865234375,91.14957427978516,263.58349609375,88.58209228515625,91.14957427978516,263.58349609375,88.58209228515625,0.0,0.0,0.0,91.14957427978516,263.58349609375,88.58209228515625,90.04409790039062,260.8294677734375,46.153076171875,0.025991227477788925,0.06475088745355606,0.9975628852844238,90.04409790039062,260.8294677734375,46.153076171875,98.09745788574219,256.7252197265625,20.633792877197266,-0.29747074842453003,0.15160053968429565,0.9426177740097046,98.09745788574219,256.7252197265625,20.633792877197266,109.21891021728516,252.57012939453125,6.337687969207764,-0.5984725952148438,0.22359560430049896,0.7693084478378296,1111,46.694664001464844,15.578988075256348,97.47386932373047,282.5132141113281,85.48409271240234,90.98743438720703,292.0683898925781,23.871578216552734,0.10347577184438705,-0.15243029594421387,0.9828823208808899,90.98743438720703,292.0683898925781,23.871578216552734,94.14169311523438,290.92523193359375,-10.076279640197754,-0.09246435761451721,0.033510684967041016,0.9951519966125488,94.14169311523438,290.92523193359375,-10.076279640197754,96.06961059570312,287.4110107421875,-28.844947814941406,-0.1004546731710434,0.18310947716236115,0.9779466986656189,96.06961059570312,287.4110107421875,-28.844947814941406,97.48219299316406,283.7474060058594,-41.83070755004883,-0.104123555123806,0.2700497806072235,0.95719975233078,1112,53.2048225402832,15.300636291503906,107.60138702392578,284.9792785644531,84.2896728515625,109.58262634277344,294.6272888183594,25.66493034362793,-0.033328186720609665,-0.16229775547981262,0.9861788749694824,109.58262634277344,294.6272888183594,25.66493034362793,106.62326049804688,258.51458740234375,13.340669631958008,0.07732386887073517,0.9435716867446899,0.32201477885246277,106.62326049804688,258.51458740234375,13.340669631958008,104.07412719726562,249.70887756347656,33.97517395019531,0.11289729177951813,0.3899917006492615,-0.9138712882995605,104.07412719726562,249.70887756347656,33.97517395019531,103.42559051513672,253.9259033203125,48.273502349853516,0.043463729321956635,-0.2826172709465027,-0.9582475423812866,1113,51.15785598754883,14.559525489807129,118.06117248535156,284.82696533203125,83.9092788696289,127.84333038330078,293.70855712890625,32.197654724121094,-0.18327952921390533,-0.16640642285346985,0.9688743352890015,127.84333038330078,293.70855712890625,32.197654724121094,123.42213439941406,260.6527404785156,20.099502563476562,0.12462238222360611,0.9317602515220642,0.3410164415836334,123.42213439941406,260.6527404785156,20.099502563476562,117.38826751708984,252.0374755859375,39.417823791503906,0.2743154764175415,0.39167261123657227,-0.8782616853713989,117.38826751708984,252.0374755859375,39.417823791503906,115.06889343261719,255.6319580078125,53.623260498046875,0.15633869171142578,-0.24228806793689728,-0.9575253129005432,1114,40.1068115234375,12.93290901184082,128.43434143066406,278.5810852050781,84.57515716552734,144.09922790527344,288.7543640136719,38.83523178100586,-0.31705978512763977,-0.20590877532958984,0.9257833361625671,144.09922790527344,288.7543640136719,38.83523178100586,137.57333374023438,264.494384765625,26.29989242553711,0.23243574798107147,0.8640787601470947,0.44647690653800964,137.57333374023438,264.494384765625,26.29989242553711,130.9188232421875,258.04461669921875,38.76201248168945,0.42848896980285645,0.4153054356575012,-0.8024453520774841,130.9188232421875,258.04461669921875,38.76201248168945,127.9210433959961,260.571533203125,51.87487030029297,0.21903261542320251,-0.18462902307510376,-0.9580902457237244
1,111.92572021484375,284.4089050292969,45.533756256103516,0.05902254581451416,0.3175891637802124,0.061296358704566956,-0.1063944399356842,0.27946749329566956,-0.9542421698570251,115.95989227294922,268.3292541503906,108.3488998413086,140.4365234375,204.0362091064453,327.87762451171875,1110,41.38172912597656,16.309661865234375,91.65046691894531,263.28631591796875,88.9359359741211,91.65046691894531,263.28631591796875,88.9359359741211,0.0,0.0,0.0,91.65046691894531,263.28631591796875,88.9359359741211,90.60054779052734,260.72015380859375,46.49372863769531,0.024685001000761986,0.060333896428346634,0.9978729486465454,90.60054779052734,260.72015380859375,46.49372863769531,98.64979553222656,256.68218994140625,20.96257972717285,-0.2973189055919647,0.14915220439434052,0.9430562853813171,98.64979553222656,256.68218994140625,20.96257972717285,109.72802734375,252.53070068359375,6.631918907165527,-0.5961469411849976,0.22340185940265656,0.7711681723594666,1111,46.694664001464844,15.578988075256348,98.09600830078125,282.1902770996094,85.93187713623047,91.8002700805664,292.0456237792969,24.346874237060547,0.10043366253376007,-0.1572188287973404,0.9824435710906982,91.8002700805664,292.0456237792969,24.346874237060547,94.94012451171875,290.9365539550781,-9.603450775146484,-0.09204209595918655,0.03251141682267189,0.9952241778373718,94.94012451171875,290.9365539550781,-9.603450775146484,96.84262084960938,287.45318603515625,-28.380464553833008,-0.09913009405136108,0.1815018355846405,0.9783814549446106,96.84262084960938,287.45318603515625,-28.380464553833008,98.23033142089844,283.81402587890625,-41.375770568847656,-0.10229025781154633,0.2682480216026306,0.9579038023948669,1112,53.2048225402832,15.300636291503906,108.24082946777344,284.599853515625,84.76950073242188,110.40672302246094,294.4840087890625,26.190643310546875,-0.036434415727853775,-0.1662701517343521,0.9854069352149963,110.40672302246094,294.4840087890625,26.190643310546875,107.25471496582031,258.4412841796875,13.710310935974121,0.08235733956098557,0.9417434334754944,0.32609274983406067,107.25471496582031,258.4412841796875,13.710310935974121,104.6083755493164,249.5704803466797,34.30466079711914,0.11720238626003265,0.392874538898468,-0.9120926856994629,104.6083755493164,249.5704803466797,34.30466079711914,103.95516204833984,253.73468017578125,48.61824417114258,0.04377717897295952,-0.27907711267471313,-0.9592702984809875,1113,51.15785598754883,14.559525489807129,118.7002944946289,284.3857116699219,84.41072082519531,128.6474151611328,293.42681884765625,32.758235931396484,-0.18637026846408844,-0.1693951040506363,0.9677662253379822,128.6474151611328,293.42681884765625,32.758235931396484,124.05367279052734,260.4518127441406,20.50483512878418,0.12948600947856903,0.9294822812080383,0.34539246559143066,124.05367279052734,260.4518127441406,20.50483512878418,117.92623138427734,251.79246520996094,39.7739372253418,0.2785695493221283,0.39367660880088806,-0.8760238289833069,117.92623138427734,251.79246520996094,39.7739372253418,115.59708404541016,255.33692932128906,53.99034118652344,0.1569974422454834,-0.2389165312051773,-0.9582644701004028,1114,40.1068115234375,12.93290901184082,129.03396606445312,278.07421875,85.07211303710938,144.85867309570312,288.3459777832031,39.40926742553711,-0.32029449939727783,-0.2079019844532013,0.924223005771637,144.85867309570312,288.3459777832031,39.40926742553711,138.20443725585938,264.1823425292969,26.755903244018555,0.23700708150863647,0.8606476783752441,0.4506808817386627,138.20443725585938,264.1823425292969,26.755903244018555,131.510009765625,257.70892333984375,39.184349060058594,0.43105894327163696,0.41682806611061096,-0.8002764582633972,131.510009765625,257.70892333984375,39.184349060058594,128.5209197998047,260.1885681152344,52.30821990966797,0.21839754283428192,-0.18117497861385345,-0.9588942527770996
1,112.48320770263672,284.03765869140625,45.9945068359375,0.050999127328395844,0.31474143266677856,0.06393304467201233,-0.10222706198692322,0.28280484676361084,-0.9537143707275391,116.3670425415039,268.0332336425781,108.83523559570312,139.88494873046875,202.97242736816406,328.2425231933594,1110,41.38172912597656,16.309661865234375,92.03658294677734,263.18212890625,89.44540405273438,92.03658294677734,263.18212890625,89.44540405273438,0.0,0.0,0.0,92.03658294677734,263.18212890625,89.44540405273438,90.9655532836914,260.5230407714844,47.00944519042969,0.02518133819103241,0.06251871585845947,0.9977260828018188,90.9655532836914,260.5230407714844,47.00944519042969,98.9533462524414,256.36749267578125,21.477859497070312,-0.29504886269569397,0.1534954458475113,0.9430721998214722,98.9533462524414,256.36749267578125,21.477859497070312,109.95626068115234,252.1031036376953,7.122343063354492,-0.5920938849449158,0.22947725653648376,0.7725056409835815,1111,46.694664001464844,15.578988075256348,98.63345336914062,282.026611328125,86.3966293334961,92.42095947265625,291.7844543457031,24.78765106201172,0.09910570085048676,-0.1556633859872818,0.9828260540962219,92.42095947265625,291.7844543457031,24.78765106201172,95.48316192626953,290.55767822265625,-9.165716171264648,-0.08976579457521439,0.03596187382936478,0.9953134059906006,95.48316192626953,290.55767822265625,-9.165716171264648,97.31895446777344,287.0599060058594,-27.94668960571289,-0.09565448015928268,0.18225239217281342,0.9785878658294678,97.31895446777344,287.0599060058594,-27.94668960571289,98.6511459350586,283.4193115234375,-40.94740676879883,-0.09819784015417099,0.2683537006378174,0.9583024382591248,1112,53.2048225402832,15.300636291503906,108.79731750488281,284.35211181640625,85.22936248779297,111.04621124267578,294.0782165527344,26.62718391418457,-0.03783063590526581,-0.16361144185066223,0.985799252986908,111.04621124267578,294.0782165527344,26.62718391418457,107.60844421386719,258.03717041015625,14.217677116394043,0.08982383459806442,0.9416999220848083,0.3242422938346863,107.60844421386719,258.03717041015625,14.217677116394043,104.88814544677734,249.21853637695312,34.824790954589844,0.12047794461250305,0.39056405425071716,-0.9126580953598022,104.88814544677734,249.21853637695312,34.824790954589844,104.26565551757812,253.41065979003906,49.131595611572266,0.04171812906861305,-0.2809484004974365,-0.9588156938552856,1113,51.15785598754883,14.559525489807129,119.25475311279297,284.0533752441406,84.87200164794922,129.2774200439453,292.8907775878906,33.19886779785156,-0.18778569996356964,-0.1655784696340561,0.9681531190872192,129.2774200439453,292.8907775878906,33.19886779785156,124.42143249511719,259.9252014160156,21.021451950073242,0.13687805831432343,0.9292165637016296,0.34325069189071655,124.42143249511719,259.9252014160156,21.021451950073242,118.22186279296875,251.347412109375,40.303955078125,0.2818486988544464,0.3899688124656677,-0.8766331672668457,118.22186279296875,251.347412109375,40.303955078125,115.9174575805664,254.93443298339844,54.51371765136719,0.1553296595811844,-0.24178503453731537,-0.9578165411949158,1114,40.1068115234375,12.93290901184082,129.5375213623047,277.6609802246094,85.54940032958984,145.447021484375,287.6962585449219,39.86345672607422,-0.3220108151435852,-0.20311564207077026,0.9246907830238342,145.447021484375,287.6962585449219,39.86345672607422,138.57882690429688,263.558349609375,27.275508880615234,0.24462781846523285,0.8597316145896912,0.44835105538368225,138.57882690429688,263.558349609375,27.275508880615234,131.88143920898438,257.14013671875,39.73096466064453,0.4312494993209839,0.41327324509620667,-0.8020155429840088,131.88143920898438,257.14013671875,39.73096466064453,128.9522705078125,259.652099609375,52.86219787597656,0.21401940286159515,-0.18353630602359772,-0.9594321846961975
1,112.92150115966797,283.72979736328125,46.383689880371094,0.048085104674100876,0.3172362744808197,0.0665498822927475,-0.09841247648000717,0.2854050397872925,-0.9533409476280212,116.6458969116211,267.54766845703125,109.18817138671875,139.28623962402344,201.88864135742188,328.5095520019531,1110,41.38172912597656,16.309661865234375,92.34065246582031,262.82861328125,89.74920654296875,92.34065246582031,262.82861328125,89.74920654296875,0.0,0.0,0.0,92.34065246582031,262.82861328125,89.74920654296875,91.33394622802734,260.2854309082031,47.30457305908203,0.023669011890888214,0.059793621301651,0.9979301691055298,91.33394622802734,260.2854309082031,47.30457305908203,99.32315063476562,256.1778259277344,21.765674591064453,-0.2951010465621948,0.15172456204891205,0.9433424472808838,99.32315063476562,256.1778259277344,21.765674591064453,110.29496002197266,251.92367553710938,7.383345127105713,-0.5904201865196228,0.22892636060714722,0.7739487290382385,1111,46.694664001464844,15.578988075256348,99.00637817382812,281.6584777832031,86.76029968261719,92.9166488647461,291.6017761230469,25.168720245361328,0.09714727848768234,-0.1586218923330307,0.9825484752655029,92.9166488647461,291.6017761230469,25.168720245361328,95.95655059814453,290.3701477050781,-8.786476135253906,-0.08911207318305969,0.03610411286354065,0.9953669905662537,95.95655059814453,290.3701477050781,-8.786476135253906,97.77098083496094,286.861328125,-27.567466735839844,-0.09454138576984406,0.18282800912857056,0.9785886406898499,97.77098083496094,286.861328125,-27.567466735839844,99.0843734741211,283.2109069824219,-40.56734085083008,-0.09681215137243271,0.2690780460834503,0.9582403302192688,1112,53.2048225402832,15.300636291503906,109.17981719970703,283.9522705078125,85.6138916015625,111.54695892333984,293.82684326171875,27.041208267211914,-0.03981979191303253,-0.16610895097255707,0.9853031039237976,111.54695892333984,293.82684326171875,27.041208267211914,108.00357818603516,257.83013916015625,14.533037185668945,0.0925833210349083,0.9405408501625061,0.3268200755119324,108.00357818603516,257.83013916015625,14.533037185668945,105.22358703613281,248.96978759765625,35.11427688598633,0.12312161177396774,0.39241158962249756,-0.911512017250061,105.22358703613281,248.96978759765625,35.11427688598633,104.5947265625,253.12600708007812,49.4312744140625,0.04214506968855858,-0.2785421907901764,-0.9594988226890564,1113,51.15785598754883,14.559525489807129,119.63668060302734,283.61865234375,85.27080535888672,129.7644500732422,292.5594482421875,33.635963439941406,-0.1897549033164978,-0.16751565039157867,0.9674355387687683,129.7644500732422,292.5594482421875,33.635963439941406,124.80976104736328,259.6393127441406,21.375633239746094,0.13966016471385956,0.9279354214668274,0.34558773040771484,124.80976104736328,259.6393127441406,21.375633239746094,118.55439758300781,251.04318237304688,40.63193893432617,0.28438514471054077,0.3908025026321411,-0.8754419088363647,118.55439758300781,251.04318237304688,40.63193893432617,116.24368286132812,254.6073760986328,54.84641647338867,0.15575498342514038,-0.24024641513824463,-0.9581345915794373,1114,40.1068115234375,12.93290901184082,129.8965301513672,277.18927001953125,85.9459457397461,145.906494140625,287.29180908203125,40.309940338134766,-0.3240441679954529,-0.2044769674539566,0.9236798882484436,145.906494140625,287.29180908203125,40.309940338134766,138.95419311523438,263.2109680175781,27.658973693847656,0.24762332439422607,0.8576985001564026,0.45059534907341003,138.95419311523438,263.2109680175781,27.658973693847656,132.26022338867188,256.7713317871094,40.10519790649414,0.43102961778640747,0.41465291380882263,-0.8014215230941772,132.26022338867188,256.7713317871094,40.10519790649414,129.35914611816406,259.250244140625,53.248939514160156,0.21196694672107697,-0.18112149834632874,-0.9603462815284729
1,113.28909301757812,283.5137634277344,46.86854553222656,0.04481872171163559,0.3148877024650574,0.06784947961568832,-0.09543012827634811,0.2885824143886566,-0.9526873826980591,116.9267578125,267.4098205566406,109.69497680664062,138.88099670410156,201.01983642578125,328.86602783203125,1110,41.38172912597656,16.309661865234375,92.62757873535156,262.7744140625,90.27338409423828,92.62757873535156,262.7744140625,90.27338409423828,0.0,0.0,0.0,92.62757873535156,262.7744140625,90.27338409423828,91.63532257080078,260.1422424316406,47.833831787109375,0.023329267278313637,0.06188587099313736,0.9978105425834656,91.63532257080078,260.1422424316406,47.833831787109375,99.5813980102539,255.96453857421875,22.2928466796875,-0.29350796341896057,0.1543138325214386,0.9434195160865784,99.5813980102539,255.96453857421875,22.2928466796875,110.4847183227539,251.65782165527344,7.874119281768799,-0.5867345333099365,0.23175504803657532,0.7759072780609131,1111,46.694664001464844,15.578988075256348,99.35657501220703,281.5755310058594,87.24576568603516,93.31605529785156,291.40643310546875,25.63129425048828,0.09636224061250687,-0.1568288505077362,0.9829135537147522,93.31605529785156,291.40643310546875,25.63129425048828,96.28478240966797,290.00640869140625,-8.323674201965332,-0.08702564984560013,0.04104049503803253,0.9953603148460388,96.28478240966797,290.00640869140625,-8.323674201965332,98.05176544189453,286.375732421875,-27.08601951599121,-0.09206913411617279,0.18917737901210785,0.977617084980011,98.05176544189453,286.375732421875,-27.08601951599121,99.32855987548828,282.6296691894531,-40.06230545043945,-0.09411446005105972,0.27612802386283875,0.9565017819404602,1112,53.2048225402832,15.300636291503906,109.53787994384766,283.83306884765625,86.09716796875,111.95315551757812,293.5736389160156,27.504013061523438,-0.040629494935274124,-0.16385477781295776,0.985647439956665,111.95315551757812,293.5736389160156,27.504013061523438,108.29349517822266,257.5618896484375,15.07284927368164,0.0956215113401413,0.9409337639808655,0.32480791211128235,108.29349517822266,257.5618896484375,15.07284927368164,105.47888946533203,248.757080078125,35.67320251464844,0.12465468049049377,0.3899518549442291,-0.912358820438385,105.47888946533203,248.757080078125,35.67320251464844,104.85965728759766,252.9434356689453,49.981834411621094,0.04149980470538139,-0.2805618643760681,-0.9589382410049438,1113,51.15785598754883,14.559525489807129,119.99366760253906,283.4640197753906,85.75761413574219,130.1645965576172,292.25994873046875,34.106388092041016,-0.19056357443332672,-0.1648014336824417,0.9677427411079407,130.1645965576172,292.25994873046875,34.106388092041016,125.0994873046875,259.3254089355469,21.93023681640625,0.14277274906635284,0.9283422231674194,0.3432152271270752,125.0994873046875,259.3254089355469,21.93023681640625,118.81266021728516,250.807861328125,41.21120071411133,0.2858155369758606,0.38722988963127136,-0.8765628337860107,118.81266021728516,250.807861328125,41.21120071411133,116.51313781738281,254.4211883544922,55.41508102416992,0.15500061213970184,-0.2435583621263504,-0.9574205875396729,1114,40.1068115234375,12.93290901184082,130.23193359375,277.0020751953125,86.44934844970703,146.28732299804688,286.9531555175781,40.7960319519043,-0.32496362924575806,-0.2014114409685135,0.9240303039550781,146.28732299804688,286.9531555175781,40.7960319519043,139.2411346435547,262.8672180175781,28.206880569458008,0.250967413187027,0.857880175113678,0.44839373230934143,139.2411346435547,262.8672180175781,28.206880569458008,132.5596160888672,256.4744567871094,40.68393325805664,0.4302276372909546,0.4116343557834625,-0.8034061193466187,132.5596160888672,256.4744567871094,40.68393325805664,129.69728088378906,258.990234375,53.82916259765625,0.20913630723953247,-0.1838150918483734,-0.9604551792144775
1,113.5479965209961,283.3727722167969,47.27565002441406,0.04022163897752762,0.31624406576156616,0.07067833840847015,-0.09477833658456802,0.2916208505630493,-0.9518268704414368,117.04914855957031,267.1380310058594,110.07633972167969,138.85342407226562,200.0490264892578,329.0494079589844,1110,41.38172912597656,16.309661865234375,92.73226165771484,262.6656494140625,90.62216186523438,92.73226165771484,262.6656494140625,90.62216186523438,0.0,0.0,0.0,92.73226165771484,262.6656494140625,90.62216186523438,91.7898178100586,260.1070556640625,48.17697525024414,0.02215811237692833,0.0601559542119503,0.9979429841041565,91.7898178100586,260.1070556640625,48.17697525024414,99.72672271728516,255.9382781982422,22.631681442260742,-0.293169230222702,0.15398411452770233,0.9435786604881287,99.72672271728516,255.9382781982422,22.631681442260742,110.5848617553711,251.61163330078125,8.184850692749023,-0.5843032002449036,0.23282742500305176,0.7774195671081543,1111,46.694664001464844,15.578988075256348,99.55864715576172,281.4378662109375,87.63337707519531,93.63955688476562,291.4000244140625,26.028207778930664,0.09442511945962906,-0.1589227318763733,0.9827651977539062,93.63955688476562,291.4000244140625,26.028207778930664,96.57160949707031,289.9789123535156,-7.929070472717285,-0.085950568318367,0.041658662259578705,0.9954280257225037,96.57160949707031,289.9789123535156,-7.929070472717285,98.30498504638672,286.3213195800781,-26.68932342529297,-0.0903179943561554,0.1905798465013504,0.977508008480072,98.30498504638672,286.3213195800781,-26.68932342529297,99.55262756347656,282.549072265625,-39.66086196899414,-0.09196560829877853,0.2780580222606659,0.9561516642570496,1112,53.2048225402832,15.300636291503906,109.75244140625,283.6463928222656,86.50035095214844,112.28504180908203,293.47100830078125,27.926189422607422,-0.04260312393307686,-0.16526859998703003,0.9853280782699585,112.28504180908203,293.47100830078125,27.926189422607422,108.46043395996094,257.4993591308594,15.428703308105469,0.09993129968643188,0.9398855566978455,0.32654067873954773,108.46043395996094,257.4993591308594,15.428703308105469,105.57835388183594,248.68133544921875,36.014068603515625,0.12764303386211395,0.3905371129512787,-0.911695122718811,105.57835388183594,248.68133544921875,36.014068603515625,104.9637451171875,252.85020446777344,50.328006744384766,0.04118994623422623,-0.2793899178504944,-0.959293782711029,1113,51.15785598754883,14.559525489807129,120.2066421508789,283.2256164550781,86.17236328125,130.48194885253906,292.05548095703125,34.547584533691406,-0.1925191879272461,-0.1654372364282608,0.9672471284866333,130.48194885253906,292.05548095703125,34.547584533691406,125.26470947265625,259.16461181640625,22.317630767822266,0.14706073701381683,0.9271101355552673,0.3447313606739044,125.26470947265625,259.16461181640625,22.317630767822266,118.91461944580078,250.6605224609375,41.58378982543945,0.28869175910949707,0.3866181969642639,-0.8758901357650757,118.91461944580078,250.6605224609375,41.58378982543945,116.61883544921875,254.26998901367188,55.78926086425781,0.1547485738992691,-0.24329805374145508,-0.9575275182723999,1114,40.1068115234375,12.93290901184082,130.41168212890625,276.7114562988281,86.86536407470703,146.57009887695312,286.65716552734375,41.24723434448242,-0.3270488977432251,-0.20130272209644318,0.9233181476593018,146.57009887695312,286.65716552734375,41.24723434448242,139.40533447265625,262.6302795410156,28.61225128173828,0.25519078969955444,0.8557769060134888,0.45002612471580505,139.40533447265625,262.6302795410156,28.61225128173828,132.71466064453125,256.2421875,41.08677673339844,0.43081745505332947,0.41133397817611694,-0.8032439351081848,132.71466064453125,256.2421875,41.08677673339844,129.8817596435547,258.7425842285156,54.24131393432617,0.20698566734790802,-0.1826912760734558,-0.9611351490020752
1,113.73272705078125,283.23016357421875,47.713340759277344,0.037363216280937195,0.31773900985717773,0.07290171086788177,-0.09512768685817719,0.2945202589035034,-0.9508988261222839,117.13227844238281,266.8689880371094,110.48712158203125,139.01693725585938,199.11297607421875,329.2467041015625,1110,41.38172912597656,16.309661865234375,92.80106353759766,262.5179443359375,91.00154113769531,92.80106353759766,262.5179443359375,91.00154113769531,0.0,0.0,0.0,92.80106353759766,262.5179443359375,91.00154113769531,91.91903686523438,260.0318603515625,48.550750732421875,0.020737625658512115,0.05845115706324577,0.9980748295783997,91.91903686523438,260.0318603515625,48.550750732421875,99.85022735595703,255.88861083984375,22.999528884887695,-0.29295814037323,0.15304116904735565,0.9437976479530334,99.85022735595703,255.88861083984375,22.999528884887695,110.66681671142578,251.5632781982422,8.521170616149902,-0.5820673108100891,0.2327568084001541,0.7791160941123962,1111,46.694664001464844,15.578988075256348,99.69168090820312,281.2729187011719,88.0520248413086,93.87440490722656,291.3576965332031,26.45711326599121,0.09280093014240265,-0.16087886691093445,0.9826015830039978,93.87440490722656,291.3576965332031,26.45711326599121,96.7732925415039,289.9101257324219,-7.501893997192383,-0.0849783644080162,0.04243427515029907,0.9954786896705627,96.7732925415039,289.9101257324219,-7.501893997192383,98.47962188720703,286.2318115234375,-26.26056671142578,-0.08890879154205322,0.19165964424610138,0.9774261116981506,98.47962188720703,286.2318115234375,-26.26056671142578,99.70475006103516,282.44244384765625,-39.2292594909668,-0.09030605107545853,0.27932003140449524,0.9559419751167297,1112,53.2048225402832,15.300636291503906,109.89385223388672,283.4502258300781,86.93416595458984,112.52435302734375,293.36492919921875,28.379501342773438,-0.044249992817640305,-0.16678404808044434,0.9850000739097595,112.52435302734375,293.36492919921875,28.379501342773438,108.59500885009766,257.4213562011719,15.833922386169434,0.10266800224781036,0.9391528964042664,0.3277975916862488,108.59500885009766,257.4213562011719,15.833922386169434,105.66328430175781,248.599365234375,36.41058349609375,0.1298416703939438,0.3907126784324646,-0.9113093018531799,105.66328430175781,248.599365234375,36.41058349609375,105.048095703125,252.75875854492188,50.72725296020508,0.04122881218791008,-0.27875491976737976,-0.9594769477844238,1113,51.15785598754883,14.559525489807129,120.34700012207031,282.99609375,86.61719512939453,130.70909118652344,291.8792419433594,35.0189208984375,-0.19414523243904114,-0.1664355993270874,0.9667506814002991,130.70909118652344,291.8792419433594,35.0189208984375,125.39390563964844,259.0206604003906,22.74449920654297,0.1498216986656189,0.9262007474899292,0.3459850549697876,125.39390563964844,259.0206604003906,22.74449920654297,118.99725341796875,250.52481079101562,41.998897552490234,0.29080843925476074,0.38624343276023865,-0.8753550052642822,118.99725341796875,250.52481079101562,41.998897552490234,116.69983673095703,254.12696838378906,56.20595932006836,0.15485861897468567,-0.2428053915500641,-0.9576347470283508,1114,40.1068115234375,12.93290901184082,130.53005981445312,276.44769287109375,87.31068420410156,146.7720947265625,286.41748046875,41.72751998901367,-0.32874131202697754,-0.20179004967212677,0.922610342502594,146.7720947265625,286.41748046875,41.72751998901367,139.52455139160156,262.4368896484375,29.05191421508789,0.25813940167427063,0.8541287779808044,0.4514734447002411,139.52455139160156,262.4368896484375,29.05191421508789,132.84710693359375,256.0402526855469,41.529151916503906,0.4299654960632324,0.4118840992450714,-0.8034183979034424,132.84710693359375,256.0402526855469,41.529151916503906,130.04852294921875,258.5172424316406,54.69546127319336,0.20447826385498047,-0.18098101019859314,-0.9619950652122498
1,113.82959747314453,283.0477600097656,48.1066780090332,0.03577616438269615,0.31517690420150757,0.07273097336292267,-0.09570414572954178,0.29629769921302795,-0.9502885937690735,117.24605560302734,266.79949951171875,110.90684509277344,139.26332092285156,198.63455200195312,329.5260314941406,1110,41.38172912597656,16.309661865234375,92.89380645751953,262.47088623046875,91.45738983154297,92.89380645751953,262.47088623046875,91.45738983154297,0.0,0.0,0.0,92.89380645751953,262.47088623046875,91.45738983154297,91.97152709960938,259.8828125,49.013545989990234,0.02168401889503002,0.06084907054901123,0.9979114532470703,91.97152709960938,259.8828125,49.013545989990234,99.85794067382812,255.67156982421875,23.459579467773438,-0.29130417108535767,0.15555265545845032,0.9438989162445068,99.85794067382812,255.67156982421875,23.459579467773438,110.62696075439453,251.3038330078125,8.958513259887695,-0.57950758934021,0.23503872752189636,0.7803382277488708,1111,46.694664001464844,15.578988075256348,99.80854797363281,281.2090148925781,88.45790100097656,93.97052001953125,291.15032958984375,26.841625213623047,0.09313196688890457,-0.15859022736549377,0.9829423427581787,93.97052001953125,291.15032958984375,26.841625213623047,96.77922821044922,289.5713195800781,-7.119103908538818,-0.08233484625816345,0.046287309378385544,0.995529294013977,96.77922821044922,289.5713195800781,-7.119103908538818,98.43235778808594,285.82781982421875,-25.869651794433594,-0.08613677322864532,0.19505608081817627,0.9770023822784424,98.43235778808594,285.82781982421875,-25.869651794433594,99.61934661865234,281.9940490722656,-38.82883834838867,-0.08749474585056305,0.2825930416584015,0.9552412629127502,1112,53.2048225402832,15.300636291503906,110.01307678222656,283.3695373535156,87.3289794921875,112.6242904663086,293.1365966796875,28.748647689819336,-0.04392554610967636,-0.16430039703845978,0.9854317903518677,112.6242904663086,293.1365966796875,28.748647689819336,108.6406478881836,257.17333984375,16.27678680419922,0.10408671200275421,0.9396669268608093,0.3258713483810425,108.6406478881836,257.17333984375,16.27678680419922,105.70745849609375,248.39727783203125,36.872867584228516,0.1299065500497818,0.3886786103248596,-0.9121694564819336,105.70745849609375,248.39727783203125,36.872867584228516,105.10501098632812,252.58639526367188,51.1814079284668,0.04037492722272873,-0.2807469666004181,-0.9589321613311768,1113,51.15785598754883,14.559525489807129,120.46540832519531,282.9002380371094,87.00729370117188,130.81069946289062,291.6421813964844,35.38153839111328,-0.1938304603099823,-0.16378997266292572,0.9672656059265137,130.81069946289062,291.6421813964844,35.38153839111328,125.44640350341797,258.7640380859375,23.181106567382812,0.15120604634284973,0.9267523884773254,0.34389954805374146,125.44640350341797,258.7640380859375,23.181106567382812,119.04834747314453,250.32032775878906,42.45795440673828,0.29087233543395996,0.3838731348514557,-0.8763758540153503,119.04834747314453,250.32032775878906,42.45795440673828,116.76290893554688,253.957275390625,56.6580810546875,0.15405124425888062,-0.24515046179294586,-0.957167387008667,1114,40.1068115234375,12.93290901184082,130.6398468017578,276.33953857421875,87.71118927001953,146.86993408203125,286.17486572265625,42.094573974609375,-0.32849952578544617,-0.1990685760974884,0.9232875108718872,146.86993408203125,286.17486572265625,42.094573974609375,139.57667541503906,262.1788024902344,29.47454071044922,0.25976741313934326,0.8546791076660156,0.4494936764240265,139.57667541503906,262.1788024902344,29.47454071044922,132.9236602783203,255.80690002441406,41.97745895385742,0.4283924400806427,0.4102913737297058,-0.8050718903541565,132.9236602783203,255.80690002441406,41.97745895385742,130.156494140625,258.3056640625,55.14629364013672,0.20218272507190704,-0.18257194757461548,-0.9621796011924744
1,113.86507415771484,282.89959716796875,48.54701232910156,0.036310162395238876,0.31518280506134033,0.07214557379484177,-0.09662438929080963,0.29706376791000366,-0.9499562382698059,117.31900024414062,266.6474609375,111.34378051757812,139.5479736328125,198.3062744140625,329.8865051269531,1110,41.38172912597656,16.309661865234375,92.95890808105469,262.310302734375,91.90611267089844,92.95890808105469,262.310302734375,91.90611267089844,0.0,0.0,0.0,92.95890808105469,262.310302734375,91.90611267089844,92.02898406982422,259.71978759765625,49.46258544921875,0.021863754838705063,0.06090646982192993,0.9979040026664734,92.02898406982422,259.71978759765625,49.46258544921875,99.88107299804688,255.52166748046875,23.895896911621094,-0.2900363802909851,0.15506798028945923,0.9443690180778503,99.88107299804688,255.52166748046875,23.895896911621094,110.60675048828125,251.17137145996094,9.357508659362793,-0.5771751403808594,0.23410014808177948,0.7823464870452881,1111,46.694664001464844,15.578988075256348,99.86026000976562,281.0528869628906,88.90350341796875,93.99278259277344,290.9885559082031,27.289121627807617,0.0936017706990242,-0.15850017964839935,0.9829121828079224,93.99278259277344,290.9885559082031,27.289121627807617,96.72642517089844,289.3769226074219,-6.676198959350586,-0.08013436198234558,0.047243632376194,0.9956638813018799,96.72642517089844,289.3769226074219,-6.676198959350586,98.3409194946289,285.60528564453125,-25.424474716186523,-0.0841236561536789,0.19652214646339417,0.9768838882446289,98.3409194946289,285.60528564453125,-25.424474716186523,99.50232696533203,281.7470703125,-38.378719329833984,-0.08560913056135178,0.2843949794769287,0.9548772573471069,1112,53.2048225402832,15.300636291503906,110.06295776367188,283.22003173828125,87.77072143554688,112.64596557617188,292.9870910644531,29.18914031982422,-0.04345107078552246,-0.16430039703845978,0.9854528903961182,112.64596557617188,292.9870910644531,29.18914031982422,108.68450927734375,257.0293884277344,16.694231033325195,0.10350702702999115,0.939521849155426,0.326473593711853,108.68450927734375,257.0293884277344,16.694231033325195,105.76339721679688,248.23890686035156,37.2858772277832,0.12937167286872864,0.38931724429130554,-0.9119731187820435,105.76339721679688,248.23890686035156,37.2858772277832,105.16153717041016,252.41575622558594,51.5980339050293,0.04033554717898369,-0.2799247205257416,-0.9591742753982544,1113,51.15785598754883,14.559525489807129,120.51547241210938,282.757568359375,87.44515991210938,130.8358154296875,291.5047912597656,35.81529998779297,-0.1933629959821701,-0.1638888567686081,0.9673423171043396,130.8358154296875,291.5047912597656,35.81529998779297,125.49286651611328,258.6274108886719,23.603403091430664,0.150604248046875,0.9267304539680481,0.3442225754261017,125.49286651611328,258.6274108886719,23.603403091430664,119.10664367675781,250.1737823486328,42.879817962646484,0.2903344929218292,0.38432419300079346,-0.8763565421104431,119.10664367675781,250.1737823486328,42.879817962646484,116.82241821289062,253.8038330078125,57.08190155029297,0.15396951138973236,-0.24468562006950378,-0.9572994709014893,1114,40.1068115234375,12.93290901184082,130.6944580078125,276.20355224609375,88.14545440673828,146.901123046875,286.04815673828125,42.52251434326172,-0.3280254602432251,-0.19925634562969208,0.92341548204422,146.901123046875,286.04815673828125,42.52251434326172,139.61053466796875,262.05572509765625,29.894075393676758,0.25967249274253845,0.8545502424240112,0.44979333877563477,139.61053466796875,262.05572509765625,29.894075393676758,133.00608825683594,255.6569366455078,42.40901565551758,0.4252648949623108,0.4120224416255951,-0.8058457374572754,133.00608825683594,255.6569366455078,42.40901565551758,130.27328491210938,258.13201904296875,55.58949279785156,0.19967199862003326,-0.18084165453910828,-0.9630302786827087
1,113.77438354492188,282.652587890625,48.9449462890625,0.03509500250220299,0.31412017345428467,0.0715220496058464,-0.09819969534873962,0.2974548637866974,-0.949672281742096,117.27898406982422,266.4474182128906,111.7507095336914,139.87037658691406,198.01626586914062,330.2281188964844,1110,41.38172912597656,16.309661865234375,92.8883056640625,262.1250915527344,92.343017578125,92.8883056640625,262.1250915527344,92.343017578125,0.0,0.0,0.0,92.8883056640625,262.1250915527344,92.343017578125,91.96472930908203,259.4894714355469,49.90212631225586,0.02171451412141323,0.061966948211193085,0.997842013835907,91.96472930908203,259.4894714355469,49.90212631225586,99.79806518554688,255.26187133789062,24.33453941345215,-0.2893436551094055,0.15615686774253845,0.9444020986557007,99.79806518554688,255.26187133789062,24.33453941345215,110.49220275878906,250.8933563232422,9.778397560119629,-0.5754780769348145,0.23508062958717346,0.7833021283149719,1111,46.694664001464844,15.578988075256348,99.8041000366211,280.8583679199219,89.3157730102539,93.89042663574219,290.7388000488281,27.696922302246094,0.09433870762586594,-0.15761898458003998,0.982983410358429,93.89042663574219,290.7388000488281,27.696922302246094,96.53467559814453,289.0523376464844,-6.271841526031494,-0.07751386612653732,0.049437183886766434,0.9957649111747742,96.53467559814453,289.0523376464844,-6.271841526031494,98.09785461425781,285.2356262207031,-25.01534080505371,-0.08144987374544144,0.19887079298496246,0.976635217666626,98.09785461425781,285.2356262207031,-25.01534080505371,99.22297668457031,281.3409423828125,-37.96187973022461,-0.0829344317317009,0.2870829999446869,0.954308807849884,1112,53.2048225402832,15.300636291503906,110.00775146484375,283.01507568359375,88.17171478271484,112.54712677001953,292.72216796875,29.5782527923584,-0.042717091739177704,-0.16329163312911987,0.9856526851654053,112.54712677001953,292.72216796875,29.5782527923584,108.54563903808594,256.7663269042969,17.090734481811523,0.1045529767870903,0.9394731521606445,0.3262804448604584,108.54563903808594,256.7663269042969,17.090734481811523,105.63313293457031,247.98106384277344,37.68583679199219,0.12899047136306763,0.389085978269577,-0.912125825881958,105.63313293457031,247.98106384277344,37.68583679199219,105.04512786865234,252.15528869628906,51.999332427978516,0.039407018572092056,-0.2797488570213318,-0.9592640995979309,1113,51.15785598754883,14.559525489807129,120.45954132080078,282.542724609375,87.83723449707031,130.74154663085938,291.229736328125,36.18955993652344,-0.19264470040798187,-0.16276073455810547,0.9676761031150818,130.74154663085938,291.229736328125,36.18955993652344,125.36202239990234,258.3499755859375,24.00016975402832,0.15163524448871613,0.92679762840271,0.3435882031917572,125.36202239990234,258.3499755859375,24.00016975402832,118.98432159423828,249.91354370117188,43.286949157714844,0.28994691371917725,0.3835422098636627,-0.8768272995948792,118.98432159423828,249.91354370117188,43.286949157714844,116.71416473388672,253.55287170410156,57.488914489746094,0.1530212163925171,-0.2453109622001648,-0.9572915434837341,1114,40.1068115234375,12.93290901184082,130.63316345214844,275.9801025390625,88.53486633300781,146.80787658691406,285.7649841308594,42.88774490356445,-0.3273787498474121,-0.19804754853248596,0.9239049553871155,146.80787658691406,285.7649841308594,42.88774490356445,139.47613525390625,261.7756042480469,30.277339935302734,0.2611382305622101,0.8544414639472961,0.4491509795188904,139.47613525390625,261.7756042480469,30.277339935302734,132.91574096679688,255.3726806640625,42.81331253051758,0.4224284589290619,0.4122888147830963,-0.8072001934051514,132.91574096679688,255.3726806640625,42.81331253051758,130.2266387939453,257.84014892578125,56.00419998168945,0.19647902250289917,-0.18028536438941956,-0.9637910723686218
1,113.62840270996094,282.4754943847656,49.35187530517578,0.03694887086749077,0.3130950927734375,0.07004118710756302,-0.10035249590873718,0.2978689968585968,-0.9493173360824585,117.22301483154297,266.3337707519531,112.16819763183594,140.30966186523438,197.80734252929688,330.5639343261719,1110,41.38172912597656,16.309661865234375,92.81926727294922,261.9535827636719,92.78953552246094,92.81926727294922,261.9535827636719,92.78953552246094,0.0,0.0,0.0,92.81926727294922,261.9535827636719,92.78953552246094,91.8805923461914,259.266357421875,50.35221862792969,0.022069502621889114,0.06318026036024094,0.9977580904960632,91.8805923461914,259.266357421875,50.35221862792969,99.68561553955078,255.03244018554688,24.777019500732422,-0.2882978618144989,0.1563902199268341,0.944683313369751,99.68561553955078,255.03244018554688,24.777019500732422,110.3480453491211,250.67800903320312,10.193414688110352,-0.573771595954895,0.234322652220726,0.7847796082496643,1111,46.694664001464844,15.578988075256348,99.69307708740234,280.697998046875,89.73551940917969,93.71101379394531,290.49530029296875,28.10999870300293,0.09542971849441528,-0.1562928706407547,0.9830899238586426,93.71101379394531,290.49530029296875,28.10999870300293,96.29928588867188,288.7779541015625,-5.861530780792236,-0.07587294280529022,0.05034250766038895,0.9958458542823792,96.29928588867188,288.7779541015625,-5.861530780792236,97.83826446533203,284.94073486328125,-24.602842330932617,-0.08018891513347626,0.19993939995765686,0.9765214323997498,97.83826446533203,284.94073486328125,-24.602842330932617,98.9495849609375,281.02850341796875,-37.54528045654297,-0.08191710710525513,0.28837648034095764,0.9540066123008728,1112,53.2048225402832,15.300636291503906,109.89125061035156,282.87493896484375,88.58110809326172,112.36491394042969,292.5202331542969,29.97463035583496,-0.0416116900742054,-0.16225206851959229,0.9858716726303101,112.36491394042969,292.5202331542969,29.97463035583496,108.43182373046875,256.54681396484375,17.516090393066406,0.10276588797569275,0.9399327635765076,0.32552340626716614,108.43182373046875,256.54681396484375,17.516090393066406,105.55390930175781,247.78021240234375,38.124000549316406,0.12745846807956696,0.38825950026512146,-0.9126931428909302,105.55390930175781,247.78021240234375,38.124000549316406,104.96781158447266,251.96774291992188,52.433685302734375,0.03927919268608093,-0.2806406021118164,-0.9590088129043579,1113,51.15785598754883,14.559525489807129,120.34376525878906,282.42431640625,88.23908233642578,130.5675506591797,291.0738525390625,36.573570251464844,-0.19155390560626984,-0.16205860674381256,0.9680103659629822,130.5675506591797,291.0738525390625,36.573570251464844,125.25020599365234,258.1709899902344,24.419292449951172,0.14988256990909576,0.9274488687515259,0.34259849786758423,125.25020599365234,258.1709899902344,24.419292449951172,118.90577697753906,249.74717712402344,43.72254943847656,0.28843435645103455,0.38296860456466675,-0.8775766491889954,118.90577697753906,249.74717712402344,43.72254943847656,116.63912200927734,253.3988037109375,57.92192077636719,0.15278510749340057,-0.24613988399505615,-0.9571163654327393,1114,40.1068115234375,12.93290901184082,130.53176879882812,275.8840026855469,88.93634796142578,146.6505584716797,285.6507873535156,43.26557159423828,-0.32624682784080505,-0.1976812481880188,0.9243836402893066,146.6505584716797,285.6507873535156,43.26557159423828,139.34909057617188,261.6416015625,30.675325393676758,0.26006001234054565,0.855147123336792,0.4484330415725708,139.34909057617188,261.6416015625,30.675325393676758,132.8619384765625,255.2195281982422,43.239585876464844,0.41771233081817627,0.4135218858718872,-0.8090216517448425,132.8619384765625,255.2195281982422,43.239585876464844,130.2186737060547,257.6766662597656,56.44165802001953,0.19312995672225952,-0.17953062057495117,-0.9646084904670715
1,113.43244934082031,282.32318115234375,49.77211380004883,0.03787082061171532,0.3118869960308075,0.06806878745555878,-0.10237985104322433,0.2979331910610199,-0.9490807056427002,117.14518737792969,266.2531433105469,112.59920501708984,140.6982421875,197.7119598388672,330.9405212402344,1110,41.38172912597656,16.309661865234375,92.71705627441406,261.82696533203125,93.26667785644531,92.71705627441406,261.82696533203125,93.26667785644531,0.0,0.0,0.0,92.71705627441406,261.82696533203125,93.26667785644531,91.77050018310547,259.0802917480469,50.83333969116211,0.02225479856133461,0.06457796692848206,0.9976645112037659,91.77050018310547,259.0802917480469,50.83333969116211,99.55390930175781,254.82778930664062,25.254636764526367,-0.28749948740005493,0.15707670152187347,0.9448127150535583,99.55390930175781,254.82778930664062,25.254636764526367,110.1937255859375,250.47412109375,10.654300689697266,-0.5725547075271606,0.23428161442279816,0.7856800556182861,1111,46.694664001464844,15.578988075256348,99.55978393554688,280.5771789550781,90.17870330810547,93.47212982177734,290.28790283203125,28.549816131591797,0.09711416065692902,-0.15491169691085815,0.9831435084342957,93.47212982177734,290.28790283203125,28.549816131591797,95.99163818359375,288.549560546875,-5.425815105438232,-0.07385719567537308,0.05095798894762993,0.9959660172462463,95.99163818359375,288.549560546875,-5.425815105438232,97.49694061279297,284.7099609375,-24.16937828063965,-0.07843419909477234,0.20006339251995087,0.9766384959220886,97.49694061279297,284.7099609375,-24.16937828063965,98.58705139160156,280.7939147949219,-37.112464904785156,-0.08035371452569962,0.28865769505500793,0.9540545344352722,1112,53.2048225402832,15.300636291503906,109.75314331054688,282.76708984375,89.00633239746094,112.12590026855469,292.3415832519531,30.384077072143555,-0.03991425409913063,-0.16106106340885162,0.9861370325088501,112.12590026855469,292.3415832519531,30.384077072143555,108.22645568847656,256.35028076171875,17.966596603393555,0.10188670456409454,0.9403993487358093,0.3244503438472748,108.22645568847656,256.35028076171875,17.966596603393555,105.3916015625,247.60546875,38.5897216796875,0.12555143237113953,0.38729459047317505,-0.9133672118186951,105.3916015625,247.60546875,38.5897216796875,104.82044219970703,251.80752563476562,52.895751953125,0.03827805444598198,-0.28161415457725525,-0.9587638974189758,1113,51.15785598754883,14.559525489807129,120.20575714111328,282.3307800292969,88.64929962158203,130.34036254882812,290.9292907714844,36.95770263671875,-0.18988299369812012,-0.16110257804393768,0.9684990048408508,130.34036254882812,290.9292907714844,36.95770263671875,125.0494613647461,258.0013732910156,24.859821319580078,0.14913710951805115,0.9281546473503113,0.34100866317749023,125.0494613647461,258.0013732910156,24.859821319580078,118.74673461914062,249.60064697265625,44.18678665161133,0.2865384817123413,0.3819190263748169,-0.8786544799804688,118.74673461914062,249.60064697265625,44.18678665161133,116.4973373413086,253.27149963378906,58.38394546508789,0.15162184834480286,-0.2474358230829239,-0.9569672346115112,1114,40.1068115234375,12.93290901184082,130.40403747558594,275.8057861328125,89.33966064453125,146.44097900390625,285.5374450683594,43.63258361816406,-0.32459017634391785,-0.19697028398513794,0.9251182675361633,146.44097900390625,285.5374450683594,43.63258361816406,139.13827514648438,261.5068054199219,31.0839900970459,0.2601037919521332,0.8559104204177856,0.4469490647315979,139.13827514648438,261.5068054199219,31.0839900970459,132.72906494140625,255.07736206054688,43.68442916870117,0.4126936197280884,0.4139964282512665,-0.8113512396812439,132.72906494140625,255.07736206054688,43.68442916870117,130.14413452148438,257.53314208984375,56.8983039855957,0.1888677030801773,-0.17943134903907776,-0.965470552444458
1,113.1568832397461,282.191162109375,50.15890884399414,0.037979889661073685,0.3122607171535492,0.06763006746768951,-0.10533837229013443,0.2983478605747223,-0.9486265778541565,116.92023468017578,266.0974426269531,112.97775268554688,141.15391540527344,197.4608612060547,331.2145690917969,1110,41.38172912597656,16.309661865234375,92.46238708496094,261.67431640625,93.65369415283203,92.46238708496094,261.67431640625,93.65369415283203,0.0,0.0,0.0,92.46238708496094,261.67431640625,93.65369415283203,91.55620574951172,258.9384765625,51.21877670288086,0.02130553498864174,0.06432325392961502,0.9977016448974609,91.55620574951172,258.9384765625,51.21877670288086,99.34524536132812,254.69937133789062,25.639564514160156,-0.28770744800567627,0.156581848859787,0.9448314905166626,99.34524536132812,254.69937133789062,25.639564514160156,109.97613525390625,250.35719299316406,11.029304504394531,-0.5720743536949158,0.23366329073905945,0.7862139940261841,1111,46.694664001464844,15.578988075256348,99.29975128173828,280.42718505859375,90.5700454711914,93.18682098388672,290.1591796875,28.9470157623291,0.09751738607883453,-0.15525101125240326,0.9830501079559326,93.18682098388672,290.1591796875,28.9470157623291,95.67295837402344,288.41748046875,-5.030900478363037,-0.07287896424531937,0.0510563999414444,0.9960331320762634,95.67295837402344,288.41748046875,-5.030900478363037,97.16096496582031,284.5657043457031,-23.773345947265625,-0.07753299176692963,0.2006978541612625,0.9765802621841431,97.16096496582031,284.5657043457031,-23.773345947265625,98.23957824707031,280.6348876953125,-36.712913513183594,-0.07950624078512192,0.2897465229034424,0.9537954330444336,1112,53.2048225402832,15.300636291503906,109.49217987060547,282.61981201171875,89.39466094970703,111.84082794189453,292.21636962890625,30.775043487548828,-0.039508696645498276,-0.16143223643302917,0.9860926866531372,111.84082794189453,292.21636962890625,30.775043487548828,107.94426727294922,256.2273254394531,18.350088119506836,0.10181134194135666,0.9403402209281921,0.32464560866355896,107.94426727294922,256.2273254394531,18.350088119506836,105.12077331542969,247.49090576171875,38.97832107543945,0.12504833936691284,0.3869229853153229,-0.9135936498641968,105.12077331542969,247.49090576171875,38.97832107543945,104.55541229248047,251.69627380371094,53.283607482910156,0.03788946196436882,-0.2818360924720764,-0.9587141871452332,1113,51.15785598754883,14.559525489807129,119.94475555419922,282.1860046386719,89.03355407714844,130.0580596923828,290.8057556152344,37.34132766723633,-0.1894839107990265,-0.16150054335594177,0.9685109257698059,130.0580596923828,290.8057556152344,37.34132766723633,124.76532745361328,257.8760681152344,25.249067306518555,0.14918874204158783,0.9282046556472778,0.34085026383399963,124.76532745361328,257.8760681152344,25.249067306518555,118.4747085571289,249.4887237548828,44.585784912109375,0.2859880328178406,0.38131067156791687,-0.8790978789329529,118.4747085571289,249.4887237548828,44.585784912109375,116.23400115966797,253.1683807373047,58.78203582763672,0.1510361284017563,-0.24802933633327484,-0.956906259059906,1114,40.1068115234375,12.93290901184082,130.14476013183594,275.66302490234375,89.71769714355469,146.1623992919922,285.4150695800781,44.00819396972656,-0.32419949769973755,-0.1973828822374344,0.9251673817634583,146.1623992919922,285.4150695800781,44.00819396972656,138.84539794921875,261.390380859375,31.45651626586914,0.26061293482780457,0.8556982278823853,0.447058767080307,138.84539794921875,261.390380859375,31.45651626586914,132.48684692382812,254.95191955566406,44.07799530029297,0.4094317555427551,0.4145772457122803,-0.8127062916755676,132.48684692382812,254.95191955566406,44.07799530029297,129.94476318359375,257.39666748046875,57.302223205566406,0.18573713302612305,-0.17862530052661896,-0.966227114200592
1,112.79265594482422,282.0249938964844,50.56501007080078,0.037321995943784714,0.30895859003067017,0.06599508225917816,-0.10836074501276016,0.2990695536136627,-0.9480587244033813,116.66902923583984,266.1004943847656,113.41838836669922,141.5980224609375,197.29786682128906,331.5245666503906,1110,41.38172912597656,16.309661865234375,92.16560363769531,261.6525573730469,94.15959930419922,92.16560363769531,261.6525573730469,94.15959930419922,0.0,0.0,0.0,92.16560363769531,261.6525573730469,94.15959930419922,91.23436737060547,258.7242431640625,51.738067626953125,0.021894607692956924,0.06884858012199402,0.9973868727684021,91.23436737060547,258.7242431640625,51.738067626953125,98.9902114868164,254.3782958984375,26.166698455810547,-0.28648126125335693,0.160528302192688,0.9445416927337646,98.9902114868164,254.3782958984375,26.166698455810547,109.59359741210938,249.97982788085938,11.55329418182373,-0.5705943703651428,0.2366924285888672,0.7863833904266357,1111,46.694664001464844,15.578988075256348,99.00003051757812,280.3945007324219,91.0038070678711,92.7895278930664,289.92596435546875,29.359201431274414,0.09907393157482147,-0.15205202996730804,0.9833944439888,92.7895278930664,289.92596435546875,29.359201431274414,95.20581817626953,288.0645751953125,-4.617406368255615,-0.07083145529031754,0.054565008729696274,0.9959948062896729,95.20581817626953,288.0645751953125,-4.617406368255615,96.65541076660156,284.13702392578125,-23.34713363647461,-0.07553141564130783,0.20464614033699036,0.9759175181388855,96.65541076660156,284.13702392578125,-23.34713363647461,97.70756530761719,280.1448974609375,-36.27010726928711,-0.07755587995052338,0.29426559805870056,0.95257169008255,1112,53.2048225402832,15.300636291503906,109.1907958984375,282.5821228027344,89.80496978759766,111.4466552734375,291.9870300292969,31.150653839111328,-0.03794781118631363,-0.15820829570293427,0.9866762757301331,111.4466552734375,291.9870300292969,31.150653839111328,107.52666473388672,255.95889282226562,18.846961975097656,0.1024235337972641,0.9413617253303528,0.3214772045612335,107.52666473388672,255.95889282226562,18.846961975097656,104.7361068725586,247.2985382080078,39.5117301940918,0.12358959019184113,0.38355404138565063,-0.9152113795280457,104.7361068725586,247.2985382080078,39.5117301940918,104.194580078125,251.55374145507812,53.80319595336914,0.03629213199019432,-0.2851759195327759,-0.957787811756134,1113,51.15785598754883,14.559525489807129,119.64273834228516,282.1459655761719,89.42855834960938,129.67422485351562,290.5957946777344,37.69234848022461,-0.1879509538412094,-0.15831685066223145,0.9693349003791809,129.67422485351562,290.5957946777344,37.69234848022461,124.35417938232422,257.6226806640625,25.731130599975586,0.14995865523815155,0.9294288754463196,0.3371565341949463,124.35417938232422,257.6226806640625,25.731130599975586,118.09598541259766,249.31651306152344,45.11335754394531,0.2845138907432556,0.377620130777359,-0.8811668157577515,118.09598541259766,249.31651306152344,45.11335754394531,115.882080078125,253.0554656982422,59.29831314086914,0.14922954142093658,-0.252026230096817,-0.9561449885368347,1114,40.1068115234375,12.93290901184082,129.84312438964844,275.6241149902344,90.11766052246094,145.7886199951172,285.22509765625,44.35099792480469,-0.3227393627166748,-0.19432540237903595,0.9263244867324829,145.7886199951172,285.22509765625,44.35099792480469,138.43101501464844,261.1641540527344,31.89286231994629,0.26205918192863464,0.8569896221160889,0.4437271058559418,138.43101501464844,261.1641540527344,31.89286231994629,132.14474487304688,254.75914001464844,44.56745147705078,0.4047775864601135,0.41242361068725586,-0.8161261677742004,132.14474487304688,254.75914001464844,44.56745147705078,129.6693115234375,257.2376403808594,57.79804229736328,0.1808672696352005,-0.18109136819839478,-0.9666917324066162
1,112.39466857910156,281.9163818359375,50.90045928955078,0.037590015679597855,0.31060582399368286,0.06646887212991714,-0.11150357127189636,0.29904496669769287,-0.9477019906044006,116.2759780883789,265.9032287597656,113.73308563232422,141.92799377441406,197.1062774658203,331.7572021484375,1110,41.38172912597656,16.309661865234375,91.7491226196289,261.4707946777344,94.45201873779297,91.7491226196289,261.4707946777344,94.45201873779297,0.0,0.0,0.0,91.7491226196289,261.4707946777344,94.45201873779297,90.84880065917969,258.5673522949219,52.02811050415039,0.021167771890759468,0.06826380640268326,0.9974427223205566,90.84880065917969,258.5673522949219,52.02811050415039,98.59776306152344,254.24908447265625,26.449968338012695,-0.28622710704803467,0.1595059037208557,0.9447919726371765,98.59776306152344,254.24908447265625,26.449968338012695,109.18534088134766,249.8728790283203,11.818425178527832,-0.5697435736656189,0.23549437522888184,0.7873592972755432,1111,46.694664001464844,15.578988075256348,98.58316802978516,280.2185363769531,91.33003997802734,92.40074157714844,289.8500061035156,29.698156356811523,0.0986260399222374,-0.15364739298820496,0.9831914305686951,92.40074157714844,289.8500061035156,29.698156356811523,94.81074523925781,288.00872802734375,-4.279996395111084,-0.07064715772867203,0.053975462913513184,0.9960399270057678,94.81074523925781,288.00872802734375,-4.279996395111084,96.25804901123047,284.0633544921875,-23.00615119934082,-0.07541216164827347,0.20557478070259094,0.9757314920425415,96.25804901123047,284.0633544921875,-23.00615119934082,97.30887603759766,280.0480041503906,-35.92203140258789,-0.07745805382728577,0.29597756266593933,0.9520490765571594,1112,53.2048225402832,15.300636291503906,108.77427673339844,282.40911865234375,90.13957214355469,111.05681610107422,291.9099426269531,31.50175666809082,-0.038396622985601425,-0.15982180833816528,0.9863988757133484,111.05681610107422,291.9099426269531,31.50175666809082,107.14437866210938,255.89666748046875,19.152313232421875,0.10222624242305756,0.9409739375114441,0.3226728141307831,107.14437866210938,255.89666748046875,19.152313232421875,104.34765625,247.22897338867188,39.81316375732422,0.12386264652013779,0.3838791847229004,-0.9150381088256836,104.34765625,247.22897338867188,39.81316375732422,103.8016128540039,251.4774169921875,54.106468200683594,0.036594826728105545,-0.2847228944301605,-0.9579110741615295,1113,51.15785598754883,14.559525489807129,119.2264404296875,281.974609375,89.76737213134766,129.2814483642578,290.5098571777344,38.04975509643555,-0.18839167058467865,-0.15991728007793427,0.9689866304397583,129.2814483642578,290.5098571777344,38.04975509643555,123.96443176269531,257.54949951171875,26.052108764648438,0.1498733013868332,0.929069459438324,0.3381834328174591,123.96443176269531,257.54949951171875,26.052108764648438,117.7018814086914,249.23980712890625,45.43141555786133,0.28471195697784424,0.37778040766716003,-0.8810341358184814,117.7018814086914,249.23980712890625,45.43141555786133,115.48701477050781,252.97645568847656,59.61682891845703,0.14929434657096863,-0.25187090039253235,-0.9561758041381836,1114,40.1068115234375,12.93290901184082,129.42715454101562,275.45263671875,90.45063781738281,145.39324951171875,285.1298828125,44.70722198486328,-0.3231562674045563,-0.19586896896362305,0.9258538484573364,145.39324951171875,285.1298828125,44.70722198486328,138.0295867919922,261.0909118652344,32.210323333740234,0.26227501034736633,0.8562072515487671,0.4451078772544861,138.0295867919922,261.0909118652344,32.210323333740234,131.7808074951172,254.6668243408203,44.89379119873047,0.4023635685443878,0.41365179419517517,-0.8166980147361755,131.7808074951172,254.6668243408203,44.89379119873047,129.33787536621094,257.1252746582031,58.1341552734375,0.17849265038967133,-0.1796264797449112,-0.9674062132835388
1,111.93555450439453,281.8138427734375,51.26518630981445,0.03355332836508751,0.3096732497215271,0.06797919422388077,-0.11471857875585556,0.29994282126426697,-0.9470342993736267,115.78063201904297,265.81683349609375,114.10497283935547,142.1722869873047,196.8133087158203,331.9754943847656,1110,41.38172912597656,16.309661865234375,91.19696807861328,261.4829406738281,94.82624053955078,91.19696807861328,261.4829406738281,94.82624053955078,0.0,0.0,0.0,91.19696807861328,261.4829406738281,94.82624053955078,90.31554412841797,258.517333984375,52.4062385559082,0.020723456516861916,0.06972537934780121,0.9973509907722473,90.31554412841797,258.517333984375,52.4062385559082,98.05995178222656,254.13270568847656,26.8380069732666,-0.28605887293815613,0.16195710003376007,0.9444259405136108,98.05995178222656,254.13270568847656,26.8380069732666,108.63349151611328,249.6967315673828,12.214320182800293,-0.5689883232116699,0.23871074616909027,0.7869367599487305,1111,46.694664001464844,15.578988075256348,98.10846710205078,280.20037841796875,91.69290161132812,91.97888946533203,289.81475830078125,30.053064346313477,0.09778295457363129,-0.15337474644184113,0.9833182096481323,91.97888946533203,289.81475830078125,30.053064346313477,94.36976623535156,287.9069519042969,-3.9227683544158936,-0.07008647173643112,0.05592568218708038,0.9959719777107239,94.36976623535156,287.9069519042969,-3.9227683544158936,95.7949447631836,283.90911865234375,-22.639488220214844,-0.07425934076309204,0.20830824971199036,0.9752401113510132,95.7949447631836,283.90911865234375,-22.639488220214844,96.8252944946289,279.8491516113281,-35.54306411743164,-0.07594864815473557,0.29926633834838867,0.9511421918869019,1112,53.2048225402832,15.300636291503906,108.30872344970703,282.3483581542969,90.50315856933594,110.64285278320312,291.7994689941406,31.859338760375977,-0.03926446661353111,-0.15898554027080536,0.9864998459815979,110.64285278320312,291.7994689941406,31.859338760375977,106.58161926269531,255.7837371826172,19.565195083618164,0.10611405223608017,0.9410380125045776,0.3212278485298157,106.58161926269531,255.7837371826172,19.565195083618164,103.74890899658203,247.17941284179688,40.24761962890625,0.12545649707317352,0.38107264041900635,-0.9159935712814331,103.74890899658203,247.17941284179688,40.24761962890625,103.22103881835938,251.4635467529297,54.53095245361328,0.035376887768507004,-0.2871147692203522,-0.9572426676750183,1113,51.15785598754883,14.559525489807129,118.75910186767578,281.8707580566406,90.133544921875,128.8601837158203,290.3291931152344,38.412288665771484,-0.18925490975379944,-0.15847811102867126,0.9690548181533813,128.8601837158203,290.3291931152344,38.412288665771484,123.40087127685547,257.3722839355469,26.469242095947266,0.15388432145118713,0.928972601890564,0.3366445302963257,123.40087127685547,257.3722839355469,26.469242095947266,117.1051254272461,249.13690185546875,45.8695068359375,0.28622105717658997,0.3744019865989685,-0.8819867372512817,117.1051254272461,249.13690185546875,45.8695068359375,114.9093246459961,252.91549682617188,60.04677200317383,0.14800918102264404,-0.2546983063220978,-0.9556264877319336,1114,40.1068115234375,12.93290901184082,128.93284606933594,275.3075256347656,90.82352447509766,144.94834899902344,284.8878173828125,45.07697296142578,-0.3241562843322754,-0.19390660524368286,0.9259173274040222,144.94834899902344,284.8878173828125,45.07697296142578,137.4679412841797,260.8712158203125,32.606483459472656,0.26643338799476624,0.8554112315177917,0.4441676139831543,137.4679412841797,260.8712158203125,32.606483459472656,131.24462890625,254.48321533203125,45.32068634033203,0.40072327852249146,0.41132766008377075,-0.8186761140823364,131.24462890625,254.48321533203125,45.32068634033203,128.85716247558594,256.9597473144531,58.56779479980469,0.17444007098674774,-0.18094763159751892,-0.9678990840911865
1,111.41374206542969,281.6950378417969,51.605159759521484,0.03095327690243721,0.3092537820339203,0.06861273944377899,-0.11727558821439743,0.30167388916015625,-0.9461708664894104,115.25809478759766,265.68817138671875,114.44243621826172,142.23800659179688,196.28639221191406,332.11431884765625,1110,41.38172912597656,16.309661865234375,90.63095092773438,261.42822265625,95.17499542236328,90.63095092773438,261.42822265625,95.17499542236328,0.0,0.0,0.0,90.63095092773438,261.42822265625,95.17499542236328,89.73224639892578,258.422607421875,52.7581672668457,0.02112974412739277,0.07066603004932404,0.997276246547699,89.73224639892578,258.422607421875,52.7581672668457,97.4538345336914,253.99786376953125,27.189945220947266,-0.28521594405174255,0.1634388417005539,0.9444254636764526,97.4538345336914,253.99786376953125,27.189945220947266,108.00904083251953,249.52577209472656,12.564011573791504,-0.5680016279220581,0.24065425992012024,0.7870575189590454,1111,46.694664001464844,15.578988075256348,97.58949279785156,280.127197265625,92.03563690185547,91.473876953125,289.7412109375,30.394365310668945,0.09756023436784744,-0.15336893498897552,0.9833412170410156,91.473876953125,289.7412109375,30.394365310668945,93.8218002319336,287.7915344238281,-3.5820858478546143,-0.068827323615551,0.057153068482875824,0.9959900975227356,93.8218002319336,287.7915344238281,-3.5820858478546143,95.21607971191406,283.7730712890625,-22.29671859741211,-0.07264932245016098,0.20938314497470856,0.975131094455719,95.21607971191406,283.7730712890625,-22.29671859741211,96.22203826904297,279.693603515625,-35.19607162475586,-0.07415071129798889,0.30070367455482483,0.9508306384086609,1112,53.2048225402832,15.300636291503906,107.79498291015625,282.2489318847656,90.84361267089844,110.14313507080078,291.6789245605469,32.19695281982422,-0.03950035572052002,-0.15863029658794403,0.986547589302063,110.14313507080078,291.6789245605469,32.19695281982422,105.98445892333984,255.6606903076172,19.94279670715332,0.10866008698940277,0.941103458404541,0.32018306851387024,105.98445892333984,255.6606903076172,19.94279670715332,103.13578796386719,247.09091186523438,40.637367248535156,0.12616337835788727,0.37954267859458923,-0.9165315628051758,103.13578796386719,247.09091186523438,40.637367248535156,102.62397766113281,251.39654541015625,54.914817810058594,0.03430058807134628,-0.28855565190315247,-0.9568485617637634,1113,51.15785598754883,14.559525489807129,118.2440414428711,281.74462890625,90.47234344482422,128.3577880859375,290.1640319824219,38.747188568115234,-0.18949218094348907,-0.1577467918395996,0.9691277742385864,128.3577880859375,290.1640319824219,38.747188568115234,122.80195617675781,257.20684814453125,26.84944725036621,0.15660488605499268,0.9289798736572266,0.3353673219680786,122.80195617675781,257.20684814453125,26.84944725036621,116.49224853515625,249.0177764892578,46.26477813720703,0.2868557572364807,0.3722965121269226,-0.8826715350151062,116.49224853515625,249.0177764892578,46.26477813720703,114.31541442871094,252.82891845703125,60.436256408691406,0.1467307209968567,-0.2568921446800232,-0.9552364349365234,1114,40.1068115234375,12.93290901184082,128.40118408203125,275.1557312011719,91.16228485107422,144.43319702148438,284.6834716796875,45.410545349121094,-0.3244904577732086,-0.1928429752588272,0.9260224103927612,144.43319702148438,284.6834716796875,45.410545349121094,136.87570190429688,260.67596435546875,32.96900939941406,0.2691788673400879,0.8550866842269897,0.4431360363960266,136.87570190429688,260.67596435546875,32.96900939941406,130.6575469970703,254.3202667236328,45.70189666748047,0.40039145946502686,0.4092479348182678,-0.8198797702789307,130.6575469970703,254.3202667236328,45.70189666748047,128.29937744140625,256.8204345703125,58.94981002807617,0.1722995489835739,-0.18267464637756348,-0.9679581522941589
1,110.82989501953125,281.56719970703125,51.92744827270508,0.030337881296873093,0.30827608704566956,0.06772773712873459,-0.11925455182790756,0.30330660939216614,-0.9454011917114258,114.74053955078125,265.5949401855469,114.7682876586914,142.17572021484375,195.81756591796875,332.2630920410156,1110,41.38172912597656,16.309661865234375,90.08285522460938,261.3476257324219,95.5362548828125,90.08285522460938,261.3476257324219,95.5362548828125,0.0,0.0,0.0,90.08285522460938,261.3476257324219,95.5362548828125,89.1830062866211,258.2459411621094,53.126373291015625,0.02115665189921856,0.07292474806308746,0.997113049030304,89.1830062866211,258.2459411621094,53.126373291015625,96.89765167236328,253.7677001953125,27.565364837646484,-0.28495946526527405,0.16541488468647003,0.9441589117050171,96.89765167236328,253.7677001953125,27.565364837646484,107.45073699951172,249.26632690429688,12.946887969970703,-0.5678876042366028,0.24223002791404724,0.786656379699707,1111,46.694664001464844,15.578988075256348,97.04402160644531,280.0415344238281,92.37264251708984,90.87208557128906,289.5994873046875,30.72825813293457,0.0984586775302887,-0.15247459709644318,0.983390748500824,90.87208557128906,289.5994873046875,30.72825813293457,93.16254425048828,287.6164245605469,-3.2501847743988037,-0.0671427994966507,0.058131758123636246,0.9960484504699707,93.16254425048828,287.6164245605469,-3.2501847743988037,94.52462768554688,283.57958984375,-21.963237762451172,-0.07097172737121582,0.21034038066864014,0.9750487208366394,94.52462768554688,283.57958984375,-21.963237762451172,95.50823974609375,279.48028564453125,-34.85801696777344,-0.07250355929136276,0.30216601490974426,0.9504939913749695,1112,53.2048225402832,15.300636291503906,107.24899291992188,282.1590576171875,91.16881561279297,109.54365539550781,291.5332336425781,32.51109313964844,-0.038600556552410126,-0.1576913446187973,0.9867337346076965,109.54365539550781,291.5332336425781,32.51109313964844,105.36256408691406,255.50534057617188,20.292993545532227,0.10924575477838516,0.9413557648658752,0.319240927696228,105.36256408691406,255.50534057617188,20.292993545532227,102.53085327148438,246.9528045654297,40.99702835083008,0.1254122108221054,0.37877893447875977,-0.916950523853302,102.53085327148438,246.9528045654297,40.99702835083008,102.03313446044922,251.26644897460938,55.27256393432617,0.0333561897277832,-0.28909245133399963,-0.9567198753356934,1113,51.15785598754883,14.559525489807129,117.69754028320312,281.6512756347656,90.78799438476562,127.76412200927734,290.0189514160156,39.045249938964844,-0.18860851228237152,-0.15677763521671295,0.9694574475288391,127.76412200927734,290.0189514160156,39.045249938964844,122.18377685546875,257.04901123046875,27.194469451904297,0.15729592740535736,0.9293398857116699,0.3340437710285187,122.18377685546875,257.04901123046875,27.194469451904297,115.890869140625,248.88429260253906,46.6254997253418,0.28609201312065125,0.3711894452571869,-0.883385419845581,115.890869140625,248.88429260253906,46.6254997253418,113.72988891601562,252.7130889892578,60.79464340209961,0.1456620991230011,-0.25808218121528625,-0.9550791382789612,1114,40.1068115234375,12.93290901184082,127.85334777832031,275.0599365234375,91.47437286376953,143.8442840576172,284.539794921875,45.69831466674805,-0.3236590325832367,-0.19187381863594055,0.9265145659446716,143.8442840576172,284.539794921875,45.69831466674805,136.2570037841797,260.5249938964844,33.2890625,0.27023985981941223,0.8553469181060791,0.44198641180992126,136.2570037841797,260.5249938964844,33.2890625,130.07998657226562,254.17640686035156,46.04550552368164,0.39774245023727417,0.4087899327278137,-0.8213962316513062,130.07998657226562,254.17640686035156,46.04550552368164,127.76109313964844,256.6820983886719,59.299312591552734,0.169429749250412,-0.18307814002037048,-0.9683883190155029
1,110.15068054199219,281.31390380859375,52.27046585083008,0.027788354083895683,0.3069804012775421,0.06821934133768082,-0.12178817391395569,0.305055171251297,-0.9445152282714844,114.066650390625,265.37939453125,115.1198959350586,142.08470153808594,195.1997528076172,332.410888671875,1110,41.38172912597656,16.309661865234375,89.36547088623047,261.19500732421875,95.90765380859375,89.36547088623047,261.19500732421875,95.90765380859375,0.0,0.0,0.0,89.36547088623047,261.19500732421875,95.90765380859375,88.45732116699219,258.00726318359375,53.504329681396484,0.02135181427001953,0.07494812458753586,0.99695885181427,88.45732116699219,258.00726318359375,53.504329681396484,96.16973114013672,253.45835876464844,27.955135345458984,-0.2848769426345825,0.16802504658699036,0.9437227249145508,96.16973114013672,253.45835876464844,27.955135345458984,106.73046112060547,248.90121459960938,13.359477043151855,-0.5682989954948425,0.24523119628429413,0.7854284644126892,1111,46.694664001464844,15.578988075256348,96.37171173095703,279.8681335449219,92.720947265625,90.20710754394531,289.37103271484375,31.067319869995117,0.09834173321723938,-0.15159635245800018,0.9835382699966431,90.20710754394531,289.37103271484375,31.067319869995117,92.45464324951172,287.3582458496094,-2.912238359451294,-0.0658845603466034,0.05900309979915619,0.9960812330245972,92.45464324951172,287.3582458496094,-2.912238359451294,93.7862777709961,283.3079528808594,-21.624570846557617,-0.06938519328832626,0.2110416740179062,0.97501140832901,93.7862777709961,283.3079528808594,-21.624570846557617,94.7459487915039,279.1955871582031,-34.517005920410156,-0.0707387775182724,0.30312857031822205,0.9503205418586731,1112,53.2048225402832,15.300636291503906,106.58154296875,281.959228515625,91.51206970214844,108.88384246826172,291.2609558105469,32.843109130859375,-0.03872902691364288,-0.15647262334823608,0.9869227409362793,108.88384246826172,291.2609558105469,32.843109130859375,104.61165618896484,255.23114013671875,20.66223907470703,0.11162591725587845,0.9414058923721313,0.31826815009117126,104.61165618896484,255.23114013671875,20.66223907470703,101.76414489746094,246.7070770263672,41.37584686279297,0.1261119842529297,0.3775179088115692,-0.9173744916915894,101.76414489746094,246.7070770263672,41.37584686279297,101.28060913085938,251.0371856689453,55.646881103515625,0.03240567818284035,-0.29019591212272644,-0.9564184546470642,1113,51.15785598754883,14.559525489807129,117.0287094116211,281.4253234863281,91.12910461425781,127.10224914550781,289.7093505859375,39.37425994873047,-0.1887388825416565,-0.15521039068698883,0.9696841239929199,127.10224914550781,289.7093505859375,39.37425994873047,121.43634033203125,256.73822021484375,27.567468643188477,0.15970775485038757,0.9293734431266785,0.3328038156032562,121.43634033203125,256.73822021484375,27.567468643188477,115.12848663330078,248.61117553710938,47.00944137573242,0.2867715060710907,0.36947667598724365,-0.8838828802108765,115.12848663330078,248.61117553710938,47.00944137573242,112.98153686523438,252.46435546875,61.17410659790039,0.14471636712551117,-0.25972577929496765,-0.9547773003578186,1114,40.1068115234375,12.93290901184082,127.16847229003906,274.8098449707031,91.82035827636719,143.17063903808594,284.1982727050781,46.029388427734375,-0.3238863945007324,-0.1900232583284378,0.926816463470459,143.17063903808594,284.1982727050781,46.029388427734375,135.5089569091797,260.1933288574219,33.646812438964844,0.2728899419307709,0.8549960255622864,0.4410363733768463,135.5089569091797,260.1933288574219,33.646812438964844,129.3609161376953,253.85804748535156,46.42383575439453,0.395876944065094,0.4079335033893585,-0.8227220773696899,129.3609161376953,253.85804748535156,46.42383575439453,127.0858383178711,256.3697814941406,59.6840934753418,0.16622833907604218,-0.18351960182189941,-0.9688594341278076
1,109.36135864257812,280.97772216796875,52.576744079589844,0.024160373955965042,0.30714666843414307,0.06814994663000107,-0.12442994862794876,0.30488139390945435,-0.9442269206047058,113.31897735595703,265.0137634277344,115.41738891601562,141.9447784423828,194.8740997314453,332.6420593261719,1110,41.38172912597656,16.309661865234375,88.5588150024414,260.9099426269531,96.22920989990234,88.5588150024414,260.9099426269531,96.22920989990234,0.0,0.0,0.0,88.5588150024414,260.9099426269531,96.22920989990234,87.64756774902344,257.6809387207031,53.82907485961914,0.021424641832709312,0.07591819763183594,0.9968838691711426,87.64756774902344,257.6809387207031,53.82907485961914,95.38462829589844,253.07542419433594,28.2974796295166,-0.2857874929904938,0.17011608183383942,0.9430726766586304,95.38462829589844,253.07542419433594,28.2974796295166,105.9792251586914,248.4639434814453,13.743484497070312,-0.5701212882995605,0.2481551170349121,0.7831862568855286,1111,46.694664001464844,15.578988075256348,95.62272644042969,279.5612487792969,93.04198455810547,89.42074584960938,289.10858154296875,31.398969650268555,0.0989379733800888,-0.15230517089366913,0.9833688735961914,89.42074584960938,289.10858154296875,31.398969650268555,91.6060791015625,287.0885314941406,-2.5842177867889404,-0.06406114250421524,0.059216007590293884,0.9961875677108765,91.6060791015625,287.0885314941406,-2.5842177867889404,92.89405059814453,283.02972412109375,-21.297761917114258,-0.06711011379957199,0.21148528158664703,0.9750744700431824,92.89405059814453,283.02972412109375,-21.297761917114258,93.81939697265625,278.907470703125,-34.18954086303711,-0.06820868700742722,0.30385756492614746,0.9502726197242737,1112,53.2048225402832,15.300636291503906,105.8380126953125,281.6192932128906,91.82254791259766,108.10553741455078,290.9365234375,33.15468978881836,-0.03814404457807541,-0.15673339366912842,0.9869040846824646,108.10553741455078,290.9365234375,33.15468978881836,103.6997299194336,254.9207763671875,20.979801177978516,0.11511723697185516,0.941038191318512,0.3181118369102478,103.6997299194336,254.9207763671875,20.979801177978516,100.84888458251953,246.4115447998047,41.69904708862305,0.12625963985919952,0.376861035823822,-0.9176241755485535,100.84888458251953,246.4115447998047,41.69904708862305,100.3964614868164,250.74359130859375,55.97050857543945,0.03032057359814644,-0.2903258800506592,-0.9564473628997803,1113,51.15785598754883,14.559525489807129,116.28294372558594,281.05126953125,91.42774200439453,126.32601928710938,289.3226013183594,39.664939880371094,-0.18816807866096497,-0.15497250854969025,0.9698331356048584,126.32601928710938,289.3226013183594,39.664939880371094,120.53260803222656,256.3684387207031,27.87263298034668,0.16330169141292572,0.9288949370384216,0.3323954641819,120.53260803222656,256.3684387207031,27.87263298034668,114.22208404541016,248.26971435546875,47.325557708740234,0.2868928909301758,0.36818912625312805,-0.8843806982040405,114.22208404541016,248.26971435546875,47.325557708740234,112.10624694824219,252.13327026367188,61.49208068847656,0.14261917769908905,-0.2604251503944397,-0.9549024105072021,1114,40.1068115234375,12.93290901184082,126.4017105102539,274.4023132324219,92.10511779785156,142.38363647460938,283.7562255859375,46.30001449584961,-0.3234767019748688,-0.18932466208934784,0.9271025061607361,142.38363647460938,283.7562255859375,46.30001449584961,134.61497497558594,259.7825012207031,33.923606872558594,0.2767002284526825,0.8538838624954224,0.44081658124923706,134.61497497558594,259.7825012207031,33.923606872558594,128.4993438720703,253.4587860107422,46.72190856933594,0.39378979802131653,0.4071884751319885,-0.8240916728973389,128.4993438720703,253.4587860107422,46.72190856933594,126.27973175048828,255.96554565429688,59.992496490478516,0.16217583417892456,-0.18315625190734863,-0.9696148037910461
1,108.56781005859375,280.72412109375,52.82289505004883,0.01977156288921833,0.30853644013404846,0.06876959651708603,-0.1280466616153717,0.30671426653862,-0.943149209022522,112.54376220703125,264.640380859375,115.63312530517578,142.00161743164062,194.0790557861328,332.60986328125,1110,41.38172912597656,16.309661865234375,87.71375274658203,260.6705322265625,96.4572982788086,87.71375274658203,260.6705322265625,96.4572982788086,0.0,0.0,0.0,87.71375274658203,260.6705322265625,96.4572982788086,86.8131332397461,257.463623046875,54.055259704589844,0.02117476798593998,0.07539872080087662,0.9969286322593689,86.8131332397461,257.463623046875,54.055259704589844,94.56348419189453,252.83628845214844,28.531644821166992,-0.2862784266471863,0.17092207074165344,0.9427779912948608,94.56348419189453,252.83628845214844,28.531644821166992,105.17752838134766,248.18519592285156,14.004446983337402,-0.5711677670478821,0.25028669834136963,0.781744122505188,1111,46.694664001464844,15.578988075256348,94.85301208496094,279.2975158691406,93.29586029052734,88.64576721191406,288.9732666015625,31.673402786254883,0.09902194887399673,-0.1543537825345993,0.983040988445282,88.64576721191406,288.9732666015625,31.673402786254883,90.77547454833984,286.976806640625,-2.3147077560424805,-0.062430523335933685,0.058524493128061295,0.9963319301605225,90.77547454833984,286.976806640625,-2.3147077560424805,92.02082824707031,282.9210510253906,-21.03179931640625,-0.06488949805498123,0.21132627129554749,0.9752591848373413,92.02082824707031,282.9210510253906,-21.03179931640625,92.91136932373047,278.79498291015625,-33.9248161315918,-0.06564310193061829,0.3041386008262634,0.9503633975982666,1112,53.2048225402832,15.300636291503906,105.07589721679688,281.31500244140625,92.07229614257812,107.33930206298828,290.72039794921875,33.41835403442383,-0.03807474672794342,-0.15821652114391327,0.9866701364517212,107.33930206298828,290.72039794921875,33.41835403442383,102.77361297607422,254.7413787841797,21.19389533996582,0.11929471045732498,0.940078616142273,0.31940704584121704,102.77361297607422,254.7413787841797,21.19389533996582,99.9040756225586,246.2228546142578,41.906742095947266,0.12708748877048492,0.3772726058959961,-0.9173407554626465,99.9040756225586,246.2228546142578,41.906742095947266,99.48143768310547,250.540283203125,56.18354797363281,0.028324419632554054,-0.2893461585044861,-0.9568053483963013,1113,51.15785598754883,14.559525489807129,115.51807403564453,280.7041320800781,91.66883087158203,125.55764770507812,289.0197448730469,39.912445068359375,-0.18810246884822845,-0.1558021605014801,0.9697129130363464,125.55764770507812,289.0197448730469,39.912445068359375,119.61518859863281,256.1064758300781,28.08013153076172,0.16750292479991913,0.9277420043945312,0.33352306485176086,119.61518859863281,256.1064758300781,28.08013153076172,113.2872314453125,248.0146484375,47.53025817871094,0.2876855134963989,0.3678756654262543,-0.8842536807060242,113.2872314453125,248.0146484375,47.53025817871094,111.2000732421875,251.87046813964844,61.7031364440918,0.14068610966205597,-0.25990375876426697,-0.9553310871124268,1114,40.1068115234375,12.93290901184082,125.60953521728516,274.0119323730469,92.32768249511719,141.59678649902344,283.3754577636719,46.526397705078125,-0.3235844671726227,-0.18951921164989471,0.9270251393318176,141.59678649902344,283.3754577636719,46.526397705078125,133.70919799804688,259.4590759277344,34.11426544189453,0.2809358537197113,0.8518407344818115,0.44208863377571106,133.70919799804688,259.4590759277344,34.11426544189453,127.6122817993164,253.13375854492188,46.920692443847656,0.3925849497318268,0.40729188919067383,-0.8246152997016907,127.6122817993164,253.13375854492188,46.920692443847656,125.442138671875,255.618896484375,60.20352554321289,0.1585613638162613,-0.1815764307975769,-0.9705092906951904
1,107.74722290039062,280.56011962890625,53.088157653808594,0.017294155433773994,0.3108762800693512,0.06888014823198318,-0.1320016235113144,0.30990082025527954,-0.9415609836578369,111.7657470703125,264.304443359375,115.85209655761719,142.13345336914062,193.01004028320312,332.46343994140625,1110,41.38172912597656,16.309661865234375,86.87662506103516,260.4452209472656,96.68640899658203,86.87662506103516,260.4452209472656,96.68640899658203,0.0,0.0,0.0,86.87662506103516,260.4452209472656,96.68640899658203,86.0135498046875,257.2996520996094,54.278995513916016,0.020292052999138832,0.07395652681589127,0.9970549941062927,86.0135498046875,257.2996520996094,54.278995513916016,93.80335235595703,252.6872100830078,28.764694213867188,-0.28773564100265503,0.17037196457386017,0.9424338936805725,93.80335235595703,252.6872100830078,28.764694213867188,104.45573425292969,248.02835083007812,14.268081665039062,-0.5732309222221375,0.25070467591285706,0.7800984382629395,1111,46.694664001464844,15.578988075256348,94.05621337890625,279.063720703125,93.56665802001953,87.8299331665039,288.9073791503906,31.972719192504883,0.09932561218738556,-0.15703235566616058,0.9825860261917114,87.8299331665039,288.9073791503906,31.972719192504883,89.92357635498047,287.01446533203125,-2.0235559940338135,-0.06137332692742348,0.05548911914229393,0.9965712428092957,89.92357635498047,287.01446533203125,-2.0235559940338135,91.142578125,283.0159912109375,-20.754695892333984,-0.06351643800735474,0.20834164321422577,0.9759914875030518,91.142578125,283.0159912109375,-20.754695892333984,92.01204681396484,278.92596435546875,-33.66062927246094,-0.0640898272395134,0.3014819622039795,0.9513155221939087,1112,53.2048225402832,15.300636291503906,104.28285217285156,281.06097412109375,92.34125518798828,106.52855682373047,290.6075744628906,33.70944595336914,-0.037776995450258255,-0.16059185564517975,0.9862977862358093,106.52855682373047,290.6075744628906,33.70944595336914,101.87458038330078,254.67453002929688,21.38347053527832,0.12160152196884155,0.938877284526825,0.3220595121383667,101.87458038330078,254.67453002929688,21.38347053527832,98.99838256835938,246.10218811035156,42.07317352294922,0.12738248705863953,0.3796561658382416,-0.9163159132003784,98.99838256835938,246.10218811035156,42.07317352294922,98.59375762939453,250.3772430419922,56.36324691772461,0.02711722068488598,-0.2865063548088074,-0.9576945304870605,1113,51.15785598754883,14.559525489807129,114.72333526611328,280.42730712890625,91.92923736572266,124.747314453125,288.8492126464844,40.187015533447266,-0.1878102868795395,-0.15779367089271545,0.9694475531578064,124.747314453125,288.8492126464844,40.187015533447266,118.72344207763672,255.9807586669922,28.271591186523438,0.16979776322841644,0.9264788031578064,0.3358657658100128,118.72344207763672,255.9807586669922,28.271591186523438,112.3896255493164,247.85227966308594,47.70451736450195,0.2879519462585449,0.3695420026779175,-0.8834718465805054,112.3896255493164,247.85227966308594,47.70451736450195,110.31888580322266,251.6715545654297,61.88970184326172,0.13957934081554413,-0.2574402987957001,-0.9561600685119629,1114,40.1068115234375,12.93290901184082,124.7999496459961,273.71051025390625,92.5645980834961,140.77793884277344,283.15191650390625,46.77606964111328,-0.3233969509601593,-0.1910955160856247,0.9267668724060059,140.77793884277344,283.15191650390625,46.77606964111328,132.8274688720703,259.2880859375,34.30308532714844,0.28317564725875854,0.8499693870544434,0.4442561864852905,132.8274688720703,259.2880859375,34.30308532714844,126.733642578125,252.94078063964844,47.10010528564453,0.392385870218277,0.40870755910873413,-0.8240092992782593,126.733642578125,252.94078063964844,47.10010528564453,124.58259582519531,255.38841247558594,60.39300537109375,0.15716607868671417,-0.17883604764938354,-0.9712448120117188
1,106.80764770507812,280.269775390625,53.335330963134766,0.014885838143527508,0.3141399323940277,0.06910549849271774,-0.13596077263355255,0.3108888864517212,-0.940671443939209,110.86356353759766,263.81298828125,116.04696655273438,142.14208984375,192.29127502441406,332.45367431640625,1110,41.38172912597656,16.309661865234375,85.91673278808594,260.0528869628906,96.87664031982422,85.91673278808594,260.0528869628906,96.87664031982422,0.0,0.0,0.0,85.91673278808594,260.0528869628906,96.87664031982422,85.13037872314453,257.0073547363281,54.4604377746582,0.018488237634301186,0.07160454243421555,0.9972617030143738,85.13037872314453,257.0073547363281,54.4604377746582,92.99972534179688,252.42759704589844,28.96466064453125,-0.29067373275756836,0.16916465759277344,0.9417494535446167,92.99972534179688,252.42759704589844,28.96466064453125,103.72624206542969,247.76751708984375,14.523215293884277,-0.5772203803062439,0.2507704198360443,0.7771298885345459,1111,46.694664001464844,15.578988075256348,93.13629913330078,278.6658020019531,93.81635284423828,86.89714813232422,288.7337646484375,32.259986877441406,0.09953095018863678,-0.1606106162071228,0.9819867014884949,86.89714813232422,288.7337646484375,32.259986877441406,88.95516967773438,286.8944396972656,-1.741405725479126,-0.06032910943031311,0.05391820892691612,0.9967212080955505,88.95516967773438,286.8944396972656,-1.741405725479126,90.14778137207031,282.9281005859375,-20.481081008911133,-0.062141358852386475,0.20666718482971191,0.9764358997344971,90.14778137207031,282.9281005859375,-20.481081008911133,90.99604034423828,278.8575439453125,-33.394569396972656,-0.06252647191286087,0.30004698038101196,0.9518730640411377,1112,53.2048225402832,15.300636291503906,103.36669158935547,280.6443176269531,92.5918960571289,105.60052490234375,290.3861083984375,33.99174880981445,-0.03757729381322861,-0.16387531161308289,0.9857650995254517,105.60052490234375,290.3861083984375,33.99174880981445,100.8551254272461,254.49583435058594,21.576330184936523,0.1239902675151825,0.9377597570419312,0.3243965208530426,100.8551254272461,254.49583435058594,21.576330184936523,97.97459411621094,245.88429260253906,42.24915313720703,0.1275743693113327,0.38139215111732483,-0.9155680537223816,97.97459411621094,245.88429260253906,42.24915313720703,97.59027862548828,250.1259765625,56.54972457885742,0.025756124407052994,-0.28426992893218994,-0.9583982825279236,1113,51.15785598754883,14.559525489807129,113.80549621582031,279.9886779785156,92.17171478271484,123.81896209716797,288.5647888183594,40.452796936035156,-0.1876133382320404,-0.16068290174007416,0.9690110087394714,123.81896209716797,288.5647888183594,40.452796936035156,117.70675659179688,255.7425994873047,28.455097198486328,0.17228762805461884,0.9251745343208313,0.33818483352661133,117.70675659179688,255.7425994873047,28.455097198486328,111.36921691894531,247.583251953125,47.873870849609375,0.28812116384506226,0.3709453046321869,-0.8828282952308655,111.36921691894531,247.583251953125,47.873870849609375,109.31716918945312,251.3653106689453,62.07173538208008,0.13831940293312073,-0.2549317479133606,-0.9570149183273315,1114,40.1068115234375,12.93290901184082,123.86737823486328,273.2471923828125,92.77833557128906,139.84051513671875,282.8091125488281,47.01313018798828,-0.32329878211021423,-0.1935347616672516,0.9262949228286743,139.84051513671875,282.8091125488281,47.01313018798828,131.81924438476562,259.0036926269531,34.47404861450195,0.28569746017456055,0.8478891253471375,0.4466105103492737,131.81924438476562,259.0036926269531,34.47404861450195,125.73961639404297,252.63034057617188,47.2648811340332,0.3914715349674225,0.4103846251964569,-0.8236107230186462,125.73961639404297,252.63034057617188,47.2648811340332,123.6163330078125,255.0309600830078,60.5708122253418,0.1551375538110733,-0.17540109157562256,-0.9721969366073608
1,105.84947204589844,279.96490478515625,53.69503402709961,0.01421794481575489,0.3171880841255188,0.06805609166622162,-0.13997168838977814,0.3110937774181366,-0.9400151968002319,110.00408935546875,263.3376770019531,116.35755920410156,142.20535278320312,191.76881408691406,332.61328125,1110,41.38172912597656,16.309661865234375,85.0054702758789,259.6195068359375,97.19895935058594,85.0054702758789,259.6195068359375,97.19895935058594,0.0,0.0,0.0,85.0054702758789,259.6195068359375,97.19895935058594,84.2470932006836,256.66058349609375,54.77610778808594,0.017830457538366318,0.06956823915243149,0.9974178671836853,84.2470932006836,256.66058349609375,54.77610778808594,92.16960906982422,252.1226348876953,29.289329528808594,-0.29263773560523987,0.16762036085128784,0.9414172172546387,92.16960906982422,252.1226348876953,29.289329528808594,102.95343017578125,247.480224609375,14.884908676147461,-0.5803038477897644,0.24981947243213654,0.775137186050415,1111,46.694664001464844,15.578988075256348,92.22671508789062,278.2397155761719,94.18745422363281,85.91590881347656,288.4996643066406,32.670101165771484,0.10067402571439743,-0.1636732816696167,0.9813642501831055,85.91590881347656,288.4996643066406,32.670101165771484,87.93766784667969,286.7380065917969,-1.337577223777771,-0.0592661127448082,0.051641467958688736,0.9969056248664856,87.93766784667969,286.7380065917969,-1.337577223777771,89.10921478271484,282.8166809082031,-20.088048934936523,-0.061043787747621536,0.20432178676128387,0.9769986271858215,89.10921478271484,282.8166809082031,-20.088048934936523,89.9424819946289,278.7726135253906,-33.01083755493164,-0.061421383172273636,0.2980943024158478,0.9525582194328308,1112,53.2048225402832,15.300636291503906,102.45619201660156,280.21905517578125,92.95671081542969,104.6218490600586,290.14129638671875,34.38428497314453,-0.03643043711781502,-0.1669108271598816,0.985298752784729,104.6218490600586,290.14129638671875,34.38428497314453,99.84848022460938,254.28416442871094,21.884098052978516,0.12472104281187057,0.9368936419487,0.32661134004592896,99.84848022460938,254.28416442871094,21.884098052978516,96.99103546142578,245.61383056640625,42.5355339050293,0.12655192613601685,0.38399603962898254,-0.9146209955215454,96.99103546142578,245.61383056640625,42.5355339050293,96.62570190429688,249.8137969970703,56.84891128540039,0.02448398806154728,-0.2814740836620331,-0.9592564105987549,1113,51.15785598754883,14.559525489807129,112.894287109375,279.561767578125,92.5218505859375,122.84757232666016,288.2947998046875,40.81757736206055,-0.18648578226566315,-0.16362299025058746,0.9687365889549255,122.84757232666016,288.2947998046875,40.81757736206055,116.7057876586914,255.50576782226562,28.744611740112305,0.17312148213386536,0.9242404103279114,0.3403065502643585,116.7057876586914,255.50576782226562,28.744611740112305,110.39032745361328,247.2938232421875,48.148406982421875,0.2871173024177551,0.37333643436431885,-0.8821471333503723,110.39032745361328,247.2938232421875,48.148406982421875,108.3553237915039,251.02853393554688,62.36125183105469,0.13717052340507507,-0.2517402172088623,-0.9580245614051819,1114,40.1068115234375,12.93290901184082,122.95494079589844,272.8155517578125,93.0954360961914,138.87538146972656,282.5142822265625,47.34066390991211,-0.3222322463989258,-0.1963038295507431,0.9260838031768799,138.87538146972656,282.5142822265625,47.34066390991211,130.8345489501953,258.74267578125,34.75004959106445,0.2863941490650177,0.8466845750808716,0.4484458863735199,130.8345489501953,258.74267578125,34.75004959106445,124.74589538574219,252.3463592529297,47.52509689331055,0.3920530378818512,0.4118637144565582,-0.8225950598716736,124.74589538574219,252.3463592529297,47.52509689331055,122.61554718017578,254.70751953125,60.83695983886719,0.15565373003482819,-0.17251800000667572,-0.9726302623748779
1,104.84943389892578,279.6280822753906,53.96255874633789,0.014249596744775772,0.31883299350738525,0.06728295236825943,-0.14422255754470825,0.31139275431632996,-0.9392733573913574,109.086181640625,262.90911865234375,116.59664916992188,142.265380859375,191.271484375,332.68170166015625,1110,41.38172912597656,16.309661865234375,84.04225158691406,259.20574951171875,97.44805908203125,84.04225158691406,259.20574951171875,97.44805908203125,0.0,0.0,0.0,84.04225158691406,259.20574951171875,97.44805908203125,83.30046081542969,256.28302001953125,55.02240753173828,0.017440492287278175,0.06871727108955383,0.9974837303161621,83.30046081542969,256.28302001953125,55.02240753173828,91.28446197509766,251.75643920898438,29.552799224853516,-0.2949088513851166,0.1672004610300064,0.9407830238342285,91.28446197509766,251.75643920898438,29.552799224853516,102.14144897460938,247.11508178710938,15.203112602233887,-0.5842412710189819,0.2497629076242447,0.7721920609474182,1111,46.694664001464844,15.578988075256348,91.25645446777344,277.8327941894531,94.4619369506836,84.89842224121094,288.1921691894531,32.96611404418945,0.10142740607261658,-0.16525939106941223,0.9810208082199097,84.89842224121094,288.1921691894531,32.96611404418945,86.90110778808594,286.4115905761719,-1.041709065437317,-0.05870698019862175,0.052196111530065536,0.9969097375869751,86.90110778808594,286.4115905761719,-1.041709065437317,88.0625,282.4755554199219,-19.78972816467285,-0.060514677315950394,0.20508824288845062,0.9768708944320679,88.0625,282.4755554199219,-19.78972816467285,88.888916015625,278.41754150390625,-32.70858383178711,-0.06091637164354324,0.29912233352661133,0.9522683024406433,1112,53.2048225402832,15.300636291503906,101.4845199584961,279.81683349609375,93.22704315185547,103.60517120361328,289.83587646484375,34.669456481933594,-0.0356733612716198,-0.16853922605514526,0.9850492477416992,103.60517120361328,289.83587646484375,34.669456481933594,98.82850646972656,253.98838806152344,22.142927169799805,0.12480718642473221,0.9366418719291687,0.32729968428611755,98.82850646972656,253.98838806152344,22.142927169799805,95.9908447265625,245.3036346435547,42.79103088378906,0.125675767660141,0.38463467359542847,-0.9144734740257263,95.9908447265625,245.3036346435547,42.79103088378906,95.6375503540039,249.4954833984375,57.107093811035156,0.02367713861167431,-0.2809299826622009,-0.9594361782073975,1113,51.15785598754883,14.559525489807129,111.92247009277344,279.1629943847656,92.7835464477539,121.83602905273438,287.9836120605469,41.08651351928711,-0.18574146926403046,-0.16526401042938232,0.9686009883880615,121.83602905273438,287.9836120605469,41.08651351928711,115.68692779541016,255.2052459716797,28.988264083862305,0.17332759499549866,0.9239391684532166,0.34101903438568115,115.68692779541016,255.2052459716797,28.988264083862305,109.39117431640625,246.9810791015625,48.39327621459961,0.2862215042114258,0.373892217874527,-0.8822028040885925,109.39117431640625,246.9810791015625,48.39327621459961,107.36907196044922,250.70339965820312,62.611209869384766,0.1363009363412857,-0.2509050965309143,-0.9583677649497986,1114,40.1068115234375,12.93290901184082,121.98529815673828,272.4184875488281,93.3387680053711,137.8700714111328,282.19659423828125,47.58848571777344,-0.3215102553367615,-0.1979103833436966,0.9259927868843079,137.8700714111328,282.19659423828125,47.58848571777344,129.82362365722656,258.4378356933594,34.977195739746094,0.2865940034389496,0.8462265133857727,0.44918206334114075,129.82362365722656,258.4378356933594,34.977195739746094,123.74163818359375,252.03509521484375,47.752220153808594,0.391623318195343,0.412276953458786,-0.8225927948951721,123.74163818359375,252.03509521484375,47.752220153808594,121.61568450927734,254.38128662109375,61.06743240356445,0.15533262491226196,-0.1714242845773697,-0.9728748798370361
1,103.7086410522461,279.1636962890625,54.25090789794922,0.019815366715192795,0.3204200267791748,0.06208515539765358,-0.14883656799793243,0.31048691272735596,-0.9388533234596252,108.24413299560547,262.4049987792969,116.85405731201172,142.4848175048828,190.97576904296875,332.8424987792969,1110,41.38172912597656,16.309661865234375,83.16934204101562,258.5506591796875,97.77375793457031,83.16934204101562,258.5506591796875,97.77375793457031,0.0,0.0,0.0,83.16934204101562,258.5506591796875,97.77375793457031,82.41990661621094,255.64964294433594,55.34675216674805,0.017620228230953217,0.0682067722082138,0.9975156188011169,82.41990661621094,255.64964294433594,55.34675216674805,90.48379516601562,251.1728973388672,29.89350700378418,-0.29785966873168945,0.16535967588424683,0.940178632736206,90.48379516601562,251.1728973388672,29.89350700378418,101.45117950439453,246.5900421142578,15.609119415283203,-0.5901820659637451,0.24661478400230408,0.7686782479286194,1111,46.694664001464844,15.578988075256348,90.25189971923828,277.2284240722656,94.78931427001953,83.63758850097656,287.6228332519531,33.326446533203125,0.1055157482624054,-0.16581830382347107,0.9804952144622803,83.63758850097656,287.6228332519531,33.326446533203125,85.60343170166016,285.876953125,-0.6853246092796326,-0.057626981288194656,0.0511789545416832,0.9970254898071289,85.60343170166016,285.876953125,-0.6853246092796326,86.76322174072266,281.9427795410156,-19.433839797973633,-0.06043116748332977,0.2049911618232727,0.9768964052200317,86.76322174072266,281.9427795410156,-19.433839797973633,87.59683990478516,277.8887634277344,-32.35348129272461,-0.06144728139042854,0.29882779717445374,0.9523267149925232,1112,53.2048225402832,15.300636291503906,100.46288299560547,279.2811584472656,93.52570343017578,102.33826446533203,289.3872375488281,34.97470474243164,-0.031547460705041885,-0.17000333964824677,0.984938383102417,102.33826446533203,289.3872375488281,34.97470474243164,97.7582778930664,253.52365112304688,22.420873641967773,0.11966833472251892,0.9370629191398621,0.32801321148872375,97.7582778930664,253.52365112304688,22.420873641967773,95.03952026367188,244.78250122070312,43.061180114746094,0.12040966749191284,0.38713231682777405,-0.9141280055046082,95.03952026367188,244.78250122070312,43.061180114746094,94.70018005371094,248.93995666503906,57.387603759765625,0.022741958498954773,-0.2786250412464142,-0.9601306319236755,1113,51.15785598754883,14.559525489807129,110.90349578857422,278.6964416503906,93.04947662353516,120.60047149658203,287.6467590332031,41.333656311035156,-0.18168354034423828,-0.1676940768957138,0.9689529538154602,120.60047149658203,287.6467590332031,41.333656311035156,114.62616729736328,254.8400421142578,29.224679946899414,0.16840051114559174,0.9247382879257202,0.3413213789463043,114.62616729736328,254.8400421142578,29.224679946899414,108.4429702758789,246.54373168945312,48.63517761230469,0.28110432624816895,0.37717199325561523,-0.8824520707130432,108.4429702758789,246.54373168945312,48.63517761230469,106.43553924560547,250.22003173828125,62.867156982421875,0.1353120058774948,-0.24780306220054626,-0.9593145251274109,1114,40.1068115234375,12.93290901184082,121.01204681396484,272.0174865722656,93.56536102294922,136.6920166015625,281.9570617675781,47.77923583984375,-0.31736499071121216,-0.20117853581905365,0.9267182350158691,136.6920166015625,281.9570617675781,47.77923583984375,128.7500457763672,258.155517578125,35.18243408203125,0.2828729450702667,0.8477509021759033,0.4486662745475769,128.7500457763672,258.155517578125,35.18243408203125,122.76323699951172,251.6869659423828,47.96925354003906,0.3854948878288269,0.41651463508605957,-0.8233523964881897,122.76323699951172,251.6869659423828,47.96925354003906,120.6670913696289,253.980224609375,61.29840850830078,0.1531546711921692,-0.16755671799182892,-0.973893404006958
1,102.52413940429688,278.6212158203125,54.591766357421875,0.017891889438033104,0.3206121623516083,0.06000836566090584,-0.15375873446464539,0.3072546422481537,-0.9391234517097473,107.22198486328125,261.8718566894531,117.18818664550781,142.5950469970703,191.1862030029297,333.23876953125,1110,41.38172912597656,16.309661865234375,82.06861114501953,258.0180358886719,98.15872192382812,82.06861114501953,258.0180358886719,98.15872192382812,0.0,0.0,0.0,82.06861114501953,258.0180358886719,98.15872192382812,81.33805847167969,255.08763122558594,55.733402252197266,0.017176268622279167,0.06889772415161133,0.9974759221076965,81.33805847167969,255.08763122558594,55.733402252197266,89.48680114746094,250.5635223388672,30.315584182739258,-0.30099400877952576,0.1671091765165329,0.9388701319694519,89.48680114746094,250.5635223388672,30.315584182739258,100.5542984008789,245.93601989746094,16.123098373413086,-0.5955693125724792,0.24901729822158813,0.7637326121330261,1111,46.694664001464844,15.578988075256348,89.16465759277344,276.68878173828125,95.16246795654297,82.41129302978516,287.1089782714844,33.719085693359375,0.10773400217294693,-0.16622965037822723,0.9801842570304871,82.41129302978516,287.1089782714844,33.719085693359375,84.32564544677734,285.40362548828125,-0.29767757654190063,-0.05611757934093475,0.0499909371137619,0.9971718788146973,84.32564544677734,285.40362548828125,-0.29767757654190063,85.45307922363281,281.5138244628906,-19.057418823242188,-0.05874525010585785,0.20267915725708008,0.977481484413147,85.45307922363281,281.5138244628906,-19.057418823242188,86.2628402709961,277.4889831542969,-31.98770523071289,-0.05968869477510452,0.2966770529747009,0.9531106948852539,1112,53.2048225402832,15.300636291503906,99.37480163574219,278.73052978515625,93.87443542480469,101.11791229248047,288.85205078125,35.322017669677734,-0.029322413727641106,-0.1702631115913391,0.9849622845649719,101.11791229248047,288.85205078125,35.322017669677734,96.4715347290039,253.00991821289062,22.73135757446289,0.12140301614999771,0.9365022778511047,0.3289754390716553,96.4715347290039,253.00991821289062,22.73135757446289,93.79043579101562,244.23976135253906,43.36427688598633,0.11874186247587204,0.38841712474823,-0.9138011336326599,93.79043579101562,244.23976135253906,43.36427688598633,93.48802185058594,248.3767852783203,57.69743728637695,0.02026723138988018,-0.2772558331489563,-0.9605823159217834,1113,51.15785598754883,14.559525489807129,109.81355285644531,278.1343078613281,93.37244415283203,119.3936996459961,287.08929443359375,41.63566207885742,-0.17949461936950684,-0.16778156161308289,0.9693456888198853,119.3936996459961,287.08929443359375,41.63566207885742,113.36177062988281,254.30239868164062,29.501686096191406,0.17002496123313904,0.9241803884506226,0.34202635288238525,113.36177062988281,254.30239868164062,29.501686096191406,107.21324157714844,245.98439025878906,48.913917541503906,0.2795281410217285,0.3781583309173584,-0.8825306296348572,107.21324157714844,245.98439025878906,48.913917541503906,105.23765563964844,249.6351318359375,63.15692901611328,0.13316546380519867,-0.24608024954795837,-0.9600580334663391,1114,40.1068115234375,12.93290901184082,119.91587829589844,271.4439392089844,93.8615493774414,135.49464416503906,281.3797607421875,48.040077209472656,-0.3153166174888611,-0.20110255479812622,0.9274336695671082,135.49464416503906,281.3797607421875,48.040077209472656,127.50553894042969,257.59912109375,35.43358612060547,0.2845516502857208,0.84700608253479,0.4490112364292145,127.50553894042969,257.59912109375,35.43358612060547,121.53470611572266,251.11973571777344,48.22238540649414,0.3844663202762604,0.4172123670578003,-0.8234801888465881,121.53470611572266,251.11973571777344,48.22238540649414,119.45789337158203,253.38568115234375,61.559234619140625,0.1517421305179596,-0.16556109488010406,-0.9744556546211243
1,101.37357330322266,278.2077941894531,54.9703254699707,0.02222944051027298,0.3200036585330963,0.056775204837322235,-0.15827028453350067,0.30283862352371216,-0.9398081302642822,106.26744842529297,261.5602722167969,117.58082580566406,142.67840576171875,191.8905487060547,333.7889099121094,1110,41.38172912597656,16.309661865234375,81.08861541748047,257.54180908203125,98.5872573852539,81.08861541748047,257.54180908203125,98.5872573852539,0.0,0.0,0.0,81.08861541748047,257.54180908203125,98.5872573852539,80.37322998046875,254.53964233398438,56.16670608520508,0.0168196689337492,0.07058496028184891,0.9973639845848083,80.37322998046875,254.53964233398438,56.16670608520508,88.59246063232422,250.00294494628906,30.773836135864258,-0.303597629070282,0.16757415235042572,0.9379485249519348,88.59246063232422,250.00294494628906,30.773836135864258,99.74857330322266,245.39317321777344,16.64510154724121,-0.6003379225730896,0.24806317687034607,0.7603020071983337,1111,46.694664001464844,15.578988075256348,88.08876037597656,276.2444152832031,95.56404876708984,81.1861572265625,286.57989501953125,34.122947692871094,0.11011476069688797,-0.1648782193660736,0.9801479578018188,81.1861572265625,286.57989501953125,34.122947692871094,83.0916976928711,284.9150390625,0.10367991030216217,-0.05585926026105881,0.04880380257964134,0.997245192527771,83.0916976928711,284.9150390625,0.10367991030216217,84.22828674316406,281.05010986328125,-18.6606502532959,-0.05922228470444679,0.20138318836688995,0.9777205586433411,84.22828674316406,281.05010986328125,-18.6606502532959,85.0508041381836,277.0401611328125,-31.59475326538086,-0.06062900274991989,0.2955794036388397,0.9533923268318176,1112,53.2048225402832,15.300636291503906,98.2867431640625,278.33477783203125,94.25790405273438,99.88660430908203,288.41546630859375,35.69434356689453,-0.026912681758403778,-0.16957618296146393,0.9851495027542114,99.88660430908203,288.41546630859375,35.69434356689453,95.40149688720703,252.5604248046875,23.08193588256836,0.11718922108411789,0.93683922290802,0.3295435607433319,95.40149688720703,252.5604248046875,23.08193588256836,92.79190826416016,243.75819396972656,43.71036911010742,0.11557474732398987,0.3898375332355499,-0.9136022329330444,92.79190826416016,243.75819396972656,43.71036911010742,92.48846435546875,247.88246154785156,58.047183990478516,0.02033625915646553,-0.27640092372894287,-0.9608272314071655,1113,51.15785598754883,14.559525489807129,108.72746276855469,277.7890319824219,93.7396240234375,118.18086242675781,286.7471008300781,41.980064392089844,-0.17711985111236572,-0.16783928871154785,0.9697723984718323,118.18086242675781,286.7471008300781,41.980064392089844,112.3040771484375,253.93743896484375,29.831436157226562,0.16565175354480743,0.9248216152191162,0.342439204454422,112.3040771484375,253.93743896484375,29.831436157226562,106.22254180908203,245.57554626464844,49.24591064453125,0.2764825224876404,0.3801535367965698,-0.882632851600647,106.22254180908203,245.57554626464844,49.24591064453125,104.24415588378906,249.20217895507812,63.494686126708984,0.13335423171520233,-0.2444552630186081,-0.9604468941688538,1114,40.1068115234375,12.93290901184082,118.86305236816406,271.1484069824219,94.21806335449219,134.3197021484375,281.1214599609375,48.36334228515625,-0.31284499168395996,-0.20185615122318268,0.9281067252159119,134.3197021484375,281.1214599609375,48.36334228515625,126.44511413574219,257.3070983886719,35.748451232910156,0.2804727852344513,0.8482069969177246,0.4493103325366974,126.44511413574219,257.3070983886719,35.748451232910156,120.51461029052734,250.79205322265625,48.53789520263672,0.3818695843219757,0.4195086359977722,-0.8235218524932861,120.51461029052734,250.79205322265625,48.53789520263672,118.43034362792969,253.03395080566406,61.87764358520508,0.15228678286075592,-0.1638040691614151,-0.9746676683425903
1,100.18771362304688,277.6407165527344,55.342132568359375,0.016882868483662605,0.31934764981269836,0.056329868733882904,-0.1630822867155075,0.2977393567562103,-0.9406144022941589,105.16850280761719,261.0434265136719,117.96296691894531,142.68649291992188,192.54684448242188,334.3565368652344,1110,41.38172912597656,16.309661865234375,79.89275360107422,257.08660888671875,99.00724792480469,79.89275360107422,257.08660888671875,99.00724792480469,0.0,0.0,0.0,79.89275360107422,257.08660888671875,99.00724792480469,79.17456817626953,254.03289794921875,56.590423583984375,0.01688550040125847,0.07179683446884155,0.9972763061523438,79.17456817626953,254.03289794921875,56.590423583984375,87.46368408203125,249.40269470214844,31.2371768951416,-0.3061789870262146,0.1710280030965805,0.9364848136901855,87.46368408203125,249.40269470214844,31.2371768951416,98.7043685913086,244.69972229003906,17.206533432006836,-0.6048889756202698,0.25307855010032654,0.7550235986709595,1111,46.694664001464844,15.578988075256348,86.97449493408203,275.7550354003906,95.96289825439453,79.99839782714844,286.0994873046875,34.531612396240234,0.1112871840596199,-0.16502134501934052,0.9799913763999939,79.99839782714844,286.0994873046875,34.531612396240234,81.84821319580078,284.4193115234375,0.5100248456001282,-0.05422573164105415,0.04925289377570152,0.9973133206367493,81.84821319580078,284.4193115234375,0.5100248456001282,82.939697265625,280.5668029785156,-18.25953483581543,-0.05687208101153374,0.20073603093624115,0.9779931306838989,82.939697265625,280.5668029785156,-18.25953483581543,83.72476196289062,276.5660705566406,-31.198822021484375,-0.057868290692567825,0.29489997029304504,0.9537741541862488,1112,53.2048225402832,15.300636291503906,97.17955780029297,277.79705810546875,94.63570404052734,98.7103271484375,287.84796142578125,36.065181732177734,-0.025750430300831795,-0.1690751612186432,0.9852667450904846,98.7103271484375,287.84796142578125,36.065181732177734,94.038818359375,252.0296173095703,23.416213989257812,0.12205961346626282,0.9358803629875183,0.3304988145828247,94.038818359375,252.0296173095703,23.416213989257812,91.42374420166016,243.2056884765625,44.0346794128418,0.11581769585609436,0.39079850912094116,-0.9131608009338379,91.42374420166016,243.2056884765625,44.0346794128418,91.16321563720703,247.30783081054688,58.378684997558594,0.01746014878153801,-0.2749180793762207,-0.9613090753555298,1113,51.15785598754883,14.559525489807129,107.61654663085938,277.2021484375,94.09691619873047,117.00901794433594,286.09619140625,42.31523132324219,-0.17597831785678864,-0.16663971543312073,0.9701870083808899,117.00901794433594,286.09619140625,42.31523132324219,110.9676513671875,253.3247528076172,30.144193649291992,0.17029088735580444,0.9237442016601562,0.3430708646774292,110.9676513671875,253.3247528076172,30.144193649291992,104.88050842285156,244.96775817871094,49.55902099609375,0.27673742175102234,0.3799307942390442,-0.882648766040802,104.88050842285156,244.96775817871094,49.55902099609375,102.93981170654297,248.58377075195312,63.81568145751953,0.13081374764442444,-0.24373935163021088,-0.9609781503677368,1114,40.1068115234375,12.93290901184082,117.7218246459961,270.5142517089844,94.55782318115234,133.13394165039062,280.3973388671875,48.66864776611328,-0.3119436800479889,-0.2000352442264557,0.9288041591644287,133.13394165039062,280.3973388671875,48.66864776611328,125.13514709472656,256.62689208984375,36.049095153808594,0.2848968207836151,0.8466432094573975,0.44947654008865356,125.13514709472656,256.62689208984375,36.049095153808594,119.19280242919922,250.12564086914062,48.84006118774414,0.3826320171356201,0.41862043738365173,-0.8236199021339417,119.19280242919922,250.12564086914062,48.84006118774414,117.13264465332031,252.357177734375,62.1852912902832,0.1505252569913864,-0.16304706037044525,-0.9750680923461914
1,99.01770782470703,277.2091064453125,55.725948333740234,0.016728149726986885,0.3181896209716797,0.054141294211149216,-0.1680625081062317,0.29523205757141113,-0.9405280351638794,104.15965270996094,260.6979064941406,118.35775756835938,142.82337951660156,192.77813720703125,334.7314758300781,1110,41.38172912597656,16.309661865234375,78.82061004638672,256.6949462890625,99.45518493652344,78.82061004638672,256.6949462890625,99.45518493652344,0.0,0.0,0.0,78.82061004638672,256.6949462890625,99.45518493652344,78.07888793945312,253.56558227539062,57.04427719116211,0.01743887923657894,0.07357554137706757,0.9971372485160828,78.07888793945312,253.56558227539062,57.04427719116211,86.39006805419922,248.8864288330078,31.707250595092773,-0.3069940209388733,0.17283610999584198,0.9358857870101929,86.39006805419922,248.8864288330078,31.707250595092773,97.67333984375,244.15463256835938,17.720548629760742,-0.607180655002594,0.25462961196899414,0.7526589035987854,1111,46.694664001464844,15.578988075256348,85.88671112060547,275.3634338378906,96.37520599365234,78.78250122070312,285.6336669921875,34.94614028930664,0.1133309081196785,-0.16383734345436096,0.9799558520317078,78.78250122070312,285.6336669921875,34.94614028930664,80.60163116455078,283.9970703125,0.9207751750946045,-0.05332621559500694,0.047975413501262665,0.9974240064620972,80.60163116455078,283.9970703125,0.9207751750946045,81.67737579345703,280.17584228515625,-17.856088638305664,-0.05605196952819824,0.1991061270236969,0.9783735871315002,81.67737579345703,280.17584228515625,-17.856088638305664,82.45225524902344,276.18994140625,-30.800565719604492,-0.0571175254881382,0.2938067317008972,0.9541568160057068,1112,53.2048225402832,15.300636291503906,96.08805084228516,277.4091491699219,95.02525329589844,97.49656677246094,287.39337158203125,36.440269470214844,-0.02369389869272709,-0.1679534763097763,0.9855101108551025,97.49656677246094,287.39337158203125,36.440269470214844,92.82591247558594,251.58200073242188,23.771337509155273,0.122037373483181,0.9356988072395325,0.33102068305015564,92.82591247558594,251.58200073242188,23.771337509155273,90.24977111816406,242.72604370117188,44.3809700012207,0.11409343034029007,0.3922170400619507,-0.9127696752548218,90.24977111816406,242.72604370117188,44.3809700012207,90.00933837890625,246.8060760498047,58.73163604736328,0.016113359481096268,-0.2734362483024597,-0.9617552161216736,1113,51.15785598754883,14.559525489807129,106.52425384521484,276.8189392089844,94.46627807617188,115.80860900878906,285.6581115722656,42.65571212768555,-0.17395265400409698,-0.16561166942119598,0.9707282185554504,115.80860900878906,285.6581115722656,42.65571212768555,109.77505493164062,252.88699340820312,30.4799747467041,0.17007075250148773,0.9237356185913086,0.34320348501205444,109.77505493164062,252.88699340820312,30.4799747467041,103.72441864013672,244.50857543945312,49.896976470947266,0.27507779002189636,0.3809048533439636,-0.8827478289604187,103.72441864013672,244.50857543945312,49.896976470947266,101.80017852783203,248.10610961914062,64.16053771972656,0.12970449030399323,-0.24249382317066193,-0.9614434242248535,1114,40.1068115234375,12.93290901184082,116.63384246826172,270.1366882324219,94.91465759277344,131.94911193847656,279.97479248046875,48.9834098815918,-0.3099834620952606,-0.1991247832775116,0.9296557307243347,131.94911193847656,279.97479248046875,48.9834098815918,123.95423889160156,256.2007141113281,36.36820983886719,0.284757137298584,0.8467724323272705,0.4493214786052704,123.95423889160156,256.2007141113281,36.36820983886719,118.02978515625,249.68707275390625,49.16117477416992,0.3814799189567566,0.4194181561470032,-0.8237484097480774,118.02978515625,249.68707275390625,49.16117477416992,115.97713470458984,251.90199279785156,62.51032638549805,0.14997676014900208,-0.16183297336101532,-0.9753548502922058
1,97.84593200683594,276.840576171875,56.143798828125,0.014960240572690964,0.3143892288208008,0.051425497978925705,-0.17231735587120056,0.2917751967906952,-0.9408368468284607,103.1735610961914,260.5584411621094,118.82038116455078,142.81613159179688,193.4339141845703,335.26513671875,1110,41.38172912597656,16.309661865234375,77.76007843017578,256.50531005859375,100.00760650634766,77.76007843017578,256.50531005859375,100.00760650634766,0.0,0.0,0.0,77.76007843017578,256.50531005859375,100.00760650634766,76.98004913330078,253.20045471191406,57.610694885253906,0.018339529633522034,0.07770156115293503,0.9968079924583435,76.98004913330078,253.20045471191406,57.610694885253906,85.33879089355469,248.38888549804688,32.314144134521484,-0.30875080823898315,0.17772722244262695,0.9343907237052917,85.33879089355469,248.38888549804688,32.314144134521484,96.69587707519531,243.56857299804688,18.417705535888672,-0.6111528873443604,0.25939294695854187,0.7478017210960388,1111,46.694664001464844,15.578988075256348,84.83197021484375,275.1565246582031,96.83768463134766,77.55695343017578,285.2041320800781,35.39179611206055,0.11605573445558548,-0.16028587520122528,0.9802241921424866,77.55695343017578,285.2041320800781,35.39179611206055,79.31751251220703,283.49066162109375,1.3671340942382812,-0.05160926282405853,0.05022890120744705,0.9974034428596497,79.31751251220703,283.49066162109375,1.3671340942382812,80.3578872680664,279.65045166015625,-17.40784454345703,-0.05420902743935585,0.2000952512025833,0.978275716304779,80.3578872680664,279.65045166015625,-17.40784454345703,81.10722351074219,275.65008544921875,-30.349365234375,-0.05523468554019928,0.2948729395866394,0.9539387226104736,1112,53.2048225402832,15.300636291503906,95.03095245361328,277.1889953613281,95.45044708251953,96.27667999267578,286.954345703125,36.824893951416016,-0.020955489948391914,-0.16427163779735565,0.9861925840377808,96.27667999267578,286.954345703125,36.824893951416016,91.54838562011719,251.12356567382812,24.23243522644043,0.1235434040427208,0.9362057447433472,0.32902249693870544,91.54838562011719,251.12356567382812,24.23243522644043,89.0197525024414,242.30262756347656,44.86296081542969,0.1119893491268158,0.39066606760025024,-0.9136949181556702,89.0197525024414,242.30262756347656,44.86296081542969,88.81912994384766,246.4050750732422,59.207847595214844,0.013445353135466576,-0.2749384343624115,-0.9613677859306335,1113,51.15785598754883,14.559525489807129,105.46501159667969,276.58831787109375,94.86329650878906,114.60537719726562,285.22747802734375,42.9934196472168,-0.17125484347343445,-0.16186420619487762,0.9718393683433533,114.60537719726562,285.22747802734375,42.9934196472168,108.52598571777344,252.43382263183594,30.90143394470215,0.1713627427816391,0.9243706464767456,0.3408426344394684,108.52598571777344,252.43382263183594,30.90143394470215,102.51982116699219,244.09893798828125,50.3509521484375,0.2730560004711151,0.37892571091651917,-0.8842261433601379,102.51982116699219,244.09893798828125,50.3509521484375,100.6311264038086,247.72149658203125,64.61293029785156,0.12730854749679565,-0.2441806197166443,-0.9613367319107056,1114,40.1068115234375,12.93290901184082,115.57056427001953,269.899658203125,95.30709075927734,130.75973510742188,279.55474853515625,49.295196533203125,-0.3074311316013336,-0.195420503616333,0.9312877655029297,130.75973510742188,279.55474853515625,49.295196533203125,122.71928405761719,255.75804138183594,36.75181579589844,0.286380410194397,0.8475781679153442,0.4467633068561554,122.71928405761719,255.75804138183594,36.75181579589844,116.83983612060547,249.26873779296875,49.57787322998047,0.3785818815231323,0.41785091161727905,-0.8258790373802185,116.83983612060547,249.26873779296875,49.57787322998047,114.83056640625,251.50027465820312,62.93086242675781,0.14680708944797516,-0.16304701566696167,-0.9756348133087158
1,96.64676666259766,276.46533203125,56.58326721191406,0.014290706254541874,0.31536948680877686,0.050494953989982605,-0.17652663588523865,0.28725114464759827,-0.941448450088501,102.06603240966797,260.1680908203125,119.25150299072266,142.67697143554688,194.0843505859375,335.8369445800781,1110,41.38172912597656,16.309661865234375,76.60043334960938,256.09234619140625,100.44766235351562,76.60043334960938,256.09234619140625,100.44766235351562,0.0,0.0,0.0,76.60043334960938,256.09234619140625,100.44766235351562,75.83644104003906,252.7986602783203,58.049591064453125,0.01796247996389866,0.07743895053863525,0.9968352913856506,75.83644104003906,252.7986602783203,58.049591064453125,84.27455139160156,247.97299194335938,32.7820930480957,-0.31168249249458313,0.17824800312519073,0.9333176016807556,84.27455139160156,247.97299194335938,32.7820930480957,95.72209930419922,243.13462829589844,18.966384887695312,-0.6160208582878113,0.260364294052124,0.7434573769569397,1111,46.694664001464844,15.578988075256348,83.67517852783203,274.7444152832031,97.28913879394531,76.33868408203125,284.8565673828125,35.86115646362305,0.11703647673130035,-0.16131554543972015,0.9799386858940125,76.33868408203125,284.8565673828125,35.86115646362305,78.10877990722656,283.2638854980469,1.831120252609253,-0.05188881605863571,0.04668808355927467,0.9975608587265015,78.10877990722656,283.2638854980469,1.831120252609253,79.15269470214844,279.52459716796875,-16.96402931213379,-0.0543934665620327,0.19483664631843567,0.9793263673782349,79.15269470214844,279.52459716796875,-16.96402931213379,79.90399932861328,275.59417724609375,-29.92684555053711,-0.05537979677319527,0.2897171676158905,0.9555087089538574,1112,53.2048225402832,15.300636291503906,93.87336730957031,276.7749328613281,95.89319610595703,95.06049346923828,286.5991516113281,37.276268005371094,-0.019969705492258072,-0.16526192426681519,0.9860474467277527,95.06049346923828,286.5991516113281,37.276268005371094,90.3160629272461,250.81109619140625,24.568897247314453,0.12396499514579773,0.9350892901420593,0.3320249319076538,90.3160629272461,250.81109619140625,24.568897247314453,87.79814147949219,241.90643310546875,45.16473388671875,0.11151495575904846,0.39437416195869446,-0.9121586680412292,87.79814147949219,241.90643310546875,45.16473388671875,87.60636901855469,245.9490203857422,59.5267219543457,0.012852238491177559,-0.2709267735481262,-0.9625141024589539,1113,51.15785598754883,14.559525489807129,104.30659484863281,276.17138671875,95.29442596435547,113.39511108398438,284.8599853515625,43.42369842529297,-0.17028339207172394,-0.16279050707817078,0.9718554019927979,113.39511108398438,284.8599853515625,43.42369842529297,107.31046295166016,252.10157775878906,31.239160537719727,0.17151090502738953,0.9233770370483398,0.34345144033432007,107.31046295166016,252.10157775878906,31.239160537719727,101.31421661376953,243.70132446289062,50.663604736328125,0.2726050317287445,0.3818974494934082,-0.8830859661102295,101.31421661376953,243.70132446289062,50.663604736328125,99.42960357666016,247.2696075439453,64.93980407714844,0.12703336775302887,-0.24052205681800842,-0.9622949957847595,1114,40.1068115234375,12.93290901184082,114.41038513183594,269.47894287109375,95.72079467773438,129.55422973632812,279.1755065917969,49.70268630981445,-0.3065137565135956,-0.19625994563102722,0.9314135909080505,129.55422973632812,279.1755065917969,49.70268630981445,121.51841735839844,255.40826416015625,37.10063934326172,0.28621533513069153,0.8465291261672974,0.448853075504303,121.51841735839844,255.40826416015625,37.10063934326172,115.61651611328125,248.8903045654297,49.90182113647461,0.3800278902053833,0.4196963608264923,-0.8242777585983276,115.61651611328125,248.8903045654297,49.90182113647461,113.58422088623047,251.08311462402344,63.25773620605469,0.14848950505256653,-0.1602175086736679,-0.9758490324020386
1,95.38864135742188,276.0086669921875,56.96564865112305,0.015319807454943657,0.31292980909347534,0.04901846870779991,-0.18071287870407104,0.28315070271492004,-0.9418962597846985,100.91905975341797,259.8878173828125,119.67098999023438,142.49307250976562,194.74742126464844,336.3594665527344,1110,41.38172912597656,16.309661865234375,75.41368865966797,255.717529296875,100.90049743652344,75.41368865966797,255.717529296875,100.90049743652344,0.0,0.0,0.0,75.41368865966797,255.717529296875,100.90049743652344,74.64098358154297,252.2894744873047,58.51323699951172,0.01816732808947563,0.0805981457233429,0.9965810775756836,74.64098358154297,252.2894744873047,58.51323699951172,83.15583801269531,247.3763427734375,33.28837203979492,-0.31451717019081116,0.18147864937782288,0.9317426085472107,83.15583801269531,247.3763427734375,33.28837203979492,94.6998062133789,242.49122619628906,19.569692611694336,-0.6212095618247986,0.26288023591041565,0.7382361888885498,1111,46.694664001464844,15.578988075256348,82.45983123779297,274.371337890625,97.6885757446289,75.0485610961914,284.3206481933594,36.24298095703125,0.11822934448719025,-0.1587177962064743,0.9802196621894836,75.0485610961914,284.3206481933594,36.24298095703125,76.82222747802734,282.68231201171875,2.2152981758117676,-0.051993485540151596,0.048026397824287415,0.9974918961524963,76.82222747802734,282.68231201171875,2.2152981758117676,77.87120819091797,278.9488830566406,-16.580730438232422,-0.054657433182001114,0.19453135132789612,0.9793722629547119,77.87120819091797,278.9488830566406,-16.580730438232422,78.62776184082031,275.02508544921875,-29.545246124267578,-0.055766716599464417,0.28922906517982483,0.9556340575218201,1112,53.2048225402832,15.300636291503906,92.65385437011719,276.4122314453125,96.27742767333984,93.76937866210938,286.0922546386719,37.63510513305664,-0.018765226006507874,-0.16283628344535828,0.9864746332168579,93.76937866210938,286.0922546386719,37.63510513305664,89.06770324707031,250.28697204589844,24.96038055419922,0.12284783273935318,0.9355391263961792,0.33117184042930603,89.06770324707031,250.28697204589844,24.96038055419922,86.57675170898438,241.38552856445312,45.56088638305664,0.11032050848007202,0.3942315876483917,-0.9123654961585999,86.57675170898438,241.38552856445312,45.56088638305664,86.38883209228516,245.43421936035156,59.92121124267578,0.01259402371942997,-0.27133575081825256,-0.96240234375,1113,51.15785598754883,14.559525489807129,103.08729553222656,275.8214111328125,95.66976928710938,112.11244201660156,284.3933410644531,43.76857376098633,-0.16909608244895935,-0.1606045663356781,0.972426176071167,112.11244201660156,284.3933410644531,43.76857376098633,106.07389068603516,251.61192321777344,31.623090744018555,0.17021162807941437,0.9240259528160095,0.34235072135925293,106.07389068603516,251.61192321777344,31.623090744018555,100.10318756103516,243.21974182128906,51.05889129638672,0.2714437246322632,0.3815304636955261,-0.8836022019386292,100.10318756103516,243.21974182128906,51.05889129638672,98.22100067138672,246.7979278564453,65.33293151855469,0.1268698275089264,-0.24118958413600922,-0.962149441242218,1114,40.1068115234375,12.93290901184082,113.20063018798828,269.1438293457031,96.10270690917969,128.2855224609375,278.74652099609375,50.04557418823242,-0.3053205907344818,-0.19435998797416687,0.9322036504745483,128.2855224609375,278.74652099609375,50.04557418823242,120.29234313964844,254.94647216796875,37.47840118408203,0.2846969664096832,0.8476979732513428,0.44761115312576294,120.29234313964844,254.94647216796875,37.47840118408203,114.37796783447266,248.44676208496094,50.28311538696289,0.38083088397979736,0.4185210168361664,-0.8245047330856323,114.37796783447266,248.44676208496094,50.28311538696289,112.32188415527344,250.65963745117188,63.632080078125,0.1502275913953781,-0.1616835743188858,-0.9753410816192627
1,94.05785369873047,275.43585205078125,57.35841369628906,0.013809574767947197,0.3089756369590759,0.04573903977870941,-0.18470172584056854,0.2787315547466278,-0.9424404501914978,99.80083465576172,259.56402587890625,120.10871887207031,142.29249572753906,195.44029235839844,336.9223937988281,1110,41.38172912597656,16.309661865234375,74.22208404541016,255.32420349121094,101.43860626220703,74.22208404541016,255.32420349121094,101.43860626220703,0.0,0.0,0.0,74.22208404541016,255.32420349121094,101.43860626220703,73.35724639892578,251.67742919921875,59.07138442993164,0.020333489403128624,0.08574053645133972,0.9961100220680237,73.35724639892578,251.67742919921875,59.07138442993164,81.8990249633789,246.6125946044922,33.885658264160156,-0.31551170349121094,0.1870821863412857,0.9302970170974731,81.8990249633789,246.6125946044922,33.885658264160156,93.51338195800781,241.63539123535156,20.259803771972656,-0.6249973773956299,0.26783567667007446,0.7332410216331482,1111,46.694664001464844,15.578988075256348,81.26506042480469,273.9623718261719,98.13052368164062,73.65178680419922,283.6758117675781,36.67188262939453,0.12145182490348816,-0.15495501458644867,0.980427622795105,73.65178680419922,283.6758117675781,36.67188262939453,75.34799194335938,281.9382629394531,2.645171642303467,-0.04972277581691742,0.05093472823500633,0.9974633455276489,75.34799194335938,281.9382629394531,2.645171642303467,76.35235595703125,278.16986083984375,-16.146316528320312,-0.05233266204595566,0.19635362923145294,0.9791356921195984,76.35235595703125,278.16986083984375,-16.146316528320312,77.07748413085938,274.2191162109375,-29.104442596435547,-0.05345030128955841,0.2912153899669647,0.9551631808280945,1112,53.2048225402832,15.300636291503906,91.45512390136719,275.99346923828125,96.67727661132812,92.37788391113281,285.44488525390625,37.99432373046875,-0.015522566623985767,-0.15899066627025604,0.9871581196784973,92.37788391113281,285.44488525390625,37.99432373046875,87.62744903564453,249.619873046875,25.39375114440918,0.12412186712026596,0.9360547661781311,0.32923439145088196,87.62744903564453,249.619873046875,25.39375114440918,85.19416809082031,240.7386016845703,46.009857177734375,0.10776633024215698,0.39333805441856384,-0.9130561351776123,85.19416809082031,240.7386016845703,46.009857177734375,85.04916381835938,244.801513671875,60.366661071777344,0.009717918932437897,-0.27228888869285583,-0.9621665477752686,1113,51.15785598754883,14.559525489807129,101.88622283935547,275.3958740234375,96.03694152832031,110.74073028564453,283.7620849609375,44.07281494140625,-0.16589894890785217,-0.1567501723766327,0.9736051559448242,110.74073028564453,283.7620849609375,44.07281494140625,104.66554260253906,250.9563446044922,32.01150131225586,0.17124420404434204,0.9247110486030579,0.3399779796600342,104.66554260253906,250.9563446044922,32.01150131225586,98.74925231933594,242.59732055664062,51.47820281982422,0.2689700126647949,0.3800230622291565,-0.8850070834159851,98.74925231933594,242.59732055664062,51.47820281982422,96.90746307373047,246.2017059326172,65.75092315673828,0.12414678931236267,-0.2429555356502533,-0.9620603919029236,1114,40.1068115234375,12.93290901184082,111.99821472167969,268.7157287597656,96.4619369506836,126.93245697021484,278.13287353515625,50.31747055053711,-0.30227136611938477,-0.19060446321964264,0.933971107006073,126.93245697021484,278.13287353515625,50.31747055053711,118.91146087646484,254.3029022216797,37.82491683959961,0.2856876254081726,0.8487634062767029,0.44495320320129395,118.91146087646484,254.3029022216797,37.82491683959961,113.011474609375,247.8349609375,50.652339935302734,0.37990427017211914,0.4164752960205078,-0.8259667754173279,113.011474609375,247.8349609375,50.652339935302734,110.9710922241211,250.0747528076172,63.99922561645508,0.14908036589622498,-0.16365019977092743,-0.9751890897750854
1,92.64616394042969,274.81744384765625,57.696868896484375,0.009875895455479622,0.30456987023353577,0.04214693605899811,-0.18980979919433594,0.27393069863319397,-0.9428330659866333,98.6374740600586,259.2086181640625,120.49079132080078,142.3042755126953,196.1893310546875,337.3948059082031,1110,41.38172912597656,16.309661865234375,72.95108032226562,254.94378662109375,101.94775390625,72.95108032226562,254.94378662109375,101.94775390625,0.0,0.0,0.0,72.95108032226562,254.94378662109375,101.94775390625,71.96078491210938,251.0701904296875,59.60342025756836,0.02328317053616047,0.0910734310746193,0.9955719709396362,71.96078491210938,251.0701904296875,59.60342025756836,80.5252456665039,245.82281494140625,34.462806701660156,-0.31634950637817383,0.19382476806640625,0.9286305904388428,80.5252456665039,245.82281494140625,34.462806701660156,92.21785736083984,240.7194061279297,20.951034545898438,-0.6292082071304321,0.2746270000934601,0.727101743221283,1111,46.694664001464844,15.578988075256348,80.02688598632812,273.5496826171875,98.52992248535156,72.17140197753906,283.0216369628906,37.0640754699707,0.12531572580337524,-0.1511027067899704,0.9805427193641663,72.17140197753906,283.0216369628906,37.0640754699707,73.7743148803711,281.1917419433594,3.03768253326416,-0.04698799550533295,0.053641777485609055,0.9974541068077087,73.7743148803711,281.1917419433594,3.03768253326416,74.7192153930664,277.3895568847656,-15.750081062316895,-0.0492343045771122,0.19811390340328217,0.9789416193962097,74.7192153930664,277.3895568847656,-15.750081062316895,75.39972686767578,273.4091491699219,-28.701553344726562,-0.050161514431238174,0.2934017777442932,0.9546723365783691,1112,53.2048225402832,15.300636291503906,90.21566009521484,275.5485534667969,97.02391815185547,90.90750122070312,284.7484436035156,38.29783248901367,-0.01163807325065136,-0.1547595113515854,0.9878835678100586,90.90750122070312,284.7484436035156,38.29783248901367,86.02073669433594,248.91322326660156,25.778751373291016,0.12768402695655823,0.936322033405304,0.3271053433418274,86.02073669433594,248.91322326660156,25.778751373291016,83.6464614868164,240.06472778320312,46.41582107543945,0.10515305399894714,0.39188647270202637,-0.9139845967292786,83.6464614868164,240.06472778320312,46.41582107543945,83.56687927246094,244.1457061767578,60.76801300048828,0.0053334529511630535,-0.27349963784217834,-0.9618573784828186,1113,51.15785598754883,14.559525489807129,100.64232635498047,274.9216003417969,96.34093475341797,109.29224395751953,283.0445556640625,44.30381393432617,-0.1620657593011856,-0.15219253301620483,0.9749729037284851,109.29224395751953,283.0445556640625,44.30381393432617,103.10107421875,250.22607421875,32.33651351928711,0.17451345920562744,0.9250702261924744,0.3373280167579651,103.10107421875,250.22607421875,32.33651351928711,97.24061584472656,241.9196319580078,51.84257125854492,0.2664317488670349,0.3776325583457947,-0.8867963552474976,97.24061584472656,241.9196319580078,51.84257125854492,95.46085357666016,245.5587921142578,66.11433410644531,0.11996584385633469,-0.2452995777130127,-0.9619959592819214,1114,40.1068115234375,12.93290901184082,110.73908996582031,268.2174987792969,96.75054168701172,125.49661254882812,277.4005432128906,50.50215530395508,-0.2986944913864136,-0.18586622178554535,0.9360743761062622,125.49661254882812,277.4005432128906,50.50215530395508,117.38729858398438,253.5559844970703,38.094730377197266,0.2888332009315491,0.8492826819419861,0.4419209957122803,117.38729858398438,253.5559844970703,38.094730377197266,111.50144958496094,247.13685607910156,50.953125,0.37899404764175415,0.4133322834968567,-0.827961266040802,111.50144958496094,247.13685607910156,50.953125,109.4947280883789,249.4112091064453,64.29926300048828,0.1466210037469864,-0.1661754846572876,-0.9751348495483398
1,91.19779205322266,274.29461669921875,58.07014465332031,0.004278062842786312,0.30440300703048706,0.03990885987877846,-0.19476307928562164,0.26793593168258667,-0.9435452818870544,97.37356567382812,258.7187805175781,120.85809326171875,142.17990112304688,197.07862854003906,337.9259338378906,1110,41.38172912597656,16.309661865234375,71.57539367675781,254.50668334960938,102.39168548583984,71.57539367675781,254.50668334960938,102.39168548583984,0.0,0.0,0.0,71.57539367675781,254.50668334960938,102.39168548583984,70.45695495605469,250.602294921875,60.05336380004883,0.026295987889170647,0.09179738163948059,0.9954304695129395,70.45695495605469,250.602294921875,60.05336380004883,79.03134155273438,245.271484375,34.93370056152344,-0.31671619415283203,0.1969066858291626,0.9278569221496582,79.03134155273438,245.271484375,34.93370056152344,90.78337860107422,240.08285522460938,21.506200790405273,-0.6324059963226318,0.2792128920555115,0.7225667834281921,1111,46.694664001464844,15.578988075256348,78.72156524658203,273.0810546875,98.94877624511719,70.68490600585938,282.59100341796875,37.51222610473633,0.12820595502853394,-0.15170881152153015,0.9800753593444824,70.68490600585938,282.59100341796875,37.51222610473633,72.19866943359375,280.7668151855469,3.481445550918579,-0.04437466338276863,0.05347449705004692,0.9975827932357788,72.19866943359375,280.7668151855469,3.481445550918579,73.08135223388672,276.9709777832031,-15.310629844665527,-0.04599243029952049,0.19778314232826233,0.9791662693023682,73.08135223388672,276.9709777832031,-15.310629844665527,73.71267700195312,272.9940185546875,-28.265647888183594,-0.046535901725292206,0.29314765334129333,0.9549338817596436,1112,53.2048225402832,15.300636291503906,88.91360473632812,275.0345764160156,97.40579223632812,89.43287658691406,284.2342529296875,38.677894592285156,-0.008735132403671741,-0.15475592017173767,0.9879140853881836,89.43287658691406,284.2342529296875,38.677894592285156,84.35157012939453,248.45790100097656,26.068161010742188,0.13276705145835876,0.934783399105072,0.3294737637042999,84.35157012939453,248.45790100097656,26.068161010742188,82.00272369384766,239.54483032226562,46.68032455444336,0.1040269061923027,0.3947466015815735,-0.9128819704055786,82.00272369384766,239.54483032226562,46.68032455444336,81.98448944091797,243.57252502441406,61.04776382446289,0.001222026301547885,-0.2699287533760071,-0.9628795385360718,1113,51.15785598754883,14.559525489807129,99.33482360839844,274.3612060546875,96.68487548828125,107.83155822753906,282.4481506347656,44.616920471191406,-0.1591957062482834,-0.1515178382396698,0.9755505919456482,107.83155822753906,282.4481506347656,44.616920471191406,101.47396850585938,249.68524169921875,32.58477020263672,0.17920440435409546,0.9235036969184875,0.3391559422016144,101.47396850585938,249.68524169921875,32.58477020263672,95.6385498046875,241.3522491455078,52.087005615234375,0.2652934491634369,0.3788397014141083,-0.8866227865219116,95.6385498046875,241.3522491455078,52.087005615234375,93.91739654541016,244.96713256835938,66.37211608886719,0.11601530760526657,-0.2436632663011551,-0.9628959894180298,1114,40.1068115234375,12.93290901184082,109.40303802490234,267.6121520996094,97.05752563476562,124.03305053710938,276.7316589355469,50.75609588623047,-0.2961137592792511,-0.1845802515745163,0.9371482729911804,124.03305053710938,276.7316589355469,50.75609588623047,115.81338500976562,252.9403076171875,38.319210052490234,0.2927637994289398,0.8473880290985107,0.44297054409980774,115.81338500976562,252.9403076171875,38.319210052490234,109.8854751586914,246.5363006591797,51.16581344604492,0.3817024528980255,0.41235870122909546,-0.8272022008895874,109.8854751586914,246.5363006591797,51.16581344604492,107.87764739990234,248.80186462402344,64.5132827758789,0.14670179784297943,-0.16553327441215515,-0.975231945514679
1,89.64430236816406,273.5185241699219,58.360652923583984,0.016657346859574318,0.3007805347442627,0.032594945281744,-0.19964440166950226,0.2612045109272003,-0.9444121718406677,96.20598602294922,258.2842102050781,121.19316101074219,142.1352996826172,198.19265747070312,338.46044921875,1110,41.38172912597656,16.309661865234375,70.424560546875,253.65011596679688,102.82240295410156,70.424560546875,253.65011596679688,102.82240295410156,0.0,0.0,0.0,70.424560546875,253.65011596679688,102.82240295410156,69.2412109375,249.556640625,60.50371551513672,0.027822131291031837,0.09624307602643967,0.9949689507484436,69.2412109375,249.556640625,60.50371551513672,77.9320068359375,244.20639038085938,35.42822265625,-0.32101598381996155,0.19762469828128815,0.9262251853942871,77.9320068359375,244.20639038085938,35.42822265625,89.8548812866211,239.09078979492188,22.12388038635254,-0.6415993571281433,0.2752831280231476,0.7159395813941956,1111,46.694664001464844,15.578988075256348,77.31121063232422,272.30413818359375,99.28267669677734,68.95921325683594,281.4569091796875,37.833927154541016,0.13323642313480377,-0.1460108757019043,0.9802698493003845,68.95921325683594,281.4569091796875,37.833927154541016,70.47073364257812,279.55255126953125,3.807436466217041,-0.04430890455842018,0.05582459270954132,0.9974569082260132,70.47073364257812,279.55255126953125,3.807436466217041,71.38883209228516,275.698974609375,-14.971185684204102,-0.047837771475315094,0.20079167187213898,0.97846519947052,71.38883209228516,275.698974609375,-14.971185684204102,72.06224822998047,271.6834716796875,-27.912189483642578,-0.04963851347565651,0.2959887385368347,0.9539008140563965,1112,53.2048225402832,15.300636291503906,87.471435546875,274.3873291015625,97.6999740600586,87.68704223632812,283.35504150390625,38.93431091308594,-0.0036269119009375572,-0.15085385739803314,0.9885494709014893,87.68704223632812,283.35504150390625,38.93431091308594,83.05316162109375,247.4910125732422,26.401561737060547,0.12107651680707932,0.937074601650238,0.327462375164032,83.05316162109375,247.4910125732422,26.401561737060547,80.8771743774414,238.55184936523438,47.02140808105469,0.09637118875980377,0.39590203762054443,-0.9132218360900879,80.8771743774414,238.55184936523438,47.02140808105469,80.83982849121094,242.57652282714844,61.3896598815918,0.0025028525851666927,-0.2697262167930603,-0.9629337787628174,1113,51.15785598754883,14.559525489807129,97.89845275878906,273.8502502441406,96.94915008544922,106.12613677978516,281.8388671875,44.82283401489258,-0.1541547328233719,-0.14967554807662964,0.9766440391540527,106.12613677978516,281.8388671875,44.82283401489258,100.18445587158203,248.96279907226562,32.887142181396484,0.1674809604883194,0.9266932606697083,0.3364369869232178,100.18445587158203,248.96279907226562,32.887142181396484,94.51207733154297,240.57638549804688,52.4145622253418,0.257881224155426,0.38126838207244873,-0.8877677917480469,94.51207733154297,240.57638549804688,52.4145622253418,92.77621459960938,244.18936157226562,66.69837951660156,0.11700677126646042,-0.2435346245765686,-0.9628084897994995,1114,40.1068115234375,12.93290901184082,108.05706787109375,267.2378234863281,97.31735229492188,122.42139434814453,276.3641662597656,50.93415451049805,-0.29073622822761536,-0.18471862375736237,0.9388032555580139,122.42139434814453,276.3641662597656,50.93415451049805,114.49601745605469,252.4207305908203,38.59850311279297,0.28228187561035156,0.8528046011924744,0.4393647015094757,114.49601745605469,252.4207305908203,38.59850311279297,108.6673583984375,245.96444702148438,51.46434020996094,0.37531164288520813,0.41572484374046326,-0.8284406661987305,108.6673583984375,245.96444702148438,51.46434020996094,106.63900756835938,248.22586059570312,64.80941009521484,0.14820131659507751,-0.16523002088069916,-0.9750565886497498
1,88.07312774658203,272.7305908203125,58.65517807006836,0.022866306826472282,0.2959427237510681,0.02756565250456333,-0.2056136131286621,0.25432947278022766,-0.9450076818466187,94.93175506591797,257.8648376464844,121.54475402832031,142.23431396484375,199.3549346923828,338.94903564453125,1110,41.38172912597656,16.309661865234375,69.11890411376953,252.94979858398438,103.26971435546875,69.11890411376953,252.94979858398438,103.26971435546875,0.0,0.0,0.0,69.11890411376953,252.94979858398438,103.26971435546875,67.8103256225586,248.64451599121094,60.97573471069336,0.030766427516937256,0.1012229397892952,0.9943879246711731,67.8103256225586,248.64451599121094,60.97573471069336,76.55350494384766,243.2073974609375,35.937171936035156,-0.32295098900794983,0.20083345472812653,0.9248613715171814,76.55350494384766,243.2073974609375,35.937171936035156,88.58831024169922,238.0874481201172,22.735675811767578,-0.6476225852966309,0.27551713585853577,0.7104051113128662,1111,46.694664001464844,15.578988075256348,75.86294555664062,271.6341857910156,99.61737060546875,67.27509307861328,280.4189453125,38.14742660522461,0.1369989514350891,-0.1401401311159134,0.9806080460548401,67.27509307861328,280.4189453125,38.14742660522461,68.79901123046875,278.45111083984375,4.125102996826172,-0.04467233270406723,0.057685352861881256,0.9973347783088684,68.79901123046875,278.45111083984375,4.125102996826172,69.74369049072266,274.5367736816406,-14.639627456665039,-0.04922277480363846,0.20395763218402863,0.9777414798736572,69.74369049072266,274.5367736816406,-14.639627456665039,70.44471740722656,270.4732971191406,-27.564184188842773,-0.05167372524738312,0.29952484369277954,0.9526880979537964,1112,53.2048225402832,15.300636291503906,86.003662109375,273.7814025878906,97.99563598632812,85.99195098876953,282.45538330078125,39.18550109863281,0.0001970031444216147,-0.14591272175312042,0.9892974495887756,85.99195098876953,282.45538330078125,39.18550109863281,81.58672332763672,246.52996826171875,26.746366500854492,0.11510206013917923,0.9386777877807617,0.3250161111354828,81.58672332763672,246.52996826171875,26.746366500854492,79.5202865600586,237.58282470703125,47.3740119934082,0.09151939302682877,0.39625561237335205,-0.9135676026344299,79.5202865600586,237.58282470703125,47.3740119934082,79.48367309570312,241.60728454589844,61.74232482910156,0.002453767228871584,-0.2697119116783142,-0.9629379510879517,1113,51.15785598754883,14.559525489807129,96.43211364746094,273.31451416015625,97.2181167602539,104.45767974853516,281.09954833984375,45.02952194213867,-0.1503678262233734,-0.1458611935377121,0.977810800075531,104.45767974853516,281.09954833984375,45.02952194213867,98.73259735107422,248.14222717285156,33.212677001953125,0.16137562692165375,0.928983747959137,0.3330870568752289,98.73259735107422,248.14222717285156,33.212677001953125,93.16424560546875,239.74806213378906,52.766693115234375,0.25315186381340027,0.38162076473236084,-0.8889768719673157,93.16424560546875,239.74806213378906,52.766693115234375,91.43048095703125,243.377197265625,67.04666137695312,0.11686541140079498,-0.24462395906448364,-0.9625495672225952,1114,40.1068115234375,12.93290901184082,106.63844299316406,266.7762145996094,97.59072875976562,120.8083724975586,275.77130126953125,51.122161865234375,-0.2868015170097351,-0.18206192553043365,0.9405308961868286,120.8083724975586,275.77130126953125,51.122161865234375,113.04081726074219,251.71539306640625,38.90549850463867,0.27666059136390686,0.8568103313446045,0.43512651324272156,113.04081726074219,251.71539306640625,38.90549850463867,107.24671936035156,245.25840759277344,51.786582946777344,0.37308627367019653,0.4157700836658478,-0.8294225931167603,107.24671936035156,245.25840759277344,51.786582946777344,105.18952941894531,247.54283142089844,65.12332153320312,0.15030840039253235,-0.16691121459007263,-0.9744476079940796
1,86.55059814453125,272.1208801269531,59.033042907714844,0.01269046775996685,0.2944242060184479,0.027059350162744522,-0.2111462503671646,0.24733252823352814,-0.9456446766853333,93.52418518066406,257.3409118652344,121.93424224853516,142.09954833984375,200.440673828125,339.4850769042969,1110,41.38172912597656,16.309661865234375,67.5625991821289,252.570556640625,103.7347183227539,67.5625991821289,252.570556640625,103.7347183227539,0.0,0.0,0.0,67.5625991821289,252.570556640625,103.7347183227539,66.06957244873047,248.2057342529297,61.45295715332031,0.03510305657982826,0.10262282192707062,0.99410080909729,66.06957244873047,248.2057342529297,61.45295715332031,74.7727279663086,242.62313842773438,36.432464599609375,-0.32147255539894104,0.20620697736740112,0.9241937398910522,74.7727279663086,242.62313842773438,36.432464599609375,86.82852935791016,237.35125732421875,23.310161590576172,-0.6487524509429932,0.28369295597076416,0.7061435580253601,1111,46.694664001464844,15.578988075256348,74.46565246582031,271.1877136230469,100.0363998413086,65.7566146850586,279.97412109375,38.583736419677734,0.13893213868141174,-0.14016638696193695,0.9803321957588196,65.7566146850586,279.97412109375,38.583736419677734,67.20372772216797,277.95941162109375,4.56080436706543,-0.04242085665464401,0.05905945226550102,0.997352659702301,67.20372772216797,277.95941162109375,4.56080436706543,68.07991790771484,273.99359130859375,-14.196438789367676,-0.04565412923693657,0.20664015412330627,0.9773513674736023,68.07991790771484,273.99359130859375,-14.196438789367676,68.72091674804688,269.889404296875,-27.111234664916992,-0.04724900424480438,0.30252590775489807,0.9519693851470947,1112,53.2048225402832,15.300636291503906,84.62024688720703,273.2397766113281,98.37869262695312,84.49467468261719,281.84002685546875,39.55786895751953,0.00211236160248518,-0.1446724534034729,0.9894773960113525,84.49467468261719,281.84002685546875,39.55786895751953,79.72957611083984,245.98074340820312,27.060707092285156,0.12450496107339859,0.9369499087333679,0.3265323042869568,79.72957611083984,245.98074340820312,27.060707092285156,77.63948822021484,237.00494384765625,47.673519134521484,0.0925668478012085,0.3975246548652649,-0.9129104018211365,77.63948822021484,237.00494384765625,47.673519134521484,77.6787109375,240.99436950683594,62.05159378051758,-0.0026286342181265354,-0.267363965511322,-0.9635921120643616,1113,51.15785598754883,14.559525489807129,95.0413589477539,272.67626953125,97.5676040649414,102.96630859375,280.3221435546875,45.343074798583984,-0.14848268032073975,-0.143253892660141,0.9784842133522034,102.96630859375,280.3221435546875,45.343074798583984,96.9250259399414,247.43386840820312,33.491355895996094,0.1702885627746582,0.9270377159118652,0.3340701460838318,96.9250259399414,247.43386840820312,33.491355895996094,91.33662414550781,239.06878662109375,53.0521125793457,0.2540633976459503,0.38029855489730835,-0.889283299446106,91.33662414550781,239.06878662109375,53.0521125793457,89.67494201660156,242.7029266357422,67.3393783569336,0.11200662702322006,-0.24496126174926758,-0.9630412459373474,1114,40.1068115234375,12.93290901184082,105.18846893310547,266.0450744628906,97.91513061523438,119.28740692138672,274.8517150878906,51.388912200927734,-0.28536468744277954,-0.17824776470661163,0.9416978359222412,119.28740692138672,274.8517150878906,51.388912200927734,111.2940444946289,250.8773193359375,39.157718658447266,0.2847033739089966,0.8539074063301086,0.4356442093849182,111.2940444946289,250.8773193359375,39.157718658447266,105.45582580566406,244.466552734375,52.04197692871094,0.37592706084251404,0.4127938151359558,-0.8296265602111816,105.45582580566406,244.466552734375,52.04197692871094,103.43267822265625,246.7603759765625,65.38230895996094,0.1478210985660553,-0.16759797930717468,-0.9747101664543152
1,84.93754577636719,271.3653869628906,59.30787658691406,0.019637232646346092,0.288891077041626,0.020796356722712517,-0.216492161154747,0.24196532368659973,-0.9458244442939758,92.26567840576172,256.9851989746094,122.2606201171875,142.07090759277344,201.31971740722656,339.8528137207031,1110,41.38172912597656,16.309661865234375,66.27738952636719,251.91708374023438,104.1917495727539,66.27738952636719,251.91708374023438,104.1917495727539,0.0,0.0,0.0,66.27738952636719,251.91708374023438,104.1917495727539,64.64179229736328,247.30184936523438,61.94186019897461,0.03845507651567459,0.108510322868824,0.9933513402938843,64.64179229736328,247.30184936523438,61.94186019897461,73.39772033691406,241.6199493408203,36.96217346191406,-0.3234218955039978,0.20987506210803986,0.9226866364479065,73.39772033691406,241.6199493408203,36.96217346191406,85.57579803466797,236.34706115722656,23.95367431640625,-0.6553323268890381,0.2837471067905426,0.700019359588623,1111,46.694664001464844,15.578988075256348,73.01506042480469,270.56817626953125,100.36162567138672,64.00361633300781,278.9332275390625,38.893775939941406,0.14375634491443634,-0.133444681763649,0.9805746674537659,64.00361633300781,278.9332275390625,38.893775939941406,65.44213104248047,276.8002014160156,4.877688407897949,-0.04216880351305008,0.06252780556678772,0.9971519112586975,65.44213104248047,276.8002014160156,4.877688407897949,66.3363037109375,272.7458190917969,-13.859759330749512,-0.04659112170338631,0.21125474572181702,0.9763200879096985,66.3363037109375,272.7458190917969,-13.859759330749512,67.00042724609375,268.5715637207031,-26.750919342041016,-0.048953521996736526,0.30769050121307373,0.950226366519928,1112,53.2048225402832,15.300636291503906,83.14634704589844,272.6929016113281,98.65361785888672,82.72943878173828,280.95635986328125,39.7858772277832,0.007013184484094381,-0.13900697231292725,0.9902666211128235,82.72943878173828,280.95635986328125,39.7858772277832,78.21731567382812,245.0247039794922,27.403207778930664,0.11789508163928986,0.9388408064842224,0.3235407769680023,78.21731567382812,245.0247039794922,27.403207778930664,76.26618194580078,236.05459594726562,48.032108306884766,0.08641279488801956,0.39727267622947693,-0.9136231541633606,76.26618194580078,236.05459594726562,48.032108306884766,76.31661987304688,240.05465698242188,62.407188415527344,-0.0033802578691393137,-0.2680767774581909,-0.9633916020393372,1113,51.15785598754883,14.559525489807129,93.56855773925781,272.2091979980469,97.80601501464844,101.23445129394531,279.6211242675781,45.5091438293457,-0.14362896978855133,-0.13887061178684235,0.9798396229743958,101.23445129394531,279.6211242675781,45.5091438293457,95.43408203125,246.64051818847656,33.794464111328125,0.16349785029888153,0.929640531539917,0.3302074372768402,95.43408203125,246.64051818847656,33.794464111328125,89.97760772705078,238.2787322998047,53.39384078979492,0.24806562066078186,0.38014867901802063,-0.8910390138626099,89.97760772705078,238.2787322998047,53.39384078979492,88.32903289794922,241.9403076171875,67.67562103271484,0.11112310737371445,-0.24681052565574646,-0.9626713991165161,1114,40.1068115234375,12.93290901184082,103.77042388916016,265.6625061035156,98.1524658203125,117.62207794189453,274.317626953125,51.523651123046875,-0.2803596258163452,-0.17518098652362823,0.943774402141571,117.62207794189453,274.317626953125,51.523651123046875,109.79825592041016,250.22076416015625,39.42420196533203,0.278664767742157,0.8582693934440613,0.4309518337249756,109.79825592041016,250.22076416015625,39.42420196533203,104.03012084960938,243.80511474609375,52.33755874633789,0.3714143931865692,0.41310831904411316,-0.8315004110336304,104.03012084960938,243.80511474609375,52.33755874633789,102.00289154052734,246.12330627441406,65.67305755615234,0.14811933040618896,-0.16937844455242157,-0.974357008934021
1,83.26560974121094,270.5787048339844,59.60053253173828,0.032860804349184036,0.28761401772499084,0.015137066133320332,-0.2220783531665802,0.23589785397052765,-0.9460620284080505,90.89703369140625,256.4101257324219,122.5660400390625,141.98739624023438,202.14051818847656,340.212890625,1110,41.38172912597656,16.309661865234375,64.94464111328125,250.94415283203125,104.54300689697266,64.94464111328125,250.94415283203125,104.54300689697266,0.0,0.0,0.0,64.94464111328125,250.94415283203125,104.54300689697266,63.273258209228516,246.25140380859375,62.30306625366211,0.03929644823074341,0.11033280938863754,0.9931175708770752,63.273258209228516,246.25140380859375,62.30306625366211,72.1541748046875,240.63095092773438,37.35361862182617,-0.32803866267204285,0.20760536193847656,0.9215697050094604,72.1541748046875,240.63095092773438,37.35361862182617,84.50359344482422,235.48582458496094,24.455963134765625,-0.664552628993988,0.276871919631958,0.6940546035766602,1111,46.694664001464844,15.578988075256348,71.41999053955078,269.6800231933594,100.6744384765625,62.197723388671875,277.82818603515625,39.208717346191406,0.14711952209472656,-0.12998472154140472,0.9805405735969543,62.197723388671875,277.82818603515625,39.208717346191406,63.71284103393555,275.73004150390625,5.193789958953857,-0.04441436007618904,0.061505287885665894,0.9971180558204651,63.71284103393555,275.73004150390625,5.193789958953857,64.68869018554688,271.6693115234375,-13.5382080078125,-0.0508468896150589,0.21158546209335327,0.9760359525680542,64.68869018554688,271.6693115234375,-13.5382080078125,65.42764282226562,267.48443603515625,-26.421846389770508,-0.05446930229663849,0.3084734082221985,0.9496722221374512,1112,53.2048225402832,15.300636291503906,81.51848602294922,271.9408264160156,98.94707489013672,80.89544677734375,280.1091003417969,40.06787109375,0.010480697266757488,-0.13740579783916473,0.9904594421386719,80.89544677734375,280.1091003417969,40.06787109375,76.86009979248047,244.1156768798828,27.700071334838867,0.10543765127658844,0.94045490026474,0.3231523036956787,76.86009979248047,244.1156768798828,27.700071334838867,75.0593490600586,235.1019744873047,48.32365036010742,0.07975253462791443,0.3992033004760742,-0.9133872389793396,75.0593490600586,235.1019744873047,48.32365036010742,75.0733413696289,239.09158325195312,62.701717376708984,-0.0009377389214932919,-0.26737627387046814,-0.9635916948318481,1113,51.15785598754883,14.559525489807129,91.94500732421875,271.59869384765625,98.08353424072266,99.426025390625,279.03619384765625,45.763519287109375,-0.14016512036323547,-0.13934975862503052,0.9802731275558472,99.426025390625,279.03619384765625,45.763519287109375,94.06603240966797,245.96961975097656,34.08143615722656,0.15108472108840942,0.9320635199546814,0.329288512468338,94.06603240966797,245.96961975097656,34.08143615722656,88.75099182128906,237.53079223632812,53.68665313720703,0.24163571000099182,0.3836512565612793,-0.8913046717643738,88.75099182128906,237.53079223632812,53.68665313720703,87.07019805908203,241.1729278564453,67.96964263916016,0.11329489201307297,-0.24550029635429382,-0.9627532958984375,1114,40.1068115234375,12.93290901184082,102.23617553710938,265.1929626464844,98.42337799072266,115.89427947998047,273.9668273925781,51.759681701660156,-0.27644217014312744,-0.17758440971374512,0.9444805979728699,115.89427947998047,273.9668273925781,51.759681701660156,108.38558959960938,249.7496795654297,39.70078659057617,0.2674405574798584,0.8625536561012268,0.42950737476348877,108.38558959960938,249.7496795654297,39.70078659057617,102.71986389160156,243.25453186035156,52.61973571777344,0.3648202419281006,0.41822731494903564,-0.8318606019020081,102.71986389160156,243.25453186035156,52.61973571777344,100.67137908935547,245.54214477539062,65.95726013183594,0.14967243373394012,-0.167144313454628,-0.9745054841041565
1,81.62429809570312,269.90325927734375,59.84471130371094,0.0346183255314827,0.28642508387565613,0.011081806384027004,-0.22737331688404083,0.2301768958568573,-0.9462134838104248,89.51356506347656,255.8680877685547,122.81018829345703,141.8220672607422,202.91461181640625,340.49188232421875,1110,41.38172912597656,16.309661865234375,63.50286102294922,250.27349853515625,104.87010192871094,63.50286102294922,250.27349853515625,104.87010192871094,0.0,0.0,0.0,63.50286102294922,250.27349853515625,104.87010192871094,61.64869689941406,245.53762817382812,62.64259719848633,0.0435938760638237,0.11134663224220276,0.9928250312805176,61.64869689941406,245.53762817382812,62.64259719848633,70.5323486328125,239.89320373535156,37.69953536987305,-0.32813966274261475,0.208490788936615,0.9213337302207947,70.5323486328125,239.89320373535156,37.69953536987305,82.96174621582031,234.74853515625,24.878751754760742,-0.6688564419746399,0.2768472731113434,0.6899179220199585,1111,46.694664001464844,15.578988075256348,69.91450500488281,269.022216796875,100.95792388916016,60.470664978027344,277.070556640625,39.5127067565918,0.15065421164035797,-0.128392294049263,0.9802136421203613,60.470664978027344,277.070556640625,39.5127067565918,61.98758316040039,274.9886474609375,5.496859550476074,-0.04446713998913765,0.06102935969829559,0.9971449971199036,61.98758316040039,274.9886474609375,5.496859550476074,62.97249984741211,270.9060363769531,-13.22990608215332,-0.051319364458322525,0.21272560954093933,0.9757634401321411,62.97249984741211,270.9060363769531,-13.22990608215332,63.72108459472656,266.6998291015625,-26.106035232543945,-0.05517930909991264,0.31004586815834045,0.9491189122200012,1112,53.2048225402832,15.300636291503906,80.00114440917969,271.30841064453125,99.19505310058594,79.16478729248047,279.4034118652344,40.30837631225586,0.014069106429815292,-0.13617321848869324,0.9905851483345032,79.16478729248047,279.4034118652344,40.30837631225586,75.18952941894531,243.39373779296875,27.96849250793457,0.10386764258146286,0.9408798217773438,0.3224230110645294,75.18952941894531,243.39373779296875,27.96849250793457,73.47552490234375,234.35581970214844,48.588863372802734,0.07591067999601364,0.4002757668495178,-0.9132451415061951,73.47552490234375,234.35581970214844,48.588863372802734,73.52165222167969,238.33474731445312,62.96982192993164,-0.003091368591412902,-0.2666604518890381,-0.9637855887413025,1113,51.15785598754883,14.559525489807129,90.42569732666016,270.9936218261719,98.29805755615234,97.71660614013672,278.387939453125,45.94509506225586,-0.1366032063961029,-0.13854068517684937,0.9808904528617859,97.71660614013672,278.387939453125,45.94509506225586,92.41127014160156,245.29574584960938,34.31066131591797,0.14954403042793274,0.9327853918075562,0.3279453217983246,92.41127014160156,245.29574584960938,34.31066131591797,87.17939758300781,236.84130859375,53.931522369384766,0.23785458505153656,0.38436079025268555,-0.8920155763626099,87.17939758300781,236.84130859375,53.931522369384766,85.5323486328125,240.4858856201172,68.21782684326172,0.11102025210857391,-0.24566474556922913,-0.962976336479187,1114,40.1068115234375,12.93290901184082,100.73534393310547,264.6163635253906,98.6122055053711,114.21798706054688,273.3706970214844,51.89384841918945,-0.2728908360004425,-0.17718909680843353,0.9455869197845459,114.21798706054688,273.3706970214844,51.89384841918945,106.73529052734375,249.1181640625,39.890052795410156,0.2665148377418518,0.8638142347335815,0.4275450110435486,106.73529052734375,249.1181640625,39.890052795410156,101.12574768066406,242.60589599609375,52.82489013671875,0.3612026274204254,0.41932976245880127,-0.8328837752342224,101.12574768066406,242.60589599609375,52.82489013671875,99.10700988769531,244.884765625,66.16844940185547,0.14749892055988312,-0.16650544106960297,-0.974946141242981
1,79.90967559814453,269.16241455078125,60.107505798339844,0.0376913845539093,0.28004691004753113,0.007264719810336828,-0.23214121162891388,0.22381243109703064,-0.9465824961662292,88.03345489501953,255.55618286132812,123.13714599609375,141.43882751464844,204.06687927246094,340.9037170410156,1110,41.38172912597656,16.309661865234375,61.984676361083984,249.7510528564453,105.30587768554688,61.984676361083984,249.7510528564453,105.30587768554688,0.0,0.0,0.0,61.984676361083984,249.7510528564453,105.30587768554688,59.97398376464844,244.7355499267578,63.11784744262695,0.04727407544851303,0.11792118847370148,0.9918971061706543,59.97398376464844,244.7355499267578,63.11784744262695,68.86691284179688,238.9451446533203,38.211578369140625,-0.32848235964775085,0.2138829529285431,0.919974684715271,68.86691284179688,238.9451446533203,38.211578369140625,81.37518310546875,233.75120544433594,25.487735748291016,-0.6731008291244507,0.2794986665248871,0.6847013235092163,1111,46.694664001464844,15.578988075256348,68.31237030029297,268.49920654296875,101.25667572021484,58.6743278503418,276.1166076660156,39.786678314208984,0.15375223755836487,-0.12151766568422318,0.9806088209152222,58.6743278503418,276.1166076660156,39.786678314208984,60.213294982910156,273.8857421875,5.781266212463379,-0.04511348158121109,0.06539587676525116,0.9968390464782715,60.213294982910156,273.8857421875,5.781266212463379,61.22224044799805,269.6893615722656,-12.919058799743652,-0.0525713674724102,0.21865351498126984,0.9743853211402893,61.22224044799805,269.6893615722656,-12.919058799743652,61.99261474609375,265.3952331542969,-25.764846801757812,-0.056785449385643005,0.3165266811847687,0.9468823671340942,1112,53.2048225402832,15.300636291503906,78.38526153564453,270.81341552734375,99.4522476196289,77.36119842529297,278.5274658203125,40.517417907714844,0.017226675525307655,-0.12976489961147308,0.9913951754570007,77.36119842529297,278.5274658203125,40.517417907714844,73.49730682373047,242.43797302246094,28.376962661743164,0.10095781087875366,0.9429653882980347,0.3172122538089752,73.49730682373047,242.43797302246094,28.376962661743164,71.868408203125,233.4779815673828,49.03820037841797,0.07214146852493286,0.39682453870773315,-0.9150550961494446,71.868408203125,233.4779815673828,49.03820037841797,71.93309020996094,237.51766967773438,63.40214157104492,-0.004334868863224983,-0.27073246240615845,-0.9626448750495911,1113,51.15785598754883,14.559525489807129,88.80855560302734,270.5335998535156,98.5294189453125,95.93172454833984,277.6205749511719,46.11090087890625,-0.1334604173898697,-0.13278228044509888,0.9821186661720276,95.93172454833984,277.6205749511719,46.11090087890625,90.73066711425781,244.4408721923828,34.680419921875,0.14660468697547913,0.9352521300315857,0.32219642400741577,90.73066711425781,244.4408721923828,34.680419921875,85.57963562011719,236.06039428710938,54.35432434082031,0.23417940735816956,0.38099852204322815,-0.8944272994995117,85.57963562011719,236.06039428710938,54.35432434082031,83.95269012451172,239.77639770507812,68.62451934814453,0.10966519266366959,-0.2504793405532837,-0.961890697479248,1114,40.1068115234375,12.93290901184082,99.14392852783203,264.1987609863281,98.85680389404297,112.46835327148438,272.7060546875,52.0474967956543,-0.2696883976459503,-0.17218893766403198,0.9474275708198547,112.46835327148438,272.7060546875,52.0474967956543,105.04063415527344,248.35597229003906,40.20816421508789,0.2645566463470459,0.8672886490821838,0.42168721556663513,105.04063415527344,248.35597229003906,40.20816421508789,99.51969909667969,241.87002563476562,53.19425582885742,0.35549694299697876,0.4176347255706787,-0.8361836671829224,99.51969909667969,241.87002563476562,53.19425582885742,97.54753112792969,244.19290161132812,66.53719329833984,0.1440962851047516,-0.16972073912620544,-0.9749006032943726
1,78.18659210205078,268.4886474609375,60.44684982299805,0.03693845868110657,0.28010180592536926,0.004969049245119095,-0.23730280995368958,0.21704137325286865,-0.9468793272972107,86.48371124267578,254.94020080566406,123.46945190429688,141.0765380859375,205.0086212158203,341.3043212890625,1110,41.38172912597656,16.309661865234375,60.36484146118164,249.07618713378906,105.68556213378906,60.36484146118164,249.07618713378906,105.68556213378906,0.0,0.0,0.0,60.36484146118164,249.07618713378906,105.68556213378906,58.196739196777344,244.05604553222656,63.50587463378906,0.05097497999668121,0.11803023517131805,0.9917007684707642,58.196739196777344,244.05604553222656,63.50587463378906,67.09803009033203,238.24057006835938,38.608436584472656,-0.32879120111465454,0.21480898559093475,0.9196485280990601,67.09803009033203,238.24057006835938,38.608436584472656,79.67789459228516,233.0291290283203,25.962575912475586,-0.6769536137580872,0.2804405093193054,0.6805049777030945,1111,46.694664001464844,15.578988075256348,66.68475341796875,267.8240051269531,101.62278747558594,56.90474319458008,275.4459228515625,40.175777435302734,0.1560169905424118,-0.12158972024917603,0.9802420735359192,56.90474319458008,275.4459228515625,40.175777435302734,58.46087646484375,273.26678466796875,6.167790412902832,-0.04561669006943703,0.06387953460216522,0.9969145059585571,58.46087646484375,273.26678466796875,6.167790412902832,59.480133056640625,269.0512390136719,-12.52765941619873,-0.05310864746570587,0.2196521759033203,0.9741315841674805,59.480133056640625,269.0512390136719,-12.52765941619873,60.25729751586914,264.7325439453125,-25.36479949951172,-0.057285964488983154,0.3183375298976898,0.9462449550628662,1112,53.2048225402832,15.300636291503906,76.75363159179688,270.137451171875,99.79512023925781,75.59346771240234,277.8551025390625,40.863285064697266,0.019516147673130035,-0.12982547283172607,0.9913448095321655,75.59346771240234,277.8551025390625,40.863285064697266,71.70089721679688,241.7801971435547,28.68866539001465,0.10170713812112808,0.942584216594696,0.31810489296913147,71.70089721679688,241.7801971435547,28.68866539001465,70.11444854736328,232.77426147460938,49.333221435546875,0.07026142627000809,0.3988593518733978,-0.9143163561820984,70.11444854736328,232.77426147460938,49.333221435546875,70.20899200439453,236.7821044921875,63.70591354370117,-0.006336129270493984,-0.2685982882976532,-0.9632314443588257,1113,51.15785598754883,14.559525489807129,87.17473602294922,269.8567810058594,98.84808349609375,94.17684173583984,276.9462585449219,46.413597106933594,-0.1311921775341034,-0.1328291893005371,0.9824179410934448,94.17684173583984,276.9462585449219,46.413597106933594,88.95153045654297,243.7744598388672,34.971229553222656,0.14728833734989166,0.9350292682647705,0.32253146171569824,88.95153045654297,243.7744598388672,34.971229553222656,83.84207153320312,235.36880493164062,54.645233154296875,0.2322894185781479,0.38214313983917236,-0.8944318890571594,83.84207153320312,235.36880493164062,54.645233154296875,82.24557495117188,239.07232666015625,68.922119140625,0.10761270672082901,-0.24963787198066711,-0.9623411893844604,1114,40.1068115234375,12.93290901184082,97.51028442382812,263.5210266113281,99.15110778808594,110.7267837524414,272.0299377441406,52.31150817871094,-0.2675040066242218,-0.17222169041633606,0.948040783405304,110.7267837524414,272.0299377441406,52.31150817871094,103.2713623046875,247.6857147216797,40.47752380371094,0.26554328203201294,0.8670797348022461,0.4214966297149658,103.2713623046875,247.6857147216797,40.47752380371094,97.78084564208984,241.1805877685547,53.46691131591797,0.3535383939743042,0.41886991262435913,-0.8363962173461914,97.78084564208984,241.1805877685547,53.46691131591797,95.83563995361328,243.48046875,66.81778717041016,0.14212630689144135,-0.16804063320159912,-0.9754807353019714
1,76.4403305053711,267.768798828125,60.7772216796875,0.03944588452577591,0.2818284034729004,0.0029936335049569607,-0.24287420511245728,0.211801216006279,-0.9466532468795776,84.8855972290039,254.191650390625,123.77666473388672,140.76016235351562,205.46560668945312,341.55950927734375,1110,41.38172912597656,16.309661865234375,58.726158142089844,248.22850036621094,106.00313568115234,58.726158142089844,248.22850036621094,106.00313568115234,0.0,0.0,0.0,58.726158142089844,248.22850036621094,106.00313568115234,56.450923919677734,243.27017211914062,63.821781158447266,0.053493794053792953,0.1165769174695015,0.9917399883270264,56.450923919677734,243.27017211914062,63.821781158447266,65.3941879272461,237.49951171875,38.928958892822266,-0.330341637134552,0.2131536453962326,0.9194781184196472,65.3941879272461,237.49951171875,38.928958892822266,78.06818389892578,232.32962036132812,26.360273361206055,-0.682019054889679,0.27820464968681335,0.6763520836830139,1111,46.694664001464844,15.578988075256348,64.98839569091797,267.00103759765625,101.96527099609375,55.11532974243164,274.7007141113281,40.54283905029297,0.1575014740228653,-0.12283017486333847,0.9798499941825867,55.11532974243164,274.7007141113281,40.54283905029297,56.71733093261719,272.591796875,6.532558441162109,-0.04696127399802208,0.06182108074426651,0.9969818592071533,56.71733093261719,272.591796875,6.532558441162109,57.77144241333008,268.3710632324219,-12.159788131713867,-0.054924771189689636,0.2199224978685379,0.9739699363708496,57.77144241333008,268.3710632324219,-12.159788131713867,58.57633590698242,264.0403137207031,-24.991159439086914,-0.05932990461587906,0.3192260265350342,0.945819616317749,1112,53.2048225402832,15.300636291503906,75.04856872558594,269.3460388183594,100.1299057006836,73.7979736328125,277.1614990234375,41.212806701660156,0.021037369966506958,-0.13147078454494476,0.9910967946052551,73.7979736328125,277.1614990234375,41.212806701660156,69.99368286132812,241.10006713867188,28.970563888549805,0.09940052032470703,0.9422321319580078,0.31987178325653076,69.99368286132812,241.10006713867188,28.970563888549805,68.4542465209961,232.0302734375,49.5907096862793,0.06817932426929474,0.40168753266334534,-0.9132352471351624,68.4542465209961,232.0302734375,49.5907096862793,68.55229187011719,235.99771118164062,63.97458267211914,-0.006570820230990648,-0.2658904194831848,-0.9639809131622314,1113,51.15785598754883,14.559525489807129,85.46931457519531,269.096435546875,99.17029571533203,92.39028930664062,276.2956237792969,46.739986419677734,-0.1296720951795578,-0.13488472998142242,0.9823396801948547,92.39028930664062,276.2956237792969,46.739986419677734,87.2447280883789,243.1281280517578,35.24909973144531,0.145040363073349,0.934907853603363,0.3238990604877472,87.2447280883789,243.1281280517578,35.24909973144531,82.18114471435547,234.66847229003906,54.91182327270508,0.23020368814468384,0.3845979869365692,-0.8939186334609985,82.18114471435547,234.66847229003906,54.91182327270508,80.59135437011719,238.34503173828125,69.19641876220703,0.10716070979833603,-0.24782054126262665,-0.9628611207008362,1114,40.1068115234375,12.93290901184082,95.82305145263672,262.7893981933594,99.450439453125,108.96089935302734,271.41595458984375,52.610233306884766,-0.26591208577156067,-0.17460285127162933,0.9480530619621277,108.96089935302734,271.41595458984375,52.610233306884766,101.55992126464844,247.06832885742188,40.74907302856445,0.2636040151119232,0.867200493812561,0.4224643409252167,101.55992126464844,247.06832885742188,40.74907302856445,96.09696960449219,240.52259826660156,53.72968292236328,0.35176345705986023,0.42148441076278687,-0.8358309864997864,96.09696960449219,240.52259826660156,53.72968292236328,94.15345001220703,242.78782653808594,67.08673095703125,0.14200305938720703,-0.1655086725950241,-0.9759314060211182
1,74.59784698486328,266.9850158691406,61.11135482788086,0.04097447916865349,0.27661803364753723,-0.0011416056659072638,-0.2487565279006958,0.20807242393493652,-0.9459524750709534,83.3116683959961,253.7407684326172,124.1445083618164,140.53948974609375,205.87254333496094,341.7661437988281,1110,41.38172912597656,16.309661865234375,57.087501525878906,247.63571166992188,106.49848175048828,57.087501525878906,247.63571166992188,106.49848175048828,0.0,0.0,0.0,57.087501525878906,247.63571166992188,106.49848175048828,54.60177993774414,242.42544555664062,64.3593978881836,0.05844264104962349,0.12250033020973206,0.990746259689331,54.60177993774414,242.42544555664062,64.3593978881836,63.53805160522461,236.51292419433594,39.49736785888672,-0.3300832509994507,0.21839356422424316,0.9183404445648193,63.53805160522461,236.51292419433594,39.49736785888672,76.28981018066406,231.29124450683594,27.029150009155273,-0.6862037777900696,0.2809915542602539,0.6709457635879517,1111,46.694664001464844,15.578988075256348,63.2877311706543,266.4028625488281,102.34161376953125,53.18657302856445,273.7568054199219,40.913902282714844,0.16114014387130737,-0.11731480807065964,0.9799342155456543,53.18657302856445,273.7568054199219,40.913902282714844,54.77973175048828,271.4735412597656,6.914464473724365,-0.0467020608484745,0.06693189591169357,0.9966639280319214,54.77973175048828,271.4735412597656,6.914464473724365,55.83797836303711,267.1087341308594,-11.744528770446777,-0.05514024570584297,0.22742953896522522,0.9722322225570679,55.83797836303711,267.1087341308594,-11.744528770446777,56.64918899536133,262.666748046875,-24.537418365478516,-0.059795551002025604,0.32742545008659363,0.942983090877533,1112,53.2048225402832,15.300636291503906,73.33555603027344,268.763916015625,100.45980072021484,71.86499786376953,276.26873779296875,41.507408142089844,0.024737566709518433,-0.12624527513980865,0.9916906356811523,71.86499786376953,276.26873779296875,41.507408142089844,68.11235046386719,240.1368865966797,29.458402633666992,0.09805117547512054,0.9440723061561584,0.31482285261154175,68.11235046386719,240.1368865966797,29.458402633666992,66.66434478759766,231.1526336669922,50.12257385253906,0.06412999331951141,0.3978990316390991,-0.9151850342750549,66.66434478759766,231.1526336669922,50.12257385253906,66.79962158203125,235.18365478515625,64.48845672607422,-0.009066002443432808,-0.27015164494514465,-0.9627751111984253,1113,51.15785598754883,14.559525489807129,83.75359344482422,268.5359191894531,99.46601867675781,90.4781265258789,275.4791564941406,46.97566223144531,-0.125991553068161,-0.13008920848369598,0.983464777469635,90.4781265258789,275.4791564941406,46.97566223144531,85.37751770019531,242.23733520507812,35.68123245239258,0.14377333223819733,0.9370033144950867,0.3183615505695343,85.37751770019531,242.23733520507812,35.68123245239258,80.40229797363281,233.86648559570312,55.4044189453125,0.22618655860424042,0.38056081533432007,-0.8966678977012634,80.40229797363281,233.86648559570312,55.4044189453125,78.85297393798828,237.6192169189453,69.67364501953125,0.10443305224180222,-0.25295495986938477,-0.9618251323699951,1114,40.1068115234375,12.93290901184082,94.12439727783203,262.2568664550781,99.74373626708984,107.08103942871094,270.6724853515625,52.81476593017578,-0.26224443316459656,-0.17033343017101288,0.9498496055603027,107.08103942871094,270.6724853515625,52.81476593017578,99.69214630126953,246.2451934814453,41.11095428466797,0.26317375898361206,0.870038628578186,0.41686031222343445,99.69214630126953,246.2451934814453,41.11095428466797,94.31266021728516,239.74107360839844,54.147216796875,0.3463890850543976,0.4188050925731659,-0.8394145965576172,94.31266021728516,239.74107360839844,54.147216796875,92.4259262084961,242.05648803710938,67.50379943847656,0.13785405457019806,-0.16917555034160614,-0.975897490978241
1,72.75128173828125,266.261962890625,61.43775939941406,0.04365045204758644,0.2735602855682373,-0.005415044724941254,-0.2547778785228729,0.20200729370117188,-0.9456644654273987,81.73857116699219,253.2623291015625,124.48442077636719,140.3516387939453,206.7894287109375,342.039794921875,1110,41.38172912597656,16.309661865234375,55.45880126953125,246.9881134033203,106.94036865234375,55.45880126953125,246.9881134033203,106.94036865234375,0.0,0.0,0.0,55.45880126953125,246.9881134033203,106.94036865234375,52.79783630371094,241.62461853027344,64.83121490478516,0.06256283819675446,0.12610292434692383,0.9900424480438232,52.79783630371094,241.62461853027344,64.83121490478516,61.75052261352539,235.63900756835938,39.99259567260742,-0.3306896388530731,0.22109335660934448,0.9174758791923523,61.75052261352539,235.63900756835938,39.99259567260742,74.59806060791016,230.40890502929688,27.626646041870117,-0.6913576722145081,0.2814446985721588,0.6654422283172607,1111,46.694664001464844,15.578988075256348,61.57726287841797,265.76483154296875,102.70622253417969,51.250083923339844,272.8943786621094,41.28964614868164,0.16474579274654388,-0.11373511701822281,0.9797567129135132,51.250083923339844,272.8943786621094,41.28964614868164,52.84806442260742,270.496826171875,7.298301696777344,-0.046843405812978745,0.07028216123580933,0.9964266419410706,52.84806442260742,270.496826171875,7.298301696777344,53.92096710205078,266.0303039550781,-11.335770606994629,-0.05590389296412468,0.23272937536239624,0.9709334373474121,53.92096710205078,266.0303039550781,-11.335770606994629,54.74738311767578,261.50506591796875,-24.098461151123047,-0.060916412621736526,0.33356234431266785,0.9407578110694885,1112,53.2048225402832,15.300636291503906,71.61028289794922,268.1565246582031,100.78451538085938,69.92108154296875,275.4757995605469,41.81465530395508,0.028415558859705925,-0.12312403321266174,0.9919844269752502,69.92108154296875,275.4757995605469,41.81465530395508,66.2585678100586,239.28126525878906,29.927095413208008,0.0956960916519165,0.9457098841667175,0.31060442328453064,66.2585678100586,239.28126525878906,29.927095413208008,64.91156768798828,230.36767578125,50.628662109375,0.05965661630034447,0.3947695195674896,-0.9168413877487183,64.91156768798828,230.36767578125,50.628662109375,65.08013916015625,234.45457458496094,64.9783935546875,-0.011297352612018585,-0.2738964855670929,-0.9616928100585938,1113,51.15785598754883,14.559525489807129,82.02579498291016,267.9632263183594,99.75749969482422,88.55461120605469,274.7703857421875,47.22462463378906,-0.12232456356287003,-0.12753963470458984,0.9842612743377686,88.55461120605469,274.7703857421875,47.22462463378906,83.52754974365234,241.46151733398438,36.09596633911133,0.14170020818710327,0.9388931393623352,0.31368884444236755,83.52754974365234,241.46151733398438,36.09596633911133,78.65008544921875,233.1576385498047,55.8718147277832,0.22174227237701416,0.3775160312652588,-0.8990617394447327,78.65008544921875,233.1576385498047,55.8718147277832,77.1393814086914,236.97262573242188,70.128662109375,0.1018298864364624,-0.25715142488479614,-0.9609910845756531,1114,40.1068115234375,12.93290901184082,92.42019653320312,261.7226867675781,100.02053833007812,105.1937484741211,270.0417785644531,53.02421569824219,-0.25853869318962097,-0.16837972402572632,0.951213002204895,105.1937484741211,270.0417785644531,53.02421569824219,97.8298568725586,245.54443359375,41.45181655883789,0.2622832953929901,0.8725338578224182,0.41217976808547974,97.8298568725586,245.54443359375,41.45181655883789,92.55934143066406,239.05734252929688,54.540977478027344,0.3393722474575043,0.4177083969116211,-0.842820405960083,92.55934143066406,239.05734252929688,54.540977478027344,90.74514770507812,241.4017791748047,67.90254211425781,0.13255393505096436,-0.1712961047887802,-0.9762617945671082
1,70.84126281738281,265.4884338378906,61.73534393310547,0.040999386459589005,0.26897385716438293,-0.009387737140059471,-0.26089903712272644,0.1962718814611435,-0.9452031850814819,80.10762023925781,252.78189086914062,124.80210876464844,140.12889099121094,207.62844848632812,342.2513732910156,1110,41.38172912597656,16.309661865234375,53.721343994140625,246.44825744628906,107.40129852294922,53.721343994140625,246.44825744628906,107.40129852294922,0.0,0.0,0.0,53.721343994140625,246.44825744628906,107.40129852294922,50.815982818603516,240.88522338867188,65.3342056274414,0.06830891966819763,0.13079436123371124,0.9890535473823547,50.815982818603516,240.88522338867188,65.3342056274414,59.71564865112305,234.7491455078125,40.51325607299805,-0.3287312090396881,0.22665125131607056,0.9168233275413513,59.71564865112305,234.7491455078125,40.51325607299805,72.60626983642578,229.43087768554688,28.230024337768555,-0.6936761736869812,0.28618913888931274,0.6609910130500793,1111,46.694664001464844,15.578988075256348,59.847023010253906,265.1967468261719,103.05402374267578,49.261348724365234,272.05804443359375,41.650901794433594,0.16886946558952332,-0.10945581644773483,0.9795419573783875,49.261348724365234,272.05804443359375,41.650901794433594,50.82475662231445,269.50244140625,7.669466495513916,-0.04582994431257248,0.07491528242826462,0.9961362481117249,50.82475662231445,269.50244140625,7.669466495513916,51.8746223449707,264.9159851074219,-10.936760902404785,-0.05470355227589607,0.23897860944271088,0.9694828391075134,51.8746223449707,264.9159851074219,-10.936760902404785,52.68320846557617,260.2924499511719,-23.665325164794922,-0.05960211530327797,0.34080782532691956,0.9382418394088745,1112,53.2048225402832,15.300636291503906,69.87482452392578,267.5655822753906,101.07756042480469,67.93798828125,274.6158142089844,42.08253479003906,0.03258123993873596,-0.11859820783138275,0.9924076795578003,67.93798828125,274.6158142089844,42.08253479003906,64.17240142822266,238.36270141601562,30.407554626464844,0.09838921576738358,0.9472402334213257,0.30504995584487915,64.17240142822266,238.36270141601562,30.407554626464844,62.903377532958984,229.543701171875,51.154510498046875,0.056203167885541916,0.39058029651641846,-0.9188515543937683,62.903377532958984,229.543701171875,51.154510498046875,63.14038848876953,233.69744873046875,65.48406982421875,-0.01588403806090355,-0.2783765196800232,-0.960340678691864,1113,51.15785598754883,14.559525489807129,80.28546905517578,267.35308837890625,100.0060043334961,86.593994140625,273.9093322753906,47.414337158203125,-0.11819718033075333,-0.12283846735954285,0.9853629469871521,86.593994140625,273.9093322753906,47.414337158203125,81.46208953857422,240.54241943359375,36.50967788696289,0.1446554809808731,0.9405292868614197,0.30737489461898804,81.46208953857422,240.54241943359375,36.50967788696289,76.661865234375,232.35244750976562,56.351810455322266,0.21823078393936157,0.37233760952949524,-0.9020754098892212,76.661865234375,232.35244750976562,56.351810455322266,75.22340393066406,236.25428771972656,70.59262084960938,0.09696029126644135,-0.26300573348999023,-0.9599097967147827,1114,40.1068115234375,12.93290901184082,90.6723403930664,261.0993347167969,100.25243377685547,103.25181579589844,269.1842956542969,53.16299057006836,-0.25461050868034363,-0.1636408567428589,0.9530975818634033,103.25181579589844,269.1842956542969,53.16299057006836,95.77182006835938,244.63575744628906,41.77498245239258,0.26641854643821716,0.8743569254875183,0.4056120812892914,95.77182006835938,244.63575744628906,41.77498245239258,90.60371398925781,238.202880859375,54.931556701660156,0.3327781558036804,0.41421765089035034,-0.8471614718437195,90.60371398925781,238.202880859375,54.931556701660156,88.8979721069336,240.59872436523438,68.29828643798828,0.1246299147605896,-0.17505213618278503,-0.9766392111778259
1,68.94717407226562,264.8047180175781,62.134925842285156,0.041799381375312805,0.26935839653015137,-0.011858160607516766,-0.2670150697231293,0.19126838445663452,-0.9445207118988037,78.39962768554688,252.13134765625,125.18270874023438,139.8279266357422,208.12899780273438,342.4749450683594,1110,41.38172912597656,16.309661865234375,51.948917388916016,245.7232208251953,107.82906341552734,51.948917388916016,245.7232208251953,107.82906341552734,0.0,0.0,0.0,51.948917388916016,245.7232208251953,107.82906341552734,48.890419006347656,240.1568145751953,65.77327728271484,0.07190938293933868,0.1308736503124237,0.9887877702713013,48.890419006347656,240.1568145751953,65.77327728271484,57.78976821899414,234.0182647705078,40.952823638916016,-0.32871949672698975,0.22674253582954407,0.9168049097061157,57.78976821899414,234.0182647705078,40.952823638916016,70.74993133544922,228.7101593017578,28.738563537597656,-0.6974182724952698,0.28564223647117615,0.6572794318199158,1111,46.694664001464844,15.578988075256348,58.039764404296875,264.4817810058594,103.47637939453125,47.31631851196289,271.3525390625,42.098228454589844,0.17106729745864868,-0.10960675030946732,0.9791437387466431,47.31631851196289,271.3525390625,42.098228454589844,48.91335678100586,268.7925720214844,8.11868667602539,-0.04681578651070595,0.0750432014465332,0.9960806369781494,48.91335678100586,268.7925720214844,8.11868667602539,49.986934661865234,264.1610412597656,-10.475021362304688,-0.055939070880413055,0.2413271814584732,0.9688302278518677,49.986934661865234,264.1610412597656,-10.475021362304688,50.8137092590332,259.4924621582031,-23.185958862304688,-0.06094282492995262,0.3441281318664551,0.9369427561759949,1112,53.2048225402832,15.300636291503906,68.06015014648438,266.86517333984375,101.47988891601562,65.99029541015625,273.935791015625,42.4918212890625,0.0348188616335392,-0.11894113570451736,0.9922906160354614,65.99029541015625,273.935791015625,42.4918212890625,62.24708557128906,237.66212463378906,30.87363052368164,0.09780453890562057,0.947777271270752,0.3035661578178406,62.24708557128906,237.66212463378906,30.87363052368164,61.035160064697266,228.84918212890625,51.6265754699707,0.0536743588745594,0.39031198620796204,-0.919116735458374,61.035160064697266,228.84918212890625,51.6265754699707,61.297359466552734,233.00596618652344,65.9548110961914,-0.017572127282619476,-0.27858009934425354,-0.9602522850036621,1113,51.15785598754883,14.559525489807129,78.46881866455078,266.6673889160156,100.38648986816406,84.65836334228516,273.2528381347656,47.78433609008789,-0.11596795171499252,-0.12338566035032272,0.9855594038963318,84.65836334228516,273.2528381347656,47.78433609008789,79.53388977050781,239.86196899414062,36.94974899291992,0.14444603025913239,0.9412047266960144,0.3053997755050659,79.53388977050781,239.86196899414062,36.94974899291992,74.79046630859375,231.68775939941406,56.81203079223633,0.21564848721027374,0.3716210424900055,-0.902991533279419,74.79046630859375,231.68775939941406,56.81203079223633,73.38262939453125,235.60757446289062,71.05096435546875,0.09489603340625763,-0.2642173171043396,-0.9597832560539246,1114,40.1068115234375,12.93290901184082,88.86475372314453,260.42779541015625,100.6087417602539,101.33462524414062,268.5484313964844,53.49628829956055,-0.25239211320877075,-0.16436292231082916,0.9535633325576782,101.33462524414062,268.5484313964844,53.49628829956055,93.83113098144531,243.97943115234375,42.16801452636719,0.2672554552555084,0.8750855326652527,0.40348440408706665,93.83113098144531,243.97943115234375,42.16801452636719,88.74813079833984,237.5352020263672,55.3521614074707,0.3272980749607086,0.41494858264923096,-0.8489367961883545,88.74813079833984,237.5352020263672,55.3521614074707,87.11003112792969,239.9218292236328,68.72900390625,0.11968757957220078,-0.1743786633014679,-0.9773775935173035
1,67.03728485107422,264.15533447265625,62.53319549560547,0.041305091232061386,0.26982951164245605,-0.014546574093401432,-0.2727368474006653,0.18671868741512299,-0.943795919418335,76.68856048583984,251.49925231933594,125.55610656738281,139.43319702148438,208.5435791015625,342.6816101074219,1110,41.38172912597656,16.309661865234375,50.16330337524414,245.04873657226562,108.26290130615234,50.16330337524414,245.04873657226562,108.26290130615234,0.0,0.0,0.0,50.16330337524414,245.04873657226562,108.26290130615234,46.90721893310547,239.47059631347656,66.22350311279297,0.07655488699674606,0.1311495155096054,0.9884023070335388,46.90721893310547,239.47059631347656,66.22350311279297,55.77687072753906,233.31494140625,41.39665985107422,-0.3276226222515106,0.2273743897676468,0.9170410633087158,55.77687072753906,233.31494140625,41.39665985107422,68.7899398803711,228.00222778320312,29.24079132080078,-0.7002652287483215,0.2858901917934418,0.6541371941566467,1111,46.694664001464844,15.578988075256348,56.23848342895508,263.8106994628906,103.9029769897461,45.352447509765625,270.7075500488281,42.55638122558594,0.1736610382795334,-0.11002299189567566,0.9786403179168701,45.352447509765625,270.7075500488281,42.55638122558594,46.95458984375,268.1141662597656,8.579615592956543,-0.04696541279554367,0.07602279633283615,0.9959993958473206,46.95458984375,268.1141662597656,8.579615592956543,48.0330810546875,263.41143798828125,-9.99593448638916,-0.05619506537914276,0.24503687024116516,0.967883825302124,48.0330810546875,263.41143798828125,-9.99593448638916,48.86347961425781,258.6785583496094,-22.682838439941406,-0.06120993569493294,0.3488677144050598,0.9351708889007568,1112,53.2048225402832,15.300636291503906,66.25305938720703,266.1972961425781,101.88130187988281,64.02680969238281,273.29486083984375,42.90217208862305,0.03744972497224808,-0.1193944439291954,0.9921404123306274,64.02680969238281,273.29486083984375,42.90217208862305,60.2581672668457,237.0033416748047,31.34808349609375,0.09846902638673782,0.9482434391975403,0.30189114809036255,60.2581672668457,237.0033416748047,31.34808349609375,59.10404968261719,228.19369506835938,52.10572052001953,0.05111413821578026,0.3901660442352295,-0.9193246364593506,59.10404968261719,228.19369506835938,52.10572052001953,59.403480529785156,232.34901428222656,66.43365478515625,-0.020067304372787476,-0.2784818410873413,-0.9602317810058594,1113,51.15785598754883,14.559525489807129,76.65886688232422,266.0023498535156,100.76050567626953,82.70885467529297,272.6136779785156,48.145355224609375,-0.1133531853556633,-0.12387051433324814,0.9858028292655945,82.70885467529297,272.6136779785156,48.145355224609375,77.54696655273438,239.20394897460938,37.38689422607422,0.14550060033798218,0.9417359828948975,0.3032538890838623,77.54696655273438,239.20394897460938,37.38689422607422,72.86199188232422,231.05226135253906,57.272300720214844,0.2129911482334137,0.3705969452857971,-0.9040423631668091,72.86199188232422,231.05226135253906,57.272300720214844,71.49735260009766,234.99288940429688,71.50969696044922,0.09198426455259323,-0.2656202018260956,-0.9596795439720154,1114,40.1068115234375,12.93290901184082,87.05675506591797,259.7650146484375,100.95256805419922,99.40111541748047,267.9103698730469,53.811336517333984,-0.2498517632484436,-0.1648632436990738,0.9541457891464233,99.40111541748047,267.9103698730469,53.811336517333984,91.840087890625,243.32968139648438,42.54682922363281,0.2693045735359192,0.8755015730857849,0.4012130796909332,91.840087890625,243.32968139648438,42.54682922363281,86.84178924560547,236.87808227539062,55.75971603393555,0.3218441903591156,0.41542330384254456,-0.8507876992225647,86.84178924560547,236.87808227539062,55.75971603393555,85.2804946899414,239.25465393066406,69.14752960205078,0.11407581716775894,-0.17364396154880524,-0.9781791567802429
1,65.10674285888672,263.58221435546875,62.97706604003906,0.040167663246393204,0.26852020621299744,-0.01874592900276184,-0.2790144383907318,0.18483637273311615,-0.9423303604125977,75.04478454589844,251.01515197753906,125.97345733642578,139.23361206054688,208.4925079345703,342.7618103027344,1110,41.38172912597656,16.309661865234375,48.425506591796875,244.53575134277344,108.80247497558594,48.425506591796875,244.53575134277344,108.80247497558594,0.0,0.0,0.0,48.425506591796875,244.53575134277344,108.80247497558594,44.88943862915039,238.8700408935547,66.79742431640625,0.08313768357038498,0.13320842385292053,0.9875949025154114,44.88943862915039,238.8700408935547,66.79742431640625,53.66532897949219,232.65374755859375,41.95236587524414,-0.324159175157547,0.22961413860321045,0.9177135229110718,53.66532897949219,232.65374755859375,41.95236587524414,66.69429779052734,227.31387329101562,29.825468063354492,-0.701120913028717,0.2873517870903015,0.6525782346725464,1111,46.694664001464844,15.578988075256348,54.48161697387695,263.2921142578125,104.3922119140625,43.33802795410156,270.1072082519531,43.082733154296875,0.17776967585086823,-0.10871874541044235,0.9780480861663818,43.33802795410156,270.1072082519531,43.082733154296875,44.88831329345703,267.3966979980469,9.112704277038574,-0.0454452708363533,0.07945625483989716,0.9958019256591797,44.88831329345703,267.3966979980469,9.112704277038574,45.94002151489258,262.57501220703125,-9.433855056762695,-0.05479954928159714,0.2512352764606476,0.9663735628128052,45.94002151489258,262.57501220703125,-9.433855056762695,46.75217819213867,257.7433166503906,-22.084646224975586,-0.05986527353525162,0.3561514616012573,0.9325085878372192,1112,53.2048225402832,15.300636291503906,64.4875259399414,265.6763610839844,102.32537841796875,62.013572692871094,272.6955871582031,43.346736907958984,0.04161656275391579,-0.1180766299366951,0.9921320676803589,62.013572692871094,272.6955871582031,43.346736907958984,58.19337463378906,236.35299682617188,31.97151756286621,0.09981611371040344,0.9495779871940613,0.29721760749816895,58.19337463378906,236.35299682617188,31.97151756286621,57.1311149597168,227.61312866210938,52.76353073120117,0.04704587906599045,0.38707560300827026,-0.9208469390869141,57.1311149597168,227.61312866210938,52.76353073120117,57.49338912963867,231.81407165527344,67.07669830322266,-0.024278955534100533,-0.28153955936431885,-0.9592424631118774,1113,51.15785598754883,14.559525489807129,74.8885498046875,265.4802551269531,101.16118621826172,80.71747589111328,272.02197265625,48.512393951416016,-0.10921135544776917,-0.12256628274917603,0.9864331483840942,80.71747589111328,272.02197265625,48.512393951416016,75.48853302001953,238.5655975341797,37.932769775390625,0.14739073812961578,0.9430509805679321,0.2982129752635956,75.48853302001953,238.5655975341797,37.932769775390625,70.8948745727539,230.4945831298828,57.87230682373047,0.20883974432945251,0.36692947149276733,-0.9065035581588745,70.8948745727539,230.4945831298828,57.87230682373047,69.6002197265625,234.4971160888672,72.09896087646484,0.0872669517993927,-0.2697930335998535,-0.9589557647705078,1114,40.1068115234375,12.93290901184082,85.28739166259766,259.2435302734375,101.3178939819336,97.43354797363281,267.3267517089844,54.11452865600586,-0.24584010243415833,-0.16360566020011902,0.9554035067558289,97.43354797363281,267.3267517089844,54.11452865600586,89.77413177490234,242.7119140625,42.99197769165039,0.2728089988231659,0.8767181634902954,0.39615708589553833,89.77413177490234,242.7119140625,42.99197769165039,84.92162322998047,236.27586364746094,56.26666259765625,0.31245648860931396,0.41442185640335083,-0.8547664284706116,84.92162322998047,236.27586364746094,56.26666259765625,83.49585723876953,238.66629028320312,69.6671142578125,0.10417350381612778,-0.17465637624263763,-0.979103147983551
1,63.18471145629883,263.05621337890625,63.483768463134766,0.03752969577908516,0.26706579327583313,-0.022206798195838928,-0.2856414318084717,0.18468952178955078,-0.9403716325759888,73.3793716430664,250.55970764160156,126.4529037475586,139.0927734375,208.0708465576172,342.7906188964844,1110,41.38172912597656,16.309661865234375,46.65266036987305,244.1045379638672,109.40243530273438,46.65266036987305,244.1045379638672,109.40243530273438,0.0,0.0,0.0,46.65266036987305,244.1045379638672,109.40243530273438,42.82063674926758,238.34588623046875,67.43599700927734,0.09009599685668945,0.13539360463619232,0.9866870641708374,42.82063674926758,238.34588623046875,67.43599700927734,51.47465515136719,232.05189514160156,42.567771911621094,-0.3196576237678528,0.23248416185379028,0.9185695648193359,51.47465515136719,232.05189514160156,42.567771911621094,64.4920425415039,226.6636962890625,30.449811935424805,-0.7004976272583008,0.28995221853256226,0.652097225189209,1111,46.694664001464844,15.578988075256348,52.720584869384766,262.8448181152344,104.94036102294922,41.348785400390625,269.5851745605469,43.66453552246094,0.18141025304794312,-0.1075265035033226,0.9775113463401794,41.348785400390625,269.5851745605469,43.66453552246094,42.84982681274414,266.7735595703125,9.70051383972168,-0.04400172829627991,0.08242005109786987,0.9956257939338684,42.84982681274414,266.7735595703125,9.70051383972168,43.87078094482422,261.8443603515625,-8.819480895996094,-0.05319709703326225,0.25683730840682983,0.9649894833564758,43.87078094482422,261.8443603515625,-8.819480895996094,44.65968322753906,256.9198913574219,-21.435911178588867,-0.058151211589574814,0.36299026012420654,0.9299766421318054,1112,53.2048225402832,15.300636291503906,62.72205352783203,265.21038818359375,102.83099365234375,60.029205322265625,272.1448974609375,43.85192108154297,0.04529878869652748,-0.11665153503417969,0.9921393394470215,60.029205322265625,272.1448974609375,43.85192108154297,56.10408020019531,235.75384521484375,32.66904067993164,0.10255774110555649,0.9508446455001831,0.2921922206878662,56.10408020019531,235.75384521484375,32.66904067993164,55.11333084106445,227.08433532714844,53.494014739990234,0.04387879744172096,0.3839595317840576,-0.9223067164421082,55.11333084106445,227.08433532714844,53.494014739990234,55.5401611328125,231.32711791992188,67.79306030273438,-0.028605381026864052,-0.2843434810638428,-0.9582957029342651,1113,51.15785598754883,14.559525489807129,73.1181411743164,264.99639892578125,101.6266098022461,78.75202941894531,271.4499816894531,48.945716857910156,-0.10555710643529892,-0.12091498076915741,0.9870345592498779,78.75202941894531,271.4499816894531,48.945716857910156,73.3736343383789,237.95606994628906,38.56160354614258,0.15160341560840607,0.9441090226173401,0.29270198941230774,73.3736343383789,237.95606994628906,38.56160354614258,68.96804809570312,229.95738220214844,58.57260513305664,0.20028942823410034,0.3636411726474762,-0.9097522497177124,68.96804809570312,229.95738220214844,58.57260513305664,67.82038879394531,234.015380859375,72.7961654663086,0.07735862582921982,-0.2735317051410675,-0.958747148513794,1114,40.1068115234375,12.93290901184082,83.50784301757812,258.7437438964844,101.75222778320312,95.48249816894531,266.7371826171875,54.48979187011719,-0.2423689067363739,-0.1617884635925293,0.9565991759300232,95.48249816894531,266.7371826171875,54.48979187011719,87.68386840820312,242.09356689453125,43.528892517089844,0.27776750922203064,0.8777433633804321,0.3903995454311371,87.68386840820312,242.09356689453125,43.528892517089844,82.97064971923828,235.6837921142578,56.8663215637207,0.3034875988960266,0.4127300977706909,-0.858806848526001,82.97064971923828,235.6837921142578,56.8663215637207,81.68761444091797,238.09564208984375,70.27735900878906,0.09374487400054932,-0.17622163891792297,-0.9798763990402222
1,59.05560302734375,261.9952392578125,64.64537811279297,0.03686374053359032,0.2639235854148865,-0.027398070320487022,-0.2991502583026886,0.17716264724731445,-0.9376153349876404,69.65760040283203,249.7426300048828,127.59645080566406,138.47879028320312,208.98536682128906,343.3000793457031,1110,41.38172912597656,16.309661865234375,42.7679557800293,243.1767120361328,110.7059326171875,42.7679557800293,243.1767120361328,110.7059326171875,0.0,0.0,0.0,42.7679557800293,243.1767120361328,110.7059326171875,38.52252960205078,237.18963623046875,68.81130981445312,0.09981564432382584,0.14076416194438934,0.9849985837936401,38.52252960205078,237.18963623046875,68.81130981445312,47.038028717041016,230.76258850097656,43.92929458618164,-0.3145410120487213,0.2373988926410675,0.9190787076950073,47.038028717041016,230.76258850097656,43.92929458618164,60.07656478881836,225.326904296875,31.85536003112793,-0.7016357183456421,0.2925075590610504,0.6497281789779663,1111,46.694664001464844,15.578988075256348,48.79956817626953,261.9071960449219,106.15438079833984,37.11578369140625,268.44573974609375,44.9153938293457,0.18638724088668823,-0.10430705547332764,0.9769237041473389,37.11578369140625,268.44573974609375,44.9153938293457,38.5864372253418,265.5030212402344,10.961148262023926,-0.0431109257042408,0.08626323193311691,0.9953391551971436,38.5864372253418,265.5030212402344,10.961148262023926,39.59562683105469,260.41961669921875,-7.517757892608643,-0.05258411169052124,0.2648722529411316,0.9628487229347229,39.59562683105469,260.41961669921875,-7.517757892608643,40.37825012207031,255.35252380371094,-20.07798957824707,-0.05768832936882973,0.3735029697418213,0.9258334636688232,1112,53.2048225402832,15.300636291503906,58.78858184814453,264.2733459472656,103.9874267578125,55.79500961303711,271.0195617675781,45.00102233886719,0.05035753920674324,-0.11348409205675125,0.9922627806663513,55.79500961303711,271.0195617675781,45.00102233886719,51.83761215209961,234.55859375,34.059871673583984,0.10340098291635513,0.9526715278625488,0.28587618470191956,51.83761215209961,234.55859375,34.059871673583984,50.958736419677734,225.9639434814453,54.92086410522461,0.03892408683896065,0.38064414262771606,-0.9239020347595215,50.958736419677734,225.9639434814453,54.92086410522461,51.454254150390625,230.253662109375,69.20367431640625,-0.0332086980342865,-0.2874891459941864,-0.957207977771759,1113,51.15785598754883,14.559525489807129,69.17865753173828,264.06304931640625,102.73161315917969,74.54364013671875,270.35430908203125,50.00303268432617,-0.1005188599228859,-0.11787368357181549,0.987928032875061,74.54364013671875,270.35430908203125,50.00303268432617,69.05513763427734,236.80062866210938,39.87253189086914,0.15470699965953827,0.9457933306694031,0.2855531871318817,69.05513763427734,236.80062866210938,39.87253189086914,64.98921966552734,228.86814880371094,59.981536865234375,0.18484731018543243,0.36063137650489807,-0.914208173751831,64.98921966552734,228.86814880371094,59.981536865234375,64.06697082519531,232.98973083496094,74.20321655273438,0.06216469779610634,-0.2778175473213196,-0.9586202502250671,1114,40.1068115234375,12.93290901184082,79.573486328125,257.818359375,102.8248519897461,91.30517578125,265.671142578125,55.47797775268555,-0.2374512255191803,-0.15894155204296112,0.9583081007003784,91.30517578125,265.671142578125,55.47797775268555,83.39273834228516,240.97079467773438,44.728397369384766,0.2818211019039154,0.879764199256897,0.382872998714447,83.39273834228516,240.97079467773438,44.728397369384766,78.9153823852539,234.5640106201172,58.14827346801758,0.2883002460002899,0.41253751516342163,-0.8641156554222107,78.9153823852539,234.5640106201172,58.14827346801758,77.8402099609375,236.98666381835938,71.57563018798828,0.07855738699436188,-0.17701096832752228,-0.9810687899589539
1,57.052223205566406,261.3956604003906,65.24699401855469,0.034377582371234894,0.26181700825691223,-0.030043521896004677,-0.30716672539711,0.18118572235107422,-0.9342485666275024,67.8805923461914,249.2094268798828,128.1702880859375,138.5460205078125,207.52664184570312,343.099365234375,1110,41.38172912597656,16.309661865234375,40.87696075439453,242.7037353515625,111.39862060546875,40.87696075439453,242.7037353515625,111.39862060546875,0.0,0.0,0.0,40.87696075439453,242.7037353515625,111.39862060546875,36.33860397338867,236.59811401367188,69.55183410644531,0.10670281946659088,0.143551304936409,0.983873724937439,36.33860397338867,236.59811401367188,69.55183410644531,44.679378509521484,230.08714294433594,44.63248825073242,-0.30808717012405396,0.2404988557100296,0.9204578399658203,44.679378509521484,230.08714294433594,44.63248825073242,57.64735412597656,224.5992889404297,32.50627899169922,-0.6978387832641602,0.2953149676322937,0.6525412797927856,1111,46.694664001464844,15.578988075256348,46.92486572265625,261.4144592285156,106.78767395019531,35.06182098388672,267.8391418457031,45.571102142333984,0.18924692273139954,-0.10249067097902298,0.9765661358833313,35.06182098388672,267.8391418457031,45.571102142333984,36.50680160522461,264.88720703125,11.61655330657959,-0.04235834628343582,0.08653339743614197,0.9953479766845703,36.50680160522461,264.88720703125,11.61655330657959,37.49708938598633,259.76531982421875,-6.852752208709717,-0.05159921571612358,0.26687732338905334,0.962348222732544,37.49708938598633,259.76531982421875,-6.852752208709717,38.265281677246094,254.63584899902344,-19.38852882385254,-0.05662460997700691,0.37810102105140686,0.9240309596061707,1112,53.2048225402832,15.300636291503906,56.91094207763672,263.7595520019531,104.58464050292969,53.745384216308594,270.3826599121094,45.59325408935547,0.05325065925717354,-0.11141317337751389,0.992346465587616,53.745384216308594,270.3826599121094,45.59325408935547,49.69269943237305,233.8816680908203,34.82171630859375,0.1058906838297844,0.9537171125411987,0.28144440054893494,49.69269943237305,233.8816680908203,34.82171630859375,48.86550521850586,225.34214782714844,55.70745086669922,0.03663518279790878,0.3782024681568146,-0.9249976277351379,48.86550521850586,225.34214782714844,55.70745086669922,49.41252136230469,229.66412353515625,69.9786605834961,-0.03666001185774803,-0.2896508276462555,-0.9564300775527954,1113,51.15785598754883,14.559525489807129,67.29672241210938,263.52960205078125,103.29708862304688,72.50833129882812,269.6976318359375,50.53858184814453,-0.09764524549245834,-0.11556484550237656,0.9884888529777527,72.50833129882812,269.6976318359375,50.53858184814453,66.875244140625,236.1139678955078,40.58847427368164,0.15878257155418396,0.9466391205787659,0.28046852350234985,66.875244140625,236.1139678955078,40.58847427368164,63.02901077270508,228.2322540283203,60.76057052612305,0.17485979199409485,0.35832324624061584,-0.917076051235199,63.02901077270508,228.2322540283203,60.76057052612305,62.271080017089844,232.39602661132812,74.97966766357422,0.05108874663710594,-0.280661404132843,-0.958446204662323,1114,40.1068115234375,12.93290901184082,77.6816177368164,257.2681579589844,103.37171173095703,89.27913665771484,264.9990234375,55.97174072265625,-0.23473554849624634,-0.15647388994693756,0.9593826532363892,89.27913665771484,264.9990234375,55.97174072265625,81.22706604003906,240.2786407470703,45.37294006347656,0.28679442405700684,0.8804776072502136,0.3775025010108948,81.22706604003906,240.2786407470703,45.37294006347656,76.9349594116211,233.86431884765625,58.8496208190918,0.27637189626693726,0.41302290558815,-0.8677733540534973,76.9349594116211,233.86431884765625,58.8496208190918,76.03999328613281,236.28570556640625,72.29042053222656,0.06539062410593033,-0.1769184172153473,-0.982050895690918
1,54.91525650024414,260.48980712890625,65.76203155517578,0.030839674174785614,0.256984144449234,-0.03258172795176506,-0.31620505452156067,0.18721196055412292,-0.9300355315208435,65.9791488647461,248.49281311035156,128.67665100097656,138.723876953125,205.4236602783203,342.6365051269531,1110,41.38172912597656,16.309661865234375,38.84268569946289,242.0683135986328,112.05803680419922,38.84268569946289,242.0683135986328,112.05803680419922,0.0,0.0,0.0,38.84268569946289,242.0683135986328,112.05803680419922,34.02522277832031,235.70770263671875,70.2804946899414,0.11326499283313751,0.14954647421836853,0.9822458624839783,34.02522277832031,235.70770263671875,70.2804946899414,42.19335174560547,229.02511596679688,45.34939193725586,-0.3017100691795349,0.24683788418769836,0.9208920001983643,42.19335174560547,229.02511596679688,45.34939193725586,55.08131408691406,223.43704223632812,33.18370819091797,-0.6935329437255859,0.30070799589157104,0.6546653509140015,1111,46.694664001464844,15.578988075256348,44.92434310913086,260.7400817871094,107.33499145507812,32.877342224121094,266.89404296875,46.126529693603516,0.19218148291110992,-0.09817193448543549,0.9764366149902344,32.877342224121094,266.89404296875,46.126529693603516,34.27826690673828,263.8386535644531,12.179288864135742,-0.041066884994506836,0.08956608176231384,0.9951338171958923,34.27826690673828,263.8386535644531,12.179288864135742,35.235313415527344,258.6457824707031,-6.27193546295166,-0.0498671755194664,0.27057600021362305,0.9614062309265137,35.235313415527344,258.6457824707031,-6.27193546295166,35.9774055480957,253.43873596191406,-18.77726173400879,-0.054700739681720734,0.3838193118572235,0.9217866063117981,1112,53.2048225402832,15.300636291503906,54.909236907958984,263.0480041503906,105.08777618408203,51.567466735839844,269.3884582519531,46.07505798339844,0.05621488019824028,-0.10665840655565262,0.9927052855491638,51.567466735839844,269.3884582519531,46.07505798339844,47.38301467895508,232.83387756347656,35.538204193115234,0.1093335747718811,0.955117404460907,0.27531248331069946,47.38301467895508,232.83387756347656,35.538204193115234,46.600223541259766,224.38406372070312,56.462100982666016,0.03466863930225372,0.3742294907569885,-0.9266877770423889,46.600223541259766,224.38406372070312,56.462100982666016,47.2037467956543,228.76011657714844,70.71453857421875,-0.040447019040584564,-0.29327499866485596,-0.9551721215248108,1113,51.15785598754883,14.559525489807129,65.29010009765625,262.78436279296875,103.76744079589844,70.34468078613281,268.678466796875,50.96236038208008,-0.09470313787460327,-0.11043253540992737,0.9893613457679749,70.34468078613281,268.678466796875,50.96236038208008,64.53971862792969,235.05023193359375,41.264739990234375,0.1636272370815277,0.9478951096534729,0.2733514606952667,64.53971862792969,235.05023193359375,41.264739990234375,60.90046691894531,227.2675018310547,61.513519287109375,0.16544993221759796,0.35382333397865295,-0.9205626249313354,60.90046691894531,227.2675018310547,61.513519287109375,60.307437896728516,231.5076904296875,75.71785736083984,0.039973460137844086,-0.2858123481273651,-0.957451581954956,1114,40.1068115234375,12.93290901184082,75.65877532958984,256.4960632324219,103.83905029296875,87.12088012695312,263.96258544921875,56.36382293701172,-0.23199474811553955,-0.1511235535144806,0.9609058499336243,87.12088012695312,263.96258544921875,56.36382293701172,78.91461181640625,239.2039794921875,45.97455978393555,0.2922864556312561,0.8818387389183044,0.3700391948223114,78.91461181640625,239.2039794921875,45.97455978393555,74.78182983398438,232.8264617919922,59.51834487915039,0.2661128044128418,0.41065293550491333,-0.8720940351486206,74.78182983398438,232.8264617919922,59.51834487915039,74.05299377441406,235.28819274902344,72.96185302734375,0.053252335637807846,-0.17986613512039185,-0.9822486042976379
1,52.67705154418945,259.5693664550781,66.37799835205078,0.030898025259375572,0.2497926652431488,-0.03670032322406769,-0.32608360052108765,0.19199824333190918,-0.9256382584571838,64.05644989013672,247.926025390625,129.29733276367188,139.0738067626953,203.75575256347656,342.2455749511719,1110,41.38172912597656,16.309661865234375,36.805599212646484,241.46331787109375,112.867431640625,36.805599212646484,241.46331787109375,112.867431640625,0.0,0.0,0.0,36.805599212646484,241.46331787109375,112.867431640625,31.716129302978516,234.7345733642578,71.1799087524414,0.11966024339199066,0.15820178389549255,0.9801294207572937,31.716129302978516,234.7345733642578,71.1799087524414,39.731781005859375,227.85299682617188,46.253448486328125,-0.2960779368877411,0.25418806076049805,0.9207205176353455,39.731781005859375,227.85299682617188,46.253448486328125,52.55894470214844,222.18495178222656,34.0605354309082,-0.6902612447738647,0.30501145124435425,0.6561306118965149,1111,46.694664001464844,15.578988075256348,42.8475456237793,260.1073913574219,107.98668670654297,30.555679321289062,265.8077392578125,46.782981872558594,0.19608773291110992,-0.0909356027841568,0.9763607382774353,30.555679321289062,265.8077392578125,46.782981872558594,31.92474937438965,262.6227111816406,12.846354484558105,-0.040133096277713776,0.09336632490158081,0.99482262134552,31.92474937438965,262.6227111816406,12.846354484558105,32.86762237548828,257.3611755371094,-5.586136341094971,-0.04912866652011871,0.27415382862091064,0.9604302048683167,32.86762237548828,257.3611755371094,-5.586136341094971,33.60264587402344,252.08367919921875,-18.06231117248535,-0.054179705679416656,0.38901233673095703,0.9196379780769348,1112,53.2048225402832,15.300636291503906,52.820987701416016,262.41021728515625,105.68406677246094,49.24260330200195,268.322509765625,46.640777587890625,0.06019517779350281,-0.09945591539144516,0.9932195544242859,49.24260330200195,268.322509765625,46.640777587890625,45.058597564697266,231.683837890625,36.39997863769531,0.10932191461324692,0.9573146104812622,0.26757702231407166,45.058597564697266,231.683837890625,36.39997863769531,44.36222457885742,223.34426879882812,57.37110900878906,0.03084130585193634,0.36934688687324524,-0.9287796020507812,44.36222457885742,223.34426879882812,57.37110900878906,45.013084411621094,227.79483032226562,71.5983657836914,-0.043619439005851746,-0.29826849699020386,-0.9534847736358643,1113,51.15785598754883,14.559525489807129,63.196929931640625,262.1486511230469,104.32523345947266,68.03947448730469,267.6685485839844,51.45987319946289,-0.09073040634393692,-0.10342136025428772,0.9904907941818237,68.03947448730469,267.6685485839844,51.45987319946289,62.190284729003906,233.9578094482422,42.08053970336914,0.16487394273281097,0.9502208828926086,0.2643797993659973,62.190284729003906,233.9578094482422,42.08053970336914,58.786094665527344,226.29380798339844,62.415306091308594,0.15476340055465698,0.34842559695243835,-0.9244717359542847,58.786094665527344,226.29380798339844,62.415306091308594,58.341243743896484,230.63304138183594,76.59513092041016,0.029985418543219566,-0.2924883961677551,-0.9557988047599792,1114,40.1068115234375,12.93290901184082,73.5729751586914,255.87258911132812,104.40162658691406,84.84191131591797,263.01031494140625,56.82968521118164,-0.2280850112438202,-0.14446866512298584,0.9628634452819824,84.84191131591797,263.01031494140625,56.82968521118164,76.56989288330078,238.1658935546875,46.70071029663086,0.29462841153144836,0.8848955631256104,0.36076849699020386,76.56989288330078,238.1658935546875,46.70071029663086,72.6365966796875,231.82662963867188,60.32164001464844,0.25326773524284363,0.40818971395492554,-0.8770613670349121,72.6365966796875,231.82662963867188,60.32164001464844,72.07865905761719,234.3445587158203,73.7629165649414,0.0407656654715538,-0.18397226929664612,-0.9820857644081116
1,50.44455337524414,258.70733642578125,66.99214935302734,0.028236014768481255,0.24312885105609894,-0.04277898743748665,-0.33600038290023804,0.19530467689037323,-0.921390175819397,62.25482940673828,247.39100646972656,129.8870849609375,139.5535888671875,202.46006774902344,341.8580322265625,1110,41.38172912597656,16.309661865234375,34.85330581665039,240.9320526123047,113.70350646972656,34.85330581665039,240.9320526123047,113.70350646972656,0.0,0.0,0.0,34.85330581665039,240.9320526123047,113.70350646972656,29.396377563476562,233.86614990234375,72.11837768554688,0.12829968333244324,0.16612882912158966,0.9777220487594604,29.396377563476562,233.86614990234375,72.11837768554688,37.209815979003906,226.7772674560547,47.18580627441406,-0.28860870003700256,0.2618454098701477,0.9209462404251099,37.209815979003906,226.7772674560547,47.18580627441406,49.956390380859375,221.00640869140625,34.95665740966797,-0.6859245300292969,0.31054410338401794,0.6580805778503418,1111,46.694664001464844,15.578988075256348,40.88206100463867,259.53656005859375,108.65823364257812,28.20432472229004,264.8356628417969,47.4972038269043,0.2022434026002884,-0.08453469723463058,0.9756800532341003,28.20432472229004,264.8356628417969,47.4972038269043,29.472301483154297,261.51904296875,13.569260597229004,-0.03716963902115822,0.09722383320331573,0.9945682287216187,29.472301483154297,261.51904296875,13.569260597229004,30.355440139770508,256.1927185058594,-4.8475775718688965,-0.046016186475753784,0.27752962708473206,0.9596144556999207,30.355440139770508,256.1927185058594,-4.8475775718688965,31.048709869384766,250.85081481933594,-17.298715591430664,-0.05110194534063339,0.39375969767570496,0.9177919030189514,1112,53.2048225402832,15.300636291503906,50.842803955078125,261.8136291503906,106.27637481689453,46.89239501953125,267.3304138183594,47.21853256225586,0.06645334511995316,-0.0928027406334877,0.993464469909668,46.89239501953125,267.3304138183594,47.21853256225586,42.60710144042969,230.625,37.26252365112305,0.11196838319301605,0.9590581655502319,0.26013579964637756,42.60710144042969,230.625,37.26252365112305,42.03106689453125,222.3795928955078,58.274497985839844,0.02551170065999031,0.36517661809921265,-0.9305886030197144,42.03106689453125,222.3795928955078,58.274497985839844,42.773380279541016,226.88885498046875,72.4787826538086,-0.049748457968235016,-0.30220234394073486,-0.9519447088241577,1113,51.15785598754883,14.559525489807129,61.20957565307617,261.5323181152344,104.85304260253906,65.71907806396484,266.6899108886719,51.92167663574219,-0.08449049293994904,-0.096633180975914,0.9917274713516235,65.71907806396484,266.6899108886719,51.92167663574219,59.73202133178711,232.916259765625,42.86099624633789,0.16875997185707092,0.9519937038421631,0.25539764761924744,59.73202133178711,232.916259765625,42.86099624633789,56.60384750366211,225.36631774902344,63.2825813293457,0.14221495389938354,0.34324008226394653,-0.9284185767173767,56.60384750366211,225.36631774902344,63.2825813293457,56.35531997680664,229.79705810546875,77.43888854980469,0.016752133145928383,-0.2986564636230469,-0.9542136192321777,1114,40.1068115234375,12.93290901184082,71.57977294921875,255.24635314941406,104.90554809570312,82.55098724365234,262.0509338378906,57.21535110473633,-0.22205911576747894,-0.13772578537464142,0.9652571082115173,82.55098724365234,262.0509338378906,57.21535110473633,74.12683868408203,237.1477508544922,47.35976028442383,0.3000469505786896,0.886988639831543,0.3510313332080841,74.12683868408203,237.1477508544922,47.35976028442383,70.45050811767578,230.83255004882812,61.06338882446289,0.23672164976596832,0.4066404700279236,-0.8823868036270142,70.45050811767578,230.83255004882812,61.06338882446289,70.1332778930664,233.38758850097656,74.50550079345703,0.02317839488387108,-0.18668362498283386,-0.9821465611457825
1,48.22977066040039,257.90240478515625,67.6669921875,0.030006084591150284,0.23415495455265045,-0.048970162868499756,-0.34624531865119934,0.1965380758047104,-0.9173259735107422,60.46569061279297,247.08485412597656,130.56256103515625,140.12135314941406,201.87017822265625,341.5985107421875,1110,41.38172912597656,16.309661865234375,32.952911376953125,240.4945526123047,114.61997985839844,32.952911376953125,240.4945526123047,114.61997985839844,0.0,0.0,0.0,32.952911376953125,240.4945526123047,114.61997985839844,27.192543029785156,232.97647094726562,73.15523529052734,0.13543395698070526,0.17676013708114624,0.9748914837837219,27.192543029785156,232.97647094726562,73.15523529052734,34.84241485595703,225.65968322753906,48.23778533935547,-0.28256696462631226,0.270263671875,0.9203876852989197,34.84241485595703,225.65968322753906,48.23778533935547,47.53410720825195,219.81288146972656,35.987648010253906,-0.682971179485321,0.31463077664375305,0.6592100262641907,1111,46.694664001464844,15.578988075256348,38.89412307739258,259.0723571777344,109.37632751464844,25.86305046081543,263.78668212890625,48.241695404052734,0.20788004994392395,-0.07520594447851181,0.9752589464187622,25.86305046081543,263.78668212890625,48.241695404052734,27.07969856262207,260.3580017089844,14.32300853729248,-0.03566497936844826,0.10050877928733826,0.9942967295646667,27.07969856262207,260.3580017089844,14.32300853729248,27.944122314453125,254.9980926513672,-4.084969520568848,-0.0450410395860672,0.27927955985069275,0.9591528177261353,27.944122314453125,254.9980926513672,-4.084969520568848,28.630727767944336,249.617431640625,-16.51976776123047,-0.0506107434630394,0.39661678671836853,0.9165880680084229,1112,53.2048225402832,15.300636291503906,48.83425521850586,261.35955810546875,106.91926574707031,44.54121017456055,266.33782958984375,47.83749008178711,0.07221712917089462,-0.08374392986297607,0.9938670992851257,44.54121017456055,266.33782958984375,47.83749008178711,40.31939697265625,229.5493621826172,38.16498565673828,0.11030975729227066,0.9612284302711487,0.25272828340530396,40.31939697265625,229.5493621826172,38.16498565673828,39.874114990234375,221.3930206298828,59.21486282348633,0.01972086913883686,0.36123207211494446,-0.9322673678398132,39.874114990234375,221.3930206298828,59.21486282348633,40.67369842529297,225.96792602539062,73.39501953125,-0.053586628288030624,-0.3066018521785736,-0.9503282904624939,1113,51.15785598754883,14.559525489807129,59.193885803222656,261.09832763671875,105.441162109375,63.395450592041016,265.7986755371094,52.441925048828125,-0.07872094959020615,-0.0880662053823471,0.9929991960525513,63.395450592041016,265.7986755371094,52.441925048828125,57.430931091308594,231.935791015625,43.70528793334961,0.16812478005886078,0.954509437084198,0.2462638020515442,57.430931091308594,231.935791015625,43.70528793334961,54.58298873901367,224.49095153808594,64.20630645751953,0.1294749230146408,0.33846190571784973,-0.9320300221443176,54.58298873901367,224.49095153808594,64.20630645751953,54.49213409423828,229.01766967773438,78.33411407470703,0.006124105304479599,-0.3051258325576782,-0.9522923231124878,1114,40.1068115234375,12.93290901184082,69.58432006835938,254.84584045410156,105.49214935302734,80.27102661132812,261.26019287109375,57.68341064453125,-0.2163006216287613,-0.12982749938964844,0.9676564335823059,80.27102661132812,261.26019287109375,57.68341064453125,71.81751251220703,236.25942993164062,48.103878021240234,0.30109289288520813,0.8904642462730408,0.3411988317966461,71.81751251220703,236.25942993164062,48.103878021240234,68.4130630493164,229.95306396484375,61.88161849975586,0.2192150056362152,0.4060715436935425,-0.8871588110923767,68.4130630493164,229.95306396484375,61.88161849975586,68.3134994506836,232.54920959472656,75.31922912597656,0.00727460440248251,-0.189687117934227,-0.9818176627159119
1,46.07553482055664,257.0282897949219,68.4478988647461,0.02943248488008976,0.22558093070983887,-0.05216556042432785,-0.3568856418132782,0.19559989869594574,-0.9134403467178345,58.59110641479492,246.68695068359375,131.36358642578125,140.69464111328125,201.6881103515625,341.5056457519531,1110,41.38172912597656,16.309661865234375,30.955350875854492,240.02122497558594,115.59806823730469,30.955350875854492,240.02122497558594,115.59806823730469,0.0,0.0,0.0,30.955350875854492,240.02122497558594,115.59806823730469,24.94684410095215,232.07017517089844,74.24946594238281,0.1412680298089981,0.1869398057460785,0.9721609354019165,24.94684410095215,232.07017517089844,74.24946594238281,32.447086334228516,224.507080078125,49.36008834838867,-0.2770400047302246,0.27936163544654846,0.9193507432937622,32.447086334228516,224.507080078125,49.36008834838867,45.07500076293945,218.54946899414062,37.09743881225586,-0.6795392036437988,0.3205937147140503,0.6598833799362183,1111,46.694664001464844,15.578988075256348,36.87467575073242,258.55462646484375,110.1756591796875,23.644493103027344,262.74005126953125,49.04529571533203,0.21105638146400452,-0.0667685866355896,0.9751908779144287,23.644493103027344,262.74005126953125,49.04529571533203,24.87972068786621,259.30694580078125,15.127731323242188,-0.036209624260663986,0.1006385087966919,0.9942639470100403,24.87972068786621,259.30694580078125,15.127731323242188,25.752071380615234,253.9973907470703,-3.2944655418395996,-0.04545406624674797,0.27665579319000244,0.959893524646759,25.752071380615234,253.9973907470703,-3.2944655418395996,26.44477653503418,248.64283752441406,-15.740195274353027,-0.05106034129858017,0.39469218254089355,0.9173935055732727,1112,53.2048225402832,15.300636291503906,46.80619812011719,260.8229675292969,107.66683197021484,42.32057571411133,265.2920227050781,48.558658599853516,0.0754566416144371,-0.07517795264720917,0.9943111538887024,42.32057571411133,265.2920227050781,48.558658599853516,38.07758331298828,228.44790649414062,39.10981750488281,0.11086314171552658,0.9626824855804443,0.2468843013048172,38.07758331298828,228.44790649414062,39.10981750488281,37.68629837036133,220.33473205566406,60.17744064331055,0.017329420894384384,0.3593202829360962,-0.9330533146858215,37.68629837036133,220.33473205566406,60.17744064331055,38.521854400634766,224.9453887939453,74.34394073486328,-0.05599742755293846,-0.3089977204799652,-0.9494127631187439,1113,51.15785598754883,14.559525489807129,57.16105651855469,260.5514831542969,106.157470703125,61.18976593017578,264.7969055175781,53.1064453125,-0.0754823163151741,-0.07954267412424088,0.9939695000648499,61.18976593017578,264.7969055175781,53.1064453125,55.16875076293945,230.871826171875,44.65449142456055,0.16971725225448608,0.9562625288963318,0.23823928833007812,55.16875076293945,230.871826171875,44.65449142456055,52.5389518737793,223.50653076171875,65.21330261230469,0.11955754458904266,0.334845632314682,-0.9346573948860168,52.5389518737793,223.50653076171875,65.21330261230469,52.59077072143555,228.11007690429688,79.31645965576172,-0.003492876887321472,-0.3103044629096985,-0.950630784034729,1114,40.1068115234375,12.93290901184082,67.55323791503906,254.30209350585938,106.22855377197266,78.08341217041016,260.3076477050781,58.33205795288086,-0.2131323665380478,-0.12155335396528244,0.969432532787323,78.08341217041016,260.3076477050781,58.33205795288086,69.55467224121094,235.2403564453125,48.996124267578125,0.30377212166786194,0.892833411693573,0.33252230286598206,69.55467224121094,235.2403564453125,48.996124267578125,66.35784912109375,228.9379425048828,62.825321197509766,0.20584571361541748,0.405816912651062,-0.8904718160629272,66.35784912109375,228.9379425048828,62.825321197509766,66.44193267822266,231.56646728515625,76.2567367553711,-0.006143558770418167,-0.192052960395813,-0.9813653230667114
1,43.92717361450195,256.12109375,69.23023223876953,0.028355678543448448,0.21674691140651703,-0.05564553290605545,-0.3672046363353729,0.19314421713352203,-0.9098659753799438,56.737220764160156,246.28221130371094,132.16278076171875,141.21469116210938,201.8483123779297,341.4825134277344,1110,41.38172912597656,16.309661865234375,28.975282669067383,239.53689575195312,116.58425903320312,28.975282669067383,239.53689575195312,116.58425903320312,0.0,0.0,0.0,28.975282669067383,239.53689575195312,116.58425903320312,22.697935104370117,231.14337158203125,75.36324310302734,0.1475888192653656,0.19734296202659607,0.9691611528396606,22.697935104370117,231.14337158203125,75.36324310302734,30.01612091064453,223.32577514648438,50.49831771850586,-0.2703153192996979,0.28876227140426636,0.9184475541114807,30.01612091064453,223.32577514648438,50.49831771850586,42.55161666870117,217.24758911132812,38.20006561279297,-0.674565851688385,0.3270821273326874,0.6617991924285889,1111,46.694664001464844,15.578988075256348,34.87822723388672,258.0201416015625,110.97591400146484,21.426836013793945,261.6650390625,49.85920715332031,0.21458524465560913,-0.05814574658870697,0.9749730229377747,21.426836013793945,261.6650390625,49.85920715332031,22.700525283813477,258.2494812011719,15.941290855407715,-0.03733709082007408,0.10012410581111908,0.9942741394042969,22.700525283813477,258.2494812011719,15.941290855407715,23.59109115600586,252.98118591308594,-2.4918675422668457,-0.0464031919836998,0.2745060622692108,0.9604650735855103,23.59109115600586,252.98118591308594,-2.4918675422668457,24.296335220336914,247.6383819580078,-14.94194221496582,-0.05198460444808006,0.39382612705230713,0.9177138209342957,1112,53.2048225402832,15.300636291503906,44.80097961425781,260.2639465332031,108.4109878540039,40.10149002075195,264.2085876464844,49.282108306884766,0.07905428111553192,-0.06635630875825882,0.9946593642234802,40.10149002075195,264.2085876464844,49.282108306884766,35.817726135253906,227.3249053955078,40.007652282714844,0.11192844808101654,0.9637163281440735,0.24232788383960724,35.817726135253906,227.3249053955078,40.007652282714844,35.479034423828125,219.2113800048828,61.076053619384766,0.015000145882368088,0.3593358099460602,-0.9330877661705017,35.479034423828125,219.2113800048828,61.076053619384766,36.35537338256836,223.8333740234375,75.23638916015625,-0.05873064324259758,-0.30975762009620667,-0.9489999413490295,1113,51.15785598754883,14.559525489807129,55.150238037109375,259.9768371582031,106.86650848388672,58.98698425292969,263.7498779296875,53.76557540893555,-0.07188567519187927,-0.07069208472967148,0.9949045777320862,58.98698425292969,263.7498779296875,53.76557540893555,52.910423278808594,229.77000427246094,45.57760238647461,0.17128294706344604,0.9578070640563965,0.23079833388328552,52.910423278808594,229.77000427246094,45.57760238647461,50.43605422973633,222.47543334960938,66.18087768554688,0.11249127984046936,0.33163025975227356,-0.9366787075996399,50.43605422973633,222.47543334960938,66.18087768554688,50.59476089477539,227.1520233154297,80.2591781616211,-0.010697710327804089,-0.315228134393692,-0.9489555954933167,1114,40.1068115234375,12.93290901184082,65.5414810180664,253.72613525390625,106.95539855957031,75.89868927001953,259.3036193847656,58.969505310058594,-0.20963147282600403,-0.1128891259431839,0.9712417721748352,75.89868927001953,259.3036193847656,58.969505310058594,67.28800201416016,234.17697143554688,49.8713493347168,0.3066907525062561,0.8949471712112427,0.3240531384944916,67.28800201416016,234.17697143554688,49.8713493347168,64.28009033203125,227.87158203125,63.74150085449219,0.19368165731430054,0.40600869059562683,-0.8931093215942383,64.28009033203125,227.87158203125,63.74150085449219,64.53573608398438,230.52487182617188,77.16587829589844,-0.018678734079003334,-0.19386237859725952,-0.9808509349822998
1,41.78626251220703,255.0994873046875,69.98286437988281,0.019703395664691925,0.2125447392463684,-0.05625182017683983,-0.37726160883903503,0.18903110921382904,-0.9066095948219299,54.761016845703125,245.47348022460938,132.91403198242188,141.55215454101562,201.98582458496094,341.484619140625,1110,41.38172912597656,16.309661865234375,26.81633758544922,238.8574981689453,117.44967651367188,26.81633758544922,238.8574981689453,117.44967651367188,0.0,0.0,0.0,26.81633758544922,238.8574981689453,117.44967651367188,20.309953689575195,230.25132751464844,76.30810546875,0.15297380089759827,0.20234259963035583,0.9672934412956238,20.309953689575195,230.25132751464844,76.30810546875,27.448192596435547,222.23001098632812,51.455753326416016,-0.2636685073375702,0.2962871491909027,0.9179830551147461,27.448192596435547,222.23001098632812,51.455753326416016,39.866336822509766,215.98574829101562,39.121700286865234,-0.6682509183883667,0.3360191583633423,0.6637257933616638,1111,46.694664001464844,15.578988075256348,32.854923248291016,257.2659912109375,111.74085235595703,19.28428840637207,260.7353210449219,50.64028549194336,0.21648746728897095,-0.055344972759485245,0.9747154116630554,19.28428840637207,260.7353210449219,50.64028549194336,20.59920310974121,257.5110168457031,16.705228805541992,-0.038545578718185425,0.09451767057180405,0.9947766661643982,20.59920310974121,257.5110168457031,16.705228805541992,21.482959747314453,252.3838653564453,-1.76801598072052,-0.04604839161038399,0.26715168356895447,0.9625537395477295,21.482959747314453,252.3838653564453,-1.76801598072052,22.170007705688477,247.11473083496094,-14.250456809997559,-0.05064336210489273,0.3883959949016571,0.9200999140739441,1112,53.2048225402832,15.300636291503906,42.789215087890625,259.4173889160156,109.14161682128906,37.97744369506836,263.1247863769531,50.00642013549805,0.08094308525323868,-0.06236542761325836,0.9947656989097595,37.97744369506836,263.1247863769531,50.00642013549805,33.37302017211914,226.2807159423828,40.7281494140625,0.12030680477619171,0.9626812934875488,0.2424275428056717,33.37302017211914,226.2807159423828,40.7281494140625,32.99406814575195,218.06594848632812,61.756591796875,0.0167832151055336,0.3638197183609009,-0.9313181042671204,32.99406814575195,218.06594848632812,61.756591796875,33.92932891845703,222.62661743164062,75.93303680419922,-0.0626794621348381,-0.30564767122268677,-0.9500793218612671,1113,51.15785598754883,14.559525489807129,53.13201141357422,259.0392761230469,107.5736312866211,56.86949920654297,262.533935546875,54.44657516479492,-0.0700259581208229,-0.06547629833221436,0.9953940510749817,56.86949920654297,262.533935546875,54.44657516479492,50.48223876953125,228.58883666992188,46.351348876953125,0.18004076182842255,0.9568267464637756,0.22818401455879211,50.48223876953125,228.58883666992188,46.351348876953125,48.07154846191406,221.28060913085938,66.95732879638672,0.10959630459547043,0.3322511911392212,-0.9368019104003906,48.07154846191406,221.28060913085938,66.95732879638672,48.35030746459961,225.95416259765625,81.03477478027344,-0.018789902329444885,-0.31502342224121094,-0.9488978981971741,1114,40.1068115234375,12.93290901184082,63.47252655029297,252.70504760742188,107.666748046875,73.75733184814453,257.9750671386719,59.63056182861328,-0.20816606283187866,-0.10666602104902267,0.9722598791122437,73.75733184814453,257.9750671386719,59.63056182861328,64.8823013305664,232.9021453857422,50.638893127441406,0.3161061704158783,0.8930341601371765,0.32026052474975586,64.8823013305664,232.9021453857422,50.638893127441406,61.983917236328125,226.54928588867188,64.51071166992188,0.1866290122270584,0.4090651571750641,-0.8932162523269653,61.983917236328125,226.54928588867188,64.51071166992188,62.40445327758789,229.15721130371094,77.9398193359375,-0.030726440250873566,-0.190547913312912,-0.981196939945221
1,39.807701110839844,254.3875732421875,70.84941101074219,0.009205332025885582,0.20677463710308075,-0.05655939504504204,-0.3867877721786499,0.18728643655776978,-0.9029501676559448,52.93368911743164,245.02566528320312,133.78656005859375,141.9163818359375,201.93939208984375,341.5152587890625,1110,41.38172912597656,16.309661865234375,24.796985626220703,238.5958709716797,118.455078125,24.796985626220703,238.5958709716797,118.455078125,0.0,0.0,0.0,24.796985626220703,238.5958709716797,118.455078125,18.000024795532227,229.72169494628906,77.41755676269531,0.15980565547943115,0.20864376425743103,0.9648470878601074,18.000024795532227,229.72169494628906,77.41755676269531,24.913837432861328,221.4426727294922,52.586280822753906,-0.25537875294685364,0.30580615997314453,0.9172045588493347,24.913837432861328,221.4426727294922,52.586280822753906,37.18327713012695,214.9885711669922,40.211490631103516,-0.6602486968040466,0.3473110795021057,0.6659178733825684,1111,46.694664001464844,15.578988075256348,31.0037841796875,256.9068908691406,112.61466217041016,17.3140869140625,260.12469482421875,51.526893615722656,0.21838682889938354,-0.051332470029592514,0.9745112657546997,17.3140869140625,260.12469482421875,51.526893615722656,18.65258026123047,257.0627746582031,17.577720642089844,-0.03923676535487175,0.0897575244307518,0.995190441608429,18.65258026123047,257.0627746582031,17.577720642089844,19.514711380004883,252.0640869140625,-0.9317218065261841,-0.04492157697677612,0.26045799255371094,0.9644396305084229,19.514711380004883,252.0640869140625,-0.9317218065261841,20.16997718811035,246.8624267578125,-13.44413948059082,-0.04830063506960869,0.38342225551605225,0.9223092794418335,1112,53.2048225402832,15.300636291503906,40.952369689941406,258.9428405761719,109.97737884521484,36.02840805053711,262.32391357421875,50.83185958862305,0.08283033967018127,-0.056876033544540405,0.994939386844635,36.02840805053711,262.32391357421875,50.83185958862305,31.035139083862305,225.5294189453125,41.5579833984375,0.1304667741060257,0.9613860249519348,0.2423127442598343,31.035139083862305,225.5294189453125,41.5579833984375,30.594097137451172,217.21206665039062,62.54484939575195,0.019533084705471992,0.36836302280426025,-0.9294767379760742,30.594097137451172,217.21206665039062,62.54484939575195,31.592687606811523,221.70291137695312,76.7392578125,-0.06692368537187576,-0.30096811056137085,-0.9512830376625061,1113,51.15785598754883,14.559525489807129,51.28690719604492,258.4518737792969,108.38636779785156,54.924808502197266,261.5731506347656,55.229156494140625,-0.06816008687019348,-0.05848056077957153,0.9959589242935181,54.924808502197266,261.5731506347656,55.229156494140625,48.17399978637695,227.66973876953125,47.25516128540039,0.19028829038143158,0.9556518197059631,0.22476685047149658,48.17399978637695,227.66973876953125,47.25516128540039,45.778873443603516,220.3716583251953,67.8665542602539,0.10888871550559998,0.33178985118865967,-0.9370478987693787,45.778873443603516,220.3716583251953,67.8665542602539,46.163516998291016,225.05172729492188,81.9393310546875,-0.025927122682332993,-0.31546276807785034,-0.948583722114563,1114,40.1068115234375,12.93290901184082,61.56416320800781,252.0157470703125,108.4942398071289,71.77953338623047,256.8792724609375,60.400394439697266,-0.20676065981388092,-0.09843850135803223,0.9734268188476562,71.77953338623047,256.8792724609375,60.400394439697266,62.608001708984375,231.865234375,51.54325485229492,0.3266667127609253,0.8909366726875305,0.3154688775539398,62.608001708984375,231.865234375,51.54325485229492,59.759212493896484,225.49493408203125,65.41735076904297,0.18343554437160492,0.41018810868263245,-0.893362820148468,59.759212493896484,225.49493408203125,65.41735076904297,60.30774688720703,228.07679748535156,78.84687805175781,-0.040078628808259964,-0.1886436641216278,-0.981227457523346
1,37.85720443725586,253.80979919433594,71.72279357910156,-0.0028994481544941664,0.20514371991157532,-0.055464111268520355,-0.39666420221328735,0.18511585891246796,-0.89910489320755,51.06576919555664,244.47645568847656,134.64630126953125,142.32058715820312,201.88951110839844,341.4903869628906,1110,41.38172912597656,16.309661865234375,22.727924346923828,238.30477905273438,119.38512420654297,22.727924346923828,238.30477905273438,119.38512420654297,0.0,0.0,0.0,22.727924346923828,238.30477905273438,119.38512420654297,15.68016242980957,229.32614135742188,78.41267395019531,0.16570229828357697,0.2110997587442398,0.9633170366287231,15.68016242980957,229.32614135742188,78.41267395019531,22.380739212036133,220.87295532226562,53.58163070678711,-0.24750246107578278,0.3122394382953644,0.9171963334083557,22.380739212036133,220.87295532226562,53.58163070678711,34.50234603881836,214.2364044189453,41.15774917602539,-0.6522935032844543,0.35712915658950806,0.6685596704483032,1111,46.694664001464844,15.578988075256348,29.142337799072266,256.52789306640625,113.49425506591797,15.405791282653809,259.768310546875,52.4182014465332,0.21913419663906097,-0.05169321596622467,0.9743243455886841,15.405791282653809,259.768310546875,52.4182014465332,16.788055419921875,257.0067443847656,18.445032119750977,-0.040519874542951584,0.08095291256904602,0.9958939552307129,16.788055419921875,257.0067443847656,18.445032119750977,17.634525299072266,252.21656799316406,-0.12018616497516632,-0.044105544686317444,0.24959345161914825,0.9673457741737366,17.634525299072266,252.21656799316406,-0.12018616497516632,18.25833511352539,247.1429443359375,-12.686670303344727,-0.045981958508491516,0.3739843964576721,0.9262943863868713,1112,53.2048225402832,15.300636291503906,39.11056137084961,258.44012451171875,110.83861541748047,34.14378356933594,261.7447204589844,51.69234848022461,0.08355056494474411,-0.05558953434228897,0.9949517250061035,34.14378356933594,261.7447204589844,51.69234848022461,28.663516998291016,225.06080627441406,42.25676345825195,0.14319126307964325,0.9584964513778687,0.24653787910938263,28.663516998291016,225.06080627441406,42.25676345825195,28.228151321411133,216.5396728515625,63.161842346191406,0.019281689077615738,0.3773881196975708,-0.9258543848991394,28.228151321411133,216.5396728515625,63.161842346191406,29.353200912475586,220.8878173828125,77.39117431640625,-0.0753987580537796,-0.291404664516449,-0.9536237120628357,1113,51.15785598754883,14.559525489807129,49.43633270263672,257.823486328125,109.23448944091797,53.03615951538086,260.78076171875,56.065311431884766,-0.06744672358036041,-0.0554078109562397,0.9961830973625183,53.03615951538086,260.78076171875,56.065311431884766,45.86177444458008,226.97064208984375,48.0650634765625,0.20222780108451843,0.9530219435691833,0.22550679743289948,45.86177444458008,226.97064208984375,48.0650634765625,43.46669006347656,219.59732055664062,68.64966583251953,0.10888680815696716,0.33521050214767456,-0.9358299374580383,43.46669006347656,219.59732055664062,68.64966583251953,43.96390151977539,224.21827697753906,82.73844909667969,-0.03351480886340141,-0.3114780783653259,-0.9496620893478394,1114,40.1068115234375,12.93290901184082,59.637001037597656,251.2666778564453,109.34293365478516,69.84152221679688,255.8998565673828,61.22404861450195,-0.20654107630252838,-0.09377624839544296,0.9739336371421814,69.84152221679688,255.8998565673828,61.22404861450195,60.36840057373047,230.9890899658203,52.39334487915039,0.3374086618423462,0.8872585892677307,0.31452736258506775,60.36840057373047,230.9890899658203,52.39334487915039,57.4333610534668,224.59417724609375,66.23810577392578,0.1889893114566803,0.41177302598953247,-0.8914741277694702,57.4333610534668,224.59417724609375,66.23810577392578,58.005977630615234,227.12966918945312,79.67546081542969,-0.04183818772435188,-0.1852555274963379,-0.981799304485321
1,35.868858337402344,253.14529418945312,72.4979476928711,-0.01591324433684349,0.20292358100414276,-0.05369700491428375,-0.4063167870044708,0.1833568662405014,-0.8951463103294373,49.124874114990234,243.86102294921875,135.4173126220703,142.60031127929688,201.6787567138672,341.3507080078125,1110,41.38172912597656,16.309661865234375,20.586294174194336,237.9738006591797,120.21867370605469,20.586294174194336,237.9738006591797,120.21867370605469,0.0,0.0,0.0,20.586294174194336,237.9738006591797,120.21867370605469,13.322507858276367,228.89053344726562,79.30706024169922,0.17078131437301636,0.21355974674224854,0.9618866443634033,13.322507858276367,228.89053344726562,79.30706024169922,19.820253372192383,220.25196838378906,54.48590850830078,-0.2400103211402893,0.31908679008483887,0.9168306589126587,19.820253372192383,220.25196838378906,54.48590850830078,31.784671783447266,213.41700744628906,42.01730728149414,-0.6438347697257996,0.3678060472011566,0.6709660887718201,1111,46.694664001464844,15.578988075256348,27.228485107421875,256.095947265625,114.26910400390625,13.47776985168457,259.3354797363281,53.196189880371094,0.21936023235321045,-0.0516791008412838,0.9742742776870728,13.47776985168457,259.3354797363281,53.196189880371094,14.907578468322754,256.82952880859375,19.205175399780273,-0.04191359877586365,0.07345977425575256,0.9964170455932617,14.907578468322754,256.82952880859375,19.205175399780273,15.738471031188965,252.22705078125,0.5918405652046204,-0.043293897062540054,0.2398134469985962,0.9698531627655029,15.738471031188965,252.22705078125,0.5918405652046204,16.32884407043457,247.26268005371094,-12.019810676574707,-0.04351728782057762,0.3659312427043915,0.9296238422393799,1112,53.2048225402832,15.300636291503906,37.21794509887695,257.8724365234375,111.5989990234375,32.2388916015625,261.06915283203125,52.44784164428711,0.08375708758831024,-0.05377480760216713,0.9950342178344727,32.2388916015625,261.06915283203125,52.44784164428711,26.230022430419922,224.507568359375,42.86054611206055,0.15700291097164154,0.9553003907203674,0.25050193071365356,26.230022430419922,224.507568359375,42.86054611206055,25.79547691345215,215.78846740722656,63.6838493347168,0.019245365634560585,0.3861558437347412,-0.9222327470779419,25.79547691345215,215.78846740722656,63.6838493347168,27.055072784423828,219.9935302734375,77.94487762451172,-0.08441579341888428,-0.2818155586719513,-0.9557478427886963,1113,51.15785598754883,14.559525489807129,47.53345489501953,257.11871337890625,109.9874496459961,51.12141036987305,259.8755187988281,56.806697845458984,-0.06722430139780045,-0.051651787012815475,0.996399998664856,51.12141036987305,259.8755187988281,56.806697845458984,43.504337310791016,226.1671600341797,48.78633117675781,0.21470607817173004,0.950153648853302,0.22607390582561493,43.504337310791016,226.1671600341797,48.78633117675781,41.05125045776367,218.7357940673828,69.34320831298828,0.11152376234531403,0.33784937858581543,-0.9345695376396179,41.05125045776367,218.7357940673828,69.34320831298828,41.63167190551758,223.3011474609375,83.44692993164062,-0.03912362456321716,-0.30773013830184937,-0.9506690502166748,1114,40.1068115234375,12.93290901184082,57.649261474609375,250.43186950683594,110.1058349609375,67.86756896972656,254.79434204101562,61.96458053588867,-0.20682013034820557,-0.08829712122678757,0.9743865132331848,67.86756896972656,254.79434204101562,61.96458053588867,58.0739631652832,229.99658203125,53.16547775268555,0.34882351756095886,0.8832336068153381,0.31340181827545166,58.0739631652832,229.99658203125,53.16547775268555,55.0384635925293,223.5897979736328,66.98306274414062,0.19545798003673553,0.4125373959541321,-0.8897241353988647,55.0384635925293,223.5897979736328,66.98306274414062,55.62921905517578,226.08407592773438,80.42735290527344,-0.0431634746491909,-0.18224412202835083,-0.9823054075241089
1,33.86979675292969,252.53794860839844,73.30261993408203,-0.022456126287579536,0.19989998638629913,-0.05495315417647362,-0.41561710834503174,0.1805426925420761,-0.8914408087730408,47.30881881713867,243.40322875976562,136.2032470703125,142.92385864257812,201.86837768554688,341.2841796875,1110,41.38172912597656,16.309661865234375,18.616853713989258,237.6195068359375,121.1125259399414,18.616853713989258,237.6195068359375,121.1125259399414,0.0,0.0,0.0,18.616853713989258,237.6195068359375,121.1125259399414,11.114995002746582,228.35198974609375,80.28528594970703,0.17637872695922852,0.21789172291755676,0.9599030017852783,11.114995002746582,228.35198974609375,80.28528594970703,17.430816650390625,219.55368041992188,55.47328186035156,-0.23329046368598938,0.3249872624874115,0.9164925813674927,17.430816650390625,219.55368041992188,55.47328186035156,29.279674530029297,212.59495544433594,42.96286392211914,-0.6376163363456726,0.374466210603714,0.6732165217399597,1111,46.694664001464844,15.578988075256348,25.353269577026367,255.6810760498047,115.08517456054688,11.467662811279297,258.798583984375,54.036434173583984,0.221512109041214,-0.04973248392343521,0.973888635635376,11.467662811279297,258.798583984375,54.036434173583984,12.926955223083496,256.5289306640625,20.030078887939453,-0.0427778922021389,0.0665329173207283,0.9968668222427368,12.926955223083496,256.5289306640625,20.030078887939453,13.75528335571289,252.11766052246094,1.370383620262146,-0.04316026344895363,0.22985044121742249,0.9722685217857361,13.75528335571289,252.11766052246094,1.370383620262146,14.333416938781738,247.28025817871094,-11.291077613830566,-0.042615097016096115,0.3565722107887268,0.9332953691482544,1112,53.2048225402832,15.300636291503906,35.34647750854492,257.3881530761719,112.38399505615234,30.236957550048828,260.4162292480469,53.23508834838867,0.0859517753124237,-0.0509379617869854,0.9949963688850403,30.236957550048828,260.4162292480469,53.23508834838867,23.938501358032227,223.9425506591797,43.500038146972656,0.16456946730613708,0.9530039429664612,0.25436264276504517,23.938501358032227,223.9425506591797,43.500038146972656,23.568918228149414,215.02662658691406,64.2410888671875,0.016368279233574867,0.39487284421920776,-0.9185898900032043,23.568918228149414,215.02662658691406,64.2410888671875,24.939598083496094,219.09429931640625,78.53169250488281,-0.09186044335365295,-0.2726079225540161,-0.9577299356460571,1113,51.15785598754883,14.559525489807129,45.653133392333984,256.5666198730469,110.74906921386719,49.12290573120117,259.1230773925781,57.55046844482422,-0.06501000374555588,-0.04789804667234421,0.9967343807220459,49.12290573120117,259.1230773925781,57.55046844482422,41.28837966918945,225.46717834472656,49.51926803588867,0.22083553671836853,0.9486749172210693,0.22637929022312164,41.28837966918945,225.46717834472656,49.51926803588867,38.83116912841797,217.97177124023438,70.0523910522461,0.11171122640371323,0.34076082706451416,-0.9334895610809326,38.83116912841797,217.97177124023438,70.0523910522461,39.467041015625,222.4908905029297,84.1686019897461,-0.04286130145192146,-0.30461376905441284,-0.9515110850334167,1114,40.1068115234375,12.93290901184082,55.7286376953125,249.8191680908203,110.86458587646484,65.85108184814453,253.95806884765625,62.68335723876953,-0.20487985014915466,-0.08377199620008469,0.975195586681366,65.85108184814453,253.95806884765625,62.68335723876953,55.894287109375,229.21014404296875,53.92718505859375,0.3546358048915863,0.8814584016799927,0.311872661113739,55.894287109375,229.21014404296875,53.92718505859375,52.82192611694336,222.77264404296875,67.72232055664062,0.19783160090446472,0.4145154058933258,-0.8882790207862854,52.82192611694336,222.77264404296875,67.72232055664062,53.432647705078125,225.2290802001953,81.17267608642578,-0.04462232440710068,-0.17947931587696075,-0.9827492237091064
1,31.862415313720703,251.95338439941406,74.04839324951172,-0.034292757511138916,0.20172427594661713,-0.05395730957388878,-0.4245139956474304,0.17661480605602264,-0.8880287408828735,45.375282287597656,242.67578125,136.91346740722656,143.03709411621094,202.0445556640625,341.20941162109375,1110,41.38172912597656,16.309661865234375,16.501628875732422,237.15426635742188,121.86085510253906,16.501628875732422,237.15426635742188,121.86085510253906,0.0,0.0,0.0,16.501628875732422,237.15426635742188,121.86085510253906,8.776400566101074,227.96322631835938,81.0579833984375,0.18163041770458221,0.21609359979629517,0.9593299031257629,8.776400566101074,227.96322631835938,81.0579833984375,14.920785903930664,219.09500122070312,56.227840423583984,-0.22695815563201904,0.3275699317455292,0.917163074016571,14.920785903930664,219.09500122070312,56.227840423583984,26.641359329223633,212.00848388671875,43.66840744018555,-0.6307129263877869,0.38134294748306274,0.6758540272712708,1111,46.694664001464844,15.578988075256348,23.438369750976562,255.14405822753906,115.84608459472656,9.508551597595215,258.49591064453125,54.81983947753906,0.22221739590168,-0.05347089841961861,0.9735298156738281,9.508551597595215,258.49591064453125,54.81983947753906,11.010188102722168,256.5948486328125,20.792726516723633,-0.04401915892958641,0.055727969855070114,0.9974750876426697,11.010188102722168,256.5948486328125,20.792726516723633,11.827118873596191,252.47195434570312,2.066704273223877,-0.04256640374660492,0.21482455730438232,0.9757246375083923,11.827118873596191,252.47195434570312,2.066704273223877,12.377182006835938,247.83602905273438,-10.671150207519531,-0.040545981377363205,0.3417210280895233,0.9389263987541199,1112,53.2048225402832,15.300636291503906,33.447044372558594,256.73876953125,113.1335220336914,28.29421043395996,259.8974609375,53.99520492553711,0.08668040484189987,-0.05313515663146973,0.9948182106018066,28.29421043395996,259.8974609375,53.99520492553711,21.52320671081543,223.60293579101562,43.91392135620117,0.17691642045974731,0.9483228325843811,0.26340916752815247,21.52320671081543,223.60293579101562,43.91392135620117,21.11482048034668,214.384521484375,64.5215835571289,0.018086807802319527,0.40826961398124695,-0.9126821756362915,21.11482048034668,214.384521484375,64.5215835571289,22.583940505981445,218.23240661621094,78.8631820678711,-0.09845773130655289,-0.25787821412086487,-0.9611476063728333,1113,51.15785598754883,14.559525489807129,43.741329193115234,255.8001708984375,111.4837646484375,47.16967010498047,258.380859375,58.283653259277344,-0.06423375010490417,-0.04835204780101776,0.9967628121376038,47.16967010498047,258.380859375,58.283653259277344,38.948299407958984,224.8636016845703,50.06161880493164,0.23173969984054565,0.9447669386863708,0.23175841569900513,38.948299407958984,224.8636016845703,50.06161880493164,36.40016174316406,217.2169647216797,70.52778625488281,0.11584502458572388,0.3476361632347107,-0.930445671081543,36.40016174316406,217.2169647216797,70.52778625488281,37.08485412597656,221.61280822753906,84.68059539794922,-0.04615206643939018,-0.29630425572395325,-0.9539778828620911,1114,40.1068115234375,12.93290901184082,53.738304138183594,248.93658447265625,111.57766723632812,63.843833923339844,253.01661682128906,63.38786697387695,-0.2045375108718872,-0.08258049935102463,0.9753691554069519,63.843833923339844,253.01661682128906,63.38786697387695,53.59938049316406,228.41714477539062,54.54563522338867,0.3648815155029297,0.8761709928512573,0.31493791937828064,53.59938049316406,228.41714477539062,54.54563522338867,50.43621826171875,221.90159606933594,68.28349304199219,0.20367830991744995,0.4195409119129181,-0.8845906257629395,50.43621826171875,221.90159606933594,68.28349304199219,51.062313079833984,224.2528533935547,81.7519302368164,-0.04574555903673172,-0.17179439961910248,-0.9840701222419739
1,29.7945499420166,251.3181610107422,74.78958892822266,-0.042839888483285904,0.20236048102378845,-0.05410324037075043,-0.4327378571033478,0.17394353449344635,-0.8845798969268799,43.42481231689453,241.973876953125,137.6190643310547,142.9785614013672,201.9571990966797,341.1216125488281,1110,41.38172912597656,16.309661865234375,14.399969100952148,236.6356201171875,122.62710571289062,14.399969100952148,236.6356201171875,122.62710571289062,0.0,0.0,0.0,14.399969100952148,236.6356201171875,122.62710571289062,6.499804973602295,227.48886108398438,81.84778594970703,0.18574340641498566,0.2150525152683258,0.9587762355804443,6.499804973602295,227.48886108398438,81.84778594970703,12.506648063659668,218.56422424316406,57.00419998168945,-0.22187763452529907,0.3296535909175873,0.9176594614982605,12.506648063659668,218.56422424316406,57.00419998168945,24.13299560546875,211.38177490234375,44.4117317199707,-0.6256425976753235,0.3865054249763489,0.6776319742202759,1111,46.694664001464844,15.578988075256348,21.472688674926758,254.56927490234375,116.60308074951172,7.460110664367676,258.047119140625,55.60284423828125,0.2235376536846161,-0.05548080801963806,0.9731149673461914,7.460110664367676,258.047119140625,55.60284423828125,9.014334678649902,256.4998474121094,21.560171127319336,-0.04556072875857353,0.045356929302215576,0.9979313611984253,9.014334678649902,256.4998474121094,21.560171127319336,9.838086128234863,252.67503356933594,2.7712924480438232,-0.04292178526520729,0.19929292798042297,0.9789994955062866,9.838086128234863,252.67503356933594,2.7712924480438232,10.379030227661133,248.25062561035156,-10.041948318481445,-0.039873819798231125,0.3261299133300781,0.9444836974143982,1112,53.2048225402832,15.300636291503906,31.4891357421875,256.0826416015625,113.8726577758789,26.255077362060547,259.295166015625,54.7443733215332,0.08804675191640854,-0.054040729999542236,0.9946494698524475,26.255077362060547,259.295166015625,54.7443733215332,19.15265655517578,223.144775390625,44.377296447753906,0.18557585775852203,0.9445567727088928,0.27087655663490295,19.15265655517578,223.144775390625,44.377296447753906,18.690000534057617,213.67991638183594,64.87178802490234,0.020490333437919617,0.41918423771858215,-0.9076699614524841,18.690000534057617,213.67991638183594,64.87178802490234,20.21305274963379,217.34811401367188,79.2547836303711,-0.10207218676805496,-0.24583593010902405,-0.9639222025871277,1113,51.15785598754883,14.559525489807129,41.77239227294922,255.06019592285156,112.20404815673828,45.125247955322266,257.6233825683594,58.99827575683594,-0.06281944364309311,-0.04802412539720535,0.9968687891960144,45.125247955322266,257.6233825683594,58.99827575683594,36.63240051269531,224.2136688232422,50.61606216430664,0.2393919974565506,0.9417357444763184,0.23627351224422455,36.63240051269531,224.2136688232422,50.61606216430664,34.01169204711914,216.4307098388672,71.02159118652344,0.1191442534327507,0.3538336455821991,-0.9276886582374573,34.01169204711914,216.4307098388672,71.02159118652344,34.723655700683594,220.71315002441406,85.2077865600586,-0.04799029231071472,-0.2886601686477661,-0.9562281370162964,1114,40.1068115234375,12.93290901184082,51.713050842285156,248.11505126953125,112.27853393554688,61.76420974731445,252.1219482421875,64.07122802734375,-0.20343703031539917,-0.0811002179980278,0.975723385810852,61.76420974731445,252.1219482421875,64.07122802734375,51.31393814086914,227.63351440429688,55.16189956665039,0.372212290763855,0.8722161650657654,0.3173277676105499,51.31393814086914,227.63351440429688,55.16189956665039,48.08705520629883,221.04330444335938,68.84923553466797,0.20778128504753113,0.42434829473495483,-0.8813372850418091,48.08705520629883,221.04330444335938,68.84923553466797,48.723018646240234,223.2984161376953,82.3336410522461,-0.04646661505103111,-0.16476954519748688,-0.9852369427680969
1,27.686569213867188,250.73577880859375,75.53919219970703,-0.05030205100774765,0.19740530848503113,-0.05629684776067734,-0.4410834312438965,0.17372268438339233,-0.8804917931556702,41.544498443603516,241.61764526367188,138.34837341308594,143.01820373535156,201.65176391601562,340.9104309082031,1110,41.38172912597656,16.309661865234375,12.367165565490723,236.4139862060547,123.51002502441406,12.367165565490723,236.4139862060547,123.51002502441406,0.0,0.0,0.0,12.367165565490723,236.4139862060547,123.51002502441406,4.236572265625,227.06671142578125,82.82157897949219,0.1911611407995224,0.21976694464683533,0.95663982629776,4.236572265625,227.06671142578125,82.82157897949219,10.077587127685547,217.95314025878906,58.007049560546875,-0.21575230360031128,0.33663225173950195,0.9165858626365662,10.077587127685547,217.95314025878906,58.007049560546875,21.599138259887695,210.62098693847656,45.40453338623047,-0.6200029850006104,0.39456120133399963,0.6781724095344543,1111,46.694664001464844,15.578988075256348,19.539302825927734,254.26670837402344,117.3643798828125,5.328516006469727,257.5138244628906,56.397281646728516,0.2266995757818222,-0.05180007591843605,0.9725862145423889,5.328516006469727,257.5138244628906,56.397281646728516,6.88823127746582,256.1012878417969,22.3490047454834,-0.04572169482707977,0.041407279670238495,0.9980956315994263,6.88823127746582,256.1012878417969,22.3490047454834,7.697277545928955,252.41357421875,3.53210186958313,-0.04215557873249054,0.1921493262052536,0.9804598689079285,7.697277545928955,252.41357421875,3.53210186958313,8.21665096282959,248.0846710205078,-9.314614295959473,-0.03828379884362221,0.31908997893333435,0.9469507932662964,1112,53.2048225402832,15.300636291503906,29.555763244628906,255.69732666015625,114.58976745605469,24.128259658813477,258.62945556640625,55.46435546875,0.09130086749792099,-0.04932394623756409,0.9946011304855347,24.128259658813477,258.62945556640625,55.46435546875,16.7309627532959,222.56224060058594,45.01410675048828,0.19328051805496216,0.9423834681510925,0.2730496823787689,16.7309627532959,222.56224060058594,45.01410675048828,16.245296478271484,212.95382690429688,65.44114685058594,0.021509427577257156,0.4255421757698059,-0.9046828150749207,16.245296478271484,212.95382690429688,65.44114685058594,17.830671310424805,216.5121612548828,79.8449935913086,-0.10624892264604568,-0.2384730726480484,-0.9653195142745972,1113,51.15785598754883,14.559525489807129,39.825706481933594,254.5961151123047,112.88959503173828,43.00203323364258,256.8521728515625,59.65909194946289,-0.05951198562979698,-0.04226973280310631,0.9973322153091431,43.00203323364258,256.8521728515625,59.65909194946289,34.26567077636719,223.4972381591797,51.309059143066406,0.24625609815120697,0.9401918053627014,0.23536644876003265,34.26567077636719,223.4972381591797,51.309059143066406,31.632843017578125,215.6803741455078,71.70006561279297,0.11969521641731262,0.3553750216960907,-0.9270283579826355,31.632843017578125,215.6803741455078,71.70006561279297,32.39883041381836,219.91864013671875,85.8967056274414,-0.051631804555654526,-0.28568264842033386,-0.9569323658943176,1114,40.1068115234375,12.93290901184082,49.71926498413086,247.58404541015625,112.96550750732422,59.62168884277344,251.26492309570312,64.70145416259766,-0.20042657852172852,-0.07450152933597565,0.976871907711029,59.62168884277344,251.26492309570312,64.70145416259766,48.984745025634766,226.82643127441406,55.87631607055664,0.3788611590862274,0.8704375624656677,0.31432920694351196,48.984745025634766,226.82643127441406,55.87631607055664,45.72539520263672,220.22952270507812,69.55272674560547,0.20987187325954437,0.4247796833515167,-0.8806338906288147,45.72539520263672,220.22952270507812,69.55272674560547,46.386470794677734,222.4525909423828,83.04124450683594,-0.04830143228173256,-0.16242828965187073,-0.9855374097824097
1,25.591726303100586,250.33599853515625,76.33675384521484,-0.05161241069436073,0.19322168827056885,-0.05839204415678978,-0.45012083649635315,0.1742096245288849,-0.8758094906806946,39.65840530395508,241.43394470214844,139.12501525878906,143.21121215820312,201.35604858398438,340.60986328125,1110,41.38172912597656,16.309661865234375,10.370970726013184,236.2324676513672,124.40355682373047,10.370970726013184,236.2324676513672,124.40355682373047,0.0,0.0,0.0,10.370970726013184,236.2324676513672,124.40355682373047,2.0936431884765625,226.69003295898438,83.7900619506836,0.194611057639122,0.22435541450977325,0.9548776745796204,2.0936431884765625,226.69003295898438,83.7900619506836,7.834807395935059,217.45372009277344,58.99762725830078,-0.21206411719322205,0.34116607904434204,0.9157699346542358,7.834807395935059,217.45372009277344,58.99762725830078,19.291793823242188,210.05445861816406,46.37549591064453,-0.6165288090705872,0.3981725573539734,0.6792281270027161,1111,46.694664001464844,15.578988075256348,17.544811248779297,254.0523681640625,118.16529846191406,3.1953506469726562,257.052734375,57.218048095703125,0.22891181707382202,-0.04786377027630806,0.9722697138786316,3.1953506469726562,257.052734375,57.218048095703125,4.809537887573242,255.82005310058594,23.165321350097656,-0.04731849208474159,0.036134976893663406,0.99822598695755,4.809537887573242,255.82005310058594,23.165321350097656,5.647867202758789,252.26663208007812,4.323879718780518,-0.04368138313293457,0.18515199422836304,0.9817385673522949,5.647867202758789,252.26663208007812,4.323879718780518,6.186046600341797,248.02305603027344,-8.55049991607666,-0.03967001661658287,0.31280040740966797,0.9489900469779968,1112,53.2048225402832,15.300636291503906,27.556079864501953,255.4620819091797,115.36139678955078,21.99386978149414,258.1473693847656,56.236778259277344,0.0935668796300888,-0.04517160728573799,0.994587779045105,21.99386978149414,258.1473693847656,56.236778259277344,14.528818130493164,222.13302612304688,45.65315628051758,0.19505076110363007,0.9410015344619751,0.27653437852859497,14.528818130493164,222.13302612304688,45.65315628051758,14.043292999267578,212.35494995117188,65.99952697753906,0.021503182128071785,0.43305638432502747,-0.9011103510856628,14.043292999267578,212.35494995117188,65.99952697753906,15.646987915039062,215.79432678222656,80.43022155761719,-0.10747666656970978,-0.23050068318843842,-0.967118501663208,1113,51.15785598754883,14.559525489807129,37.82105255126953,254.3443145751953,113.64212036132812,40.875736236572266,256.370849609375,60.395263671875,-0.05723286420106888,-0.03796936571598053,0.9976385235786438,40.875736236572266,256.370849609375,60.395263671875,32.10063552856445,223.03102111816406,52.02553176879883,0.24734801054000854,0.9397658705711365,0.2359216809272766,32.10063552856445,223.03102111816406,52.02553176879883,29.482629776000977,215.13851928710938,72.38928985595703,0.11902137845754623,0.3588137626647949,-0.9257896542549133,29.482629776000977,215.13851928710938,72.38928985595703,30.263805389404297,219.3167724609375,86.6028823852539,-0.05265556648373604,-0.28163743019104004,-0.9580749273300171,1114,40.1068115234375,12.93290901184082,47.708473205566406,247.3236846923828,113.7249526977539,57.502044677734375,250.79005432128906,65.4228286743164,-0.19822342693805695,-0.07015986740589142,0.9776425957679749,57.502044677734375,250.79005432128906,65.4228286743164,46.83469772338867,226.35073852539062,56.636741638183594,0.37994396686553955,0.8704667091369629,0.31293824315071106,46.83469772338867,226.35073852539062,56.636741638183594,43.562416076660156,219.710205078125,70.28892517089844,0.21070463955402374,0.42758888006210327,-0.879074215888977,43.562416076660156,219.710205078125,70.28892517089844,44.2144889831543,221.88304138183594,83.78606414794922,-0.04764365032315254,-0.15875810384750366,-0.986167311668396
1,23.454988479614258,249.6400146484375,77.22364044189453,-0.056389011442661285,0.1836589276790619,-0.06229804456233978,-0.45992377400398254,0.1748587191104889,-0.8705713748931885,37.8502082824707,241.22705078125,139.99752807617188,143.65823364257812,200.99981689453125,340.2773132324219,1110,41.38172912597656,16.309661865234375,8.4091796875,236.0711669921875,125.49898529052734,8.4091796875,236.0711669921875,125.49898529052734,0.0,0.0,0.0,8.4091796875,236.0711669921875,125.49898529052734,-0.11546584218740463,226.14242553710938,85.02950286865234,0.20042580366134644,0.23343797028064728,0.9514915943145752,-0.11546584218740463,226.14242553710938,85.02950286865234,5.454901695251465,216.63194274902344,60.301849365234375,-0.2057553082704544,0.3512932360172272,0.9133771061897278,5.454901695251465,216.63194274902344,60.301849365234375,16.82599449157715,209.0604705810547,47.70418930053711,-0.6119065284729004,0.40743955969810486,0.677911102771759,1111,46.694664001464844,15.578988075256348,15.623531341552734,253.79994201660156,119.05132293701172,0.9939610362052917,256.2580261230469,58.14638900756836,0.2333802729845047,-0.03921293467283249,0.9715945720672607,0.9939610362052917,256.2580261230469,58.14638900756836,2.6319596767425537,255.0586395263672,24.093610763549805,-0.0480164997279644,0.035158973187208176,0.998227596282959,2.6319596767425537,255.0586395263672,24.093610763549805,3.475801467895508,251.61349487304688,5.232314109802246,-0.04396860674023628,0.1795102059841156,0.9827730655670166,3.475801467895508,251.61349487304688,5.232314109802246,4.0118231773376465,247.4518585205078,-7.668871879577637,-0.03951098397374153,0.30676060914993286,0.9509662389755249,1112,53.2048225402832,15.300636291503906,25.626741409301758,255.14187622070312,116.18607330322266,19.791744232177734,257.2676086425781,57.064979553222656,0.098155677318573,-0.03575883433222771,0.9945284724235535,19.791744232177734,257.2676086425781,57.064979553222656,12.14897346496582,221.28053283691406,46.51551818847656,0.19969430565834045,0.9402891397476196,0.27564185857772827,12.14897346496582,221.28053283691406,46.51551818847656,11.612150192260742,211.41033935546875,66.81607818603516,0.023775091394782066,0.4371359646320343,-0.8990811705589294,11.612150192260742,211.41033935546875,66.81607818603516,13.234393119812012,214.79051208496094,81.25868225097656,-0.10871973633766174,-0.2265329509973526,-0.96791672706604,1113,51.15785598754883,14.559525489807129,35.87884521484375,253.9661407470703,114.42909240722656,38.686153411865234,255.45645141601562,61.15092086791992,-0.0525980181992054,-0.0279226154088974,0.9982253313064575,38.686153411865234,255.45645141601562,61.15092086791992,29.765483856201172,222.12091064453125,52.91916275024414,0.2514512836933136,0.9396452307701111,0.23203261196613312,29.765483856201172,222.12091064453125,52.91916275024414,27.138696670532227,214.24330139160156,73.28755950927734,0.1194205954670906,0.3581366539001465,-0.9260004162788391,27.138696670532227,214.24330139160156,73.28755950927734,27.948549270629883,218.4149169921875,87.50149536132812,-0.05458856746554375,-0.28119006752967834,-0.958098292350769,1114,40.1068115234375,12.93290901184082,45.738670349121094,246.90708923339844,114.53410339355469,55.314151763916016,249.8588104248047,66.15411376953125,-0.19380922615528107,-0.05974329262971878,0.9792184233665466,55.314151763916016,249.8588104248047,66.15411376953125,44.52445602416992,225.4139404296875,57.534446716308594,0.38430166244506836,0.8706644177436829,0.3070107400417328,44.52445602416992,225.4139404296875,57.534446716308594,41.24340057373047,218.79055786132812,71.19285583496094,0.2112695723772049,0.42648446559906006,-0.8794749975204468,41.24340057373047,218.79055786132812,71.19285583496094,41.91584396362305,220.9589385986328,84.68971252441406,-0.04913201555609703,-0.15843254327774048,-0.9861465692520142
1,21.353296279907227,249.05540466308594,78.14230346679688,-0.05775367096066475,0.17862005531787872,-0.06618683785200119,-0.47019946575164795,0.17624974250793457,-0.8647823333740234,36.06731414794922,240.89939880371094,140.8691864013672,144.23931884765625,200.35215759277344,339.8171691894531,1110,41.38172912597656,16.309661865234375,6.495200157165527,235.74473571777344,126.54749298095703,6.495200157165527,235.74473571777344,126.54749298095703,0.0,0.0,0.0,6.495200157165527,235.74473571777344,126.54749298095703,-2.2231690883636475,225.63409423828125,86.16441345214844,0.2049805372953415,0.2377147227525711,0.9494602680206299,-2.2231690883636475,225.63409423828125,86.16441345214844,3.1972386837005615,216.0075225830078,61.44835662841797,-0.2002161741256714,0.35558125376701355,0.912948727607727,3.1972386837005615,216.0075225830078,61.44835662841797,14.490034103393555,208.36529541015625,48.82301330566406,-0.6076929569244385,0.4112469553947449,0.679400622844696,1111,46.694664001464844,15.578988075256348,13.695223808288574,253.4351806640625,119.97964477539062,-1.1808171272277832,255.59120178222656,59.12299346923828,0.2373121827840805,-0.03439423441886902,0.9708244204521179,-1.1808171272277832,255.59120178222656,59.12299346923828,0.5231980085372925,254.60569763183594,25.06659507751465,-0.04995172470808029,0.02888919971883297,0.9983336925506592,0.5231980085372925,254.60569763183594,25.06659507751465,1.404587745666504,251.33506774902344,6.17596960067749,-0.04592505469918251,0.17041707038879395,0.9843012094497681,1.404587745666504,251.33506774902344,6.17596960067749,1.9658246040344238,247.28759765625,-6.760421276092529,-0.04136962443590164,0.2983451783657074,0.9535610675811768,1112,53.2048225402832,15.300636291503906,23.687578201293945,254.7554168701172,117.06683349609375,17.613082885742188,256.58209228515625,57.95987319946289,0.1021844893693924,-0.030728131532669067,0.9942907094955444,17.613082885742188,256.58209228515625,57.95987319946289,9.936969757080078,220.63807678222656,47.288578033447266,0.20056559145450592,0.9391644597053528,0.2788253128528595,9.936969757080078,220.63807678222656,47.288578033447266,9.336159706115723,210.6068878173828,67.50826263427734,0.02660897746682167,0.44426631927490234,-0.8954995274543762,9.336159706115723,210.6068878173828,67.50826263427734,10.933257102966309,213.8865966796875,81.976806640625,-0.10703454911708832,-0.21980009973049164,-0.9696553945541382,1113,51.15785598754883,14.559525489807129,33.931636810302734,253.5635223388672,115.274169921875,36.52275466918945,254.77871704101562,61.978065490722656,-0.04854745417833328,-0.022768013179302216,0.9985613226890564,36.52275466918945,254.77871704101562,61.978065490722656,27.571489334106445,221.45848083496094,53.71756362915039,0.25231361389160156,0.9392135739326477,0.23284274339675903,27.571489334106445,221.45848083496094,53.71756362915039,24.951265335083008,213.4925079345703,74.05240631103516,0.11912224441766739,0.3621540069580078,-0.9244751930236816,24.951265335083008,213.4925079345703,74.05240631103516,25.769041061401367,217.59555053710938,88.28583526611328,-0.055122628808021545,-0.27656787633895874,-0.9594122171401978,1114,40.1068115234375,12.93290901184082,43.78702163696289,246.49822998046875,115.37522888183594,53.167213439941406,249.1951904296875,66.94214630126953,-0.18985655903816223,-0.05458690598607063,0.9802932143211365,53.167213439941406,249.1951904296875,66.94214630126953,42.34307098388672,224.75344848632812,58.35688018798828,0.38552865386009216,0.870553195476532,0.30578553676605225,42.34307098388672,224.75344848632812,58.35688018798828,39.064273834228516,218.0688018798828,71.98595428466797,0.21112415194511414,0.4304293096065521,-0.8775860667228699,39.064273834228516,218.0688018798828,71.98595428466797,39.7376708984375,220.1642608642578,85.49427032470703,-0.04920171946287155,-0.15310460329055786,-0.986984372138977
1,19.29337501525879,248.5677490234375,79.0609130859375,-0.057180531322956085,0.17892059683799744,-0.06902241706848145,-0.4810527265071869,0.17906662821769714,-0.8582094311714172,34.26613235473633,240.37403869628906,141.7147674560547,144.93499755859375,199.1787567138672,339.150634765625,1110,41.38172912597656,16.309661865234375,4.577199459075928,235.22532653808594,127.50069427490234,4.577199459075928,235.22532653808594,127.50069427490234,0.0,0.0,0.0,4.577199459075928,235.22532653808594,127.50069427490234,-4.280091285705566,225.15037536621094,87.13893127441406,0.20824675261974335,0.23687559366226196,0.9489591121673584,-4.280091285705566,225.15037536621094,87.13893127441406,1.0264686346054077,215.5576171875,62.38505172729492,-0.19601093232631683,0.3543322682380676,0.9143458008766174,1.0264686346054077,215.5576171875,62.38505172729492,12.253786087036133,207.93406677246094,49.690216064453125,-0.6041696071624756,0.4102419912815094,0.6831403374671936,1111,46.694664001464844,15.578988075256348,11.74139404296875,252.92547607421875,120.91983795166016,-3.297746181488037,255.08644104003906,60.103458404541016,0.23991401493549347,-0.03447309881448746,0.9701818823814392,-3.297746181488037,255.08644104003906,60.103458404541016,-1.498320460319519,254.4481658935547,26.04368782043457,-0.05274859815835953,0.018710479140281677,0.998432457447052,-1.498320460319519,254.4481658935547,26.04368782043457,-0.5592592358589172,251.39898681640625,7.118829250335693,-0.04893004149198532,0.15887831151485443,0.9860849380493164,-0.5592592358589172,251.39898681640625,7.118829250335693,0.044180892407894135,247.50338745117188,-5.862210750579834,-0.04448048397898674,0.2871505320072174,0.95685213804245,1112,53.2048225402832,15.300636291503906,21.72463035583496,254.25711059570312,117.98106384277344,15.491969108581543,256.0973205566406,58.890987396240234,0.10484513640403748,-0.030955808237195015,0.9940066933631897,15.491969108581543,256.0973205566406,58.890987396240234,7.858195781707764,220.23165893554688,47.92961120605469,0.1994592845439911,0.9371170401573181,0.28640463948249817,7.858195781707764,220.23165893554688,47.92961120605469,7.198058128356934,209.9695281982422,68.03121185302734,0.029236504808068275,0.4544943571090698,-0.8902696967124939,7.198058128356934,209.9695281982422,68.03121185302734,8.751859664916992,213.093505859375,82.53887939453125,-0.10413294285535812,-0.20936328172683716,-0.9722774028778076,1113,51.15785598754883,14.559525489807129,31.965150833129883,253.07650756835938,116.16091918945312,34.41407012939453,254.31231689453125,62.85856246948242,-0.04588320478796959,-0.023154251277446747,0.99867844581604,34.41407012939453,254.31231689453125,62.85856246948242,25.491544723510742,221.0332794189453,54.40324020385742,0.2515036165714264,0.9380525946617126,0.2383343130350113,25.491544723510742,221.0332794189453,54.40324020385742,22.891870498657227,212.8892822265625,74.67008972167969,0.11818797886371613,0.37024739384651184,-0.9213839173316956,22.891870498657227,212.8892822265625,74.67008972167969,23.7092342376709,216.85951232910156,88.94115447998047,-0.055094871670007706,-0.2676156461238861,-0.9619492888450623,1114,40.1068115234375,12.93290901184082,41.828121185302734,246.02145385742188,116.23352813720703,51.0774040222168,248.74449157714844,67.7767333984375,-0.1872069388628006,-0.055114712566137314,0.9807731509208679,51.0774040222168,248.74449157714844,67.7767333984375,40.27060317993164,224.3289337158203,59.09563064575195,0.38491091132164,0.8696204423904419,0.30919891595840454,40.27060317993164,224.3289337158203,59.09563064575195,36.993717193603516,217.52374267578125,72.66537475585938,0.21100114285945892,0.43819135427474976,-0.8737660050392151,36.993717193603516,217.52374267578125,72.66537475585938,37.65217208862305,219.4913330078125,86.19364929199219,-0.04810995236039162,-0.14376182854175568,-0.9884422421455383
1,17.20414161682129,247.90357971191406,79.89686584472656,-0.058429472148418427,0.17987389862537384,-0.07242054492235184,-0.4931431710720062,0.18250328302383423,-0.850589394569397,32.484046936035156,239.61952209472656,142.4571990966797,145.93438720703125,197.6336212158203,338.1400146484375,1110,41.38172912597656,16.309661865234375,2.6492302417755127,234.52822875976562,128.37628173828125,2.6492302417755127,234.52822875976562,128.37628173828125,0.0,0.0,0.0,2.6492302417755127,234.52822875976562,128.37628173828125,-6.379524230957031,224.46336364746094,88.05000305175781,0.2122780680656433,0.2366384118795395,0.9481246471405029,-6.379524230957031,224.46336364746094,88.05000305175781,-1.1955753564834595,214.8784637451172,63.26711654663086,-0.19148199260234833,0.3540419936180115,0.9154172539710999,-1.1955753564834595,214.8784637451172,63.26711654663086,9.976690292358398,207.2554473876953,50.52349090576172,-0.6012072563171387,0.4102133512496948,0.6857659816741943,1111,46.694664001464844,15.578988075256348,9.801387786865234,252.22962951660156,121.78572082519531,-5.449105262756348,254.45272827148438,61.02423858642578,0.2432856410741806,-0.035464297980070114,0.9693061113357544,-5.449105262756348,254.45272827148438,61.02423858642578,-3.55141282081604,254.12367248535156,26.965410232543945,-0.05562920123338699,0.009645983576774597,0.9984049201011658,-3.55141282081604,254.12367248535156,26.965410232543945,-2.558542251586914,251.25059509277344,8.015761375427246,-0.05173379182815552,0.14970248937606812,0.9873766899108887,-2.558542251586914,251.25059509277344,8.015761375427246,-1.9196105003356934,247.45510864257812,-4.993209362030029,-0.047096628695726395,0.2797710597515106,0.9589108824729919,1112,53.2048225402832,15.300636291503906,19.775108337402344,253.55763244628906,118.81318664550781,13.33687973022461,255.45301818847656,59.74689865112305,0.10830316692590714,-0.03188396990299225,0.9936065673828125,13.33687973022461,255.45301818847656,59.74689865112305,5.684670448303223,219.68997192382812,48.467689514160156,0.19994096457958221,0.9344357848167419,0.29470914602279663,5.684670448303223,219.68997192382812,48.467689514160156,4.953371047973633,209.20016479492188,68.4489517211914,0.03238814324140549,0.46457767486572266,-0.8849398493766785,4.953371047973633,209.20016479492188,68.4489517211914,6.474207878112793,212.17723083496094,82.990966796875,-0.10192368179559708,-0.19951748847961426,-0.9745790958404541,1113,51.15785598754883,14.559525489807129,30.008459091186523,252.37225341796875,116.95619201660156,32.271629333496094,253.65283203125,63.64668273925781,-0.04240299016237259,-0.023993054404854774,0.9988124966621399,32.271629333496094,253.65283203125,63.64668273925781,23.32452392578125,220.43585205078125,54.975948333740234,0.2521962821483612,0.9363027215003967,0.2444060891866684,23.32452392578125,220.43585205078125,54.975948333740234,20.72352409362793,212.11627197265625,75.17118072509766,0.11824827641248703,0.37822994589805603,-0.918128252029419,20.72352409362793,212.11627197265625,75.17118072509766,21.541698455810547,215.94921875,89.47968292236328,-0.05514950677752495,-0.25836193561553955,-0.9644727110862732,1114,40.1068115234375,12.93290901184082,39.867225646972656,245.31101989746094,116.98817443847656,48.9485969543457,248.07037353515625,68.50167846679688,-0.1838083565235138,-0.05584974214434624,0.9813741445541382,48.9485969543457,248.07037353515625,68.50167846679688,38.11155319213867,223.7068634033203,59.71274948120117,0.3859882056713104,0.8677668571472168,0.31303951144218445,38.11155319213867,223.7068634033203,59.71274948120117,34.838722229003906,216.78318786621094,73.2234115600586,0.21073997020721436,0.44582051038742065,-0.8699613213539124,34.838722229003906,216.78318786621094,73.2234115600586,35.49702453613281,218.6127471923828,86.77105712890625,-0.04809877648949623,-0.13367652893066406,-0.9898570775985718
1,15.203716278076172,247.29867553710938,80.73780059814453,-0.05278442054986954,0.17696106433868408,-0.07626534253358841,-0.5054605603218079,0.18520508706569672,-0.8427388072013855,30.797903060913086,239.18714904785156,143.2319793701172,147.08192443847656,196.57968139648438,337.1087341308594,1110,41.38172912597656,16.309661865234375,0.8654212355613708,233.95675659179688,129.29092407226562,0.8654212355613708,233.95675659179688,129.29092407226562,0.0,0.0,0.0,0.8654212355613708,233.95675659179688,129.29092407226562,-8.289966583251953,223.74676513671875,89.02973937988281,0.21525542438030243,0.2400505691766739,0.9465943574905396,-8.289966583251953,223.74676513671875,89.02973937988281,-3.186755418777466,214.13963317871094,64.23870086669922,-0.18849971890449524,0.35486316680908203,0.9157182574272156,-3.186755418777466,214.13963317871094,64.23870086669922,7.955531597137451,206.5523223876953,51.447608947753906,-0.599593997001648,0.40829193592071533,0.6883202791213989,1111,46.694664001464844,15.578988075256348,7.89092493057251,251.6848602294922,122.6362075805664,-7.541424751281738,253.66188049316406,61.912147521972656,0.2461867481470108,-0.031538695096969604,0.9687091112136841,-7.541424751281738,253.66188049316406,61.912147521972656,-5.523606300354004,253.56002807617188,27.858787536621094,-0.05915059149265289,0.0029857149347662926,0.99824458360672,-5.523606300354004,253.56002807617188,27.858787536621094,-4.446353912353516,250.8203125,8.894002914428711,-0.056130535900592804,0.14275364577770233,0.9881653785705566,-4.446353912353516,250.8203125,8.894002914428711,-3.737952709197998,247.10841369628906,-4.135475158691406,-0.05221731588244438,0.27360963821411133,0.9604223966598511,1112,53.2048225402832,15.300636291503906,17.848054885864258,253.0662384033203,119.6325454711914,11.234477996826172,254.77362060546875,60.57989501953125,0.11125284433364868,-0.028721390292048454,0.9933770298957825,11.234477996826172,254.77362060546875,60.57989501953125,3.812678337097168,219.00872802734375,49.15353775024414,0.19392070174217224,0.9344840049743652,0.2985539138317108,3.812678337097168,219.00872802734375,49.15353775024414,3.0745506286621094,208.374755859375,69.05818939208984,0.03269056975841522,0.4709627032279968,-0.881547212600708,3.0745506286621094,208.374755859375,69.05818939208984,4.536417484283447,211.27818298339844,83.62112426757812,-0.09797163307666779,-0.19458235800266266,-0.9759811758995056,1113,51.15785598754883,14.559525489807129,28.083269119262695,251.93870544433594,117.74996948242188,30.190628051757812,253.09889221191406,64.43132019042969,-0.0394836962223053,-0.02173737995326519,0.9989837408065796,30.190628051757812,253.09889221191406,64.43132019042969,21.44463539123535,219.85279846191406,55.66752624511719,0.2465275079011917,0.9371236562728882,0.24702927470207214,21.44463539123535,219.85279846191406,55.66752624511719,18.891843795776367,211.41091918945312,75.81810760498047,0.11605661362409592,0.3837900161743164,-0.9160983562469482,18.891843795776367,211.41091918945312,75.81810760498047,19.680631637573242,215.16189575195312,90.14996337890625,-0.05316869542002678,-0.2528367340564728,-0.9660469889640808,1114,40.1068115234375,12.93290901184082,37.98506546020508,244.93789672851562,117.7720947265625,46.91481399536133,247.630615234375,69.25370788574219,-0.18073952198028564,-0.05450104922056198,0.9820197820663452,46.91481399536133,247.630615234375,69.25370788574219,36.21742248535156,223.21763610839844,60.43101119995117,0.3810140788555145,0.8695286512374878,0.3142421841621399,36.21742248535156,223.21763610839844,60.43101119995117,32.98548126220703,216.1984100341797,73.90215301513672,0.20810706913471222,0.4519731104373932,-0.8674166798591614,32.98548126220703,216.1984100341797,73.90215301513672,33.62167739868164,217.9383087158203,87.46265411376953,-0.04648361727595329,-0.127125546336174,-0.9907968640327454
1,13.23757553100586,246.72940063476562,81.63655090332031,-0.05487852916121483,0.1780642867088318,-0.07898134738206863,-0.5184651613235474,0.18608583509922028,-0.8346052765846252,29.115510940551758,238.53590393066406,144.040771484375,148.3913116455078,195.725830078125,336.0463562011719,1110,41.38172912597656,16.309661865234375,-0.9767853021621704,233.36392211914062,130.21961975097656,-0.9767853021621704,233.36392211914062,130.21961975097656,0.0,0.0,0.0,-0.9767853021621704,233.36392211914062,130.21961975097656,-10.342988967895508,223.23292541503906,89.98697662353516,0.2202119678258896,0.23819327354431152,0.9459232091903687,-10.342988967895508,223.23292541503906,89.98697662353516,-5.421745300292969,213.66152954101562,65.14537811279297,-0.18177829682826996,0.35354316234588623,0.9175858497619629,-5.421745300292969,213.66152954101562,65.14537811279297,5.605529308319092,206.0706329345703,52.257118225097656,-0.59340500831604,0.4084849953651428,0.6935492753982544,1111,46.694664001464844,15.578988075256348,6.056596755981445,251.08731079101562,123.5606918334961,-9.553594589233398,253.14596557617188,62.884822845458984,0.24902381002902985,-0.03284098580479622,0.9679404497146606,-9.553594589233398,253.14596557617188,62.884822845458984,-7.440466403961182,253.4388427734375,28.83835220336914,-0.06194451078772545,-0.008585439994931221,0.998042643070221,-7.440466403961182,253.4388427734375,28.83835220336914,-6.312041282653809,250.9532470703125,9.841562271118164,-0.05879690498113632,0.12951265275478363,0.9898329973220825,-6.312041282653809,250.9532470703125,9.841562271118164,-5.569430351257324,247.43798828125,-3.240438222885132,-0.05473897606134415,0.2591150403022766,0.9642940759658813,1112,53.2048225402832,15.300636291503906,16.006879806518555,252.4559783935547,120.52864837646484,9.219970703125,254.22962951660156,61.49762725830078,0.11416863650083542,-0.02983616292476654,0.993013322353363,9.219970703125,254.22962951660156,61.49762725830078,1.7538864612579346,218.5692901611328,49.77712631225586,0.1950778067111969,0.9317522048950195,0.30623945593833923,1.7538864612579346,218.5692901611328,49.77712631225586,0.9280439019203186,207.71768188476562,69.56050109863281,0.036575328558683395,0.4806014597415924,-0.8761759996414185,0.9280439019203186,207.71768188476562,69.56050109863281,2.35390305519104,210.4794921875,84.15451049804688,-0.09555850923061371,-0.1850915402173996,-0.9780641794204712,1113,51.15785598754883,14.559525489807129,26.234657287597656,251.31422424316406,118.61449432373047,28.184873580932617,252.52163696289062,65.2909164428711,-0.03653945401310921,-0.022622209042310715,0.9990760684013367,28.184873580932617,252.52163696289062,65.2909164428711,19.38257598876953,219.34877014160156,56.3087272644043,0.24811460077762604,0.9350595474243164,0.25318530201911926,19.38257598876953,219.34877014160156,56.3087272644043,16.817792892456055,210.722900390625,76.37970733642578,0.11660178005695343,0.3921546936035156,-0.9124794602394104,16.817792892456055,210.722900390625,76.37970733642578,17.609155654907227,214.32687377929688,90.74909210205078,-0.05334226042032242,-0.2429278939962387,-0.9685766100883484,1114,40.1068115234375,12.93290901184082,36.1254997253418,244.29794311523438,118.6004867553711,44.91477966308594,247.0226593017578,70.05824279785156,-0.1778964102268219,-0.055148687213659286,0.9825026988983154,44.91477966308594,247.0226593017578,70.05824279785156,34.16752243041992,222.6736297607422,61.120182037353516,0.38279014825820923,0.867250919342041,0.318351149559021,34.16752243041992,222.6736297607422,61.120182037353516,30.923770904541016,215.5335693359375,74.52481842041016,0.20886753499507904,0.45975372195243835,-0.8631343841552734,30.923770904541016,215.5335693359375,74.52481842041016,31.553638458251953,217.13003540039062,88.1032485961914,-0.04602121561765671,-0.11664564907550812,-0.9921067357063293
1,11.294913291931152,246.1604461669922,82.44989776611328,-0.06957199424505234,0.17700545489788055,-0.07801411300897598,-0.5316557884216309,0.18962575495243073,-0.8254600167274475,27.30565071105957,237.88685607910156,144.79908752441406,149.61602783203125,194.2624053955078,334.70074462890625,1110,41.38172912597656,16.309661865234375,-3.0305230617523193,233.10694885253906,131.08514404296875,-3.0305230617523193,233.10694885253906,131.08514404296875,0.0,0.0,0.0,-3.0305230617523193,233.10694885253906,131.08514404296875,-12.63180160522461,223.01370239257812,90.89845275878906,0.22573889791965485,0.23730571568012238,0.9448428750038147,-12.63180160522461,223.01370239257812,90.89845275878906,-7.937771320343018,213.32073974609375,66.06001281738281,-0.1733855903148651,0.35803350806236267,0.9174690842628479,-7.937771320343018,213.32073974609375,66.06001281738281,2.925198793411255,205.54286193847656,53.14373016357422,-0.5845632553100586,0.4185468256473541,0.6950570940971375,1111,46.694664001464844,15.578988075256348,4.246864318847656,250.7124786376953,124.37596893310547,-11.432250022888184,252.8646240234375,63.72112274169922,0.2501233220100403,-0.034332405775785446,0.9676051139831543,-11.432250022888184,252.8646240234375,63.72112274169922,-9.246684074401855,253.41122436523438,29.682353973388672,-0.06406795978546143,-0.01602311246097088,0.9978168606758118,-9.246684074401855,253.41122436523438,29.682353973388672,-8.114165306091309,251.07717895507812,10.666592597961426,-0.05901020020246506,0.12161607295274734,0.9908214807510376,-8.114165306091309,251.07717895507812,10.666592597961426,-7.393702507019043,247.66616821289062,-2.4442145824432373,-0.0531063936650753,0.2514307200908661,0.9664172530174255,1112,53.2048225402832,15.300636291503906,14.210836410522461,251.93080139160156,121.3248062133789,7.35267972946167,253.6741943359375,62.301116943359375,0.11536715179681778,-0.029327163472771645,0.992889940738678,7.35267972946167,253.6741943359375,62.301116943359375,-0.6133712530136108,218.19264221191406,50.369056701660156,0.20814117789268494,0.9270806908607483,0.3117671608924866,-0.6133712530136108,218.19264221191406,50.369056701660156,-1.6650975942611694,207.2068634033203,70.06748962402344,0.04657936841249466,0.4865435063838959,-0.8724137544631958,-1.6650975942611694,207.2068634033203,70.06748962402344,-0.23983800411224365,209.85865783691406,84.68195343017578,-0.09551830589771271,-0.17771844565868378,-0.9794347882270813,1113,51.15785598754883,14.559525489807129,24.417896270751953,250.6374053955078,119.3965835571289,26.297203063964844,251.70086669921875,66.06739044189453,-0.035210881382226944,-0.01992511935532093,0.9991812109947205,26.297203063964844,251.70086669921875,66.06739044189453,17.035371780395508,218.6943817138672,56.93561935424805,0.2610677182674408,0.9303697347640991,0.25740164518356323,17.035371780395508,218.6943817138672,56.93561935424805,14.301084518432617,209.99951171875,76.95439147949219,0.12430783361196518,0.3952914774417877,-0.9101055860519409,14.301084518432617,209.99951171875,76.95439147949219,15.104485511779785,213.49107360839844,91.35083770751953,-0.054153699427843094,-0.23535071313381195,-0.9704006314277649,1114,40.1068115234375,12.93290901184082,34.20642852783203,243.47906494140625,119.38192749023438,42.95387268066406,245.97134399414062,70.81963348388672,-0.17704962193965912,-0.0504441112279892,0.982908308506012,42.95387268066406,245.97134399414062,70.81963348388672,31.858905792236328,221.80535888671875,61.80994415283203,0.3951747417449951,0.8607314229011536,0.32090240716934204,31.858905792236328,221.80535888671875,61.80994415283203,28.498231887817383,214.64047241210938,75.1724624633789,0.2163962572813034,0.46135228872299194,-0.8604223728179932,28.498231887817383,214.64047241210938,75.1724624633789,29.125530242919922,216.13279724121094,88.76284790039062,-0.04583350941538811,-0.10903660953044891,-0.9929805994033813
1,9.368549346923828,245.91775512695312,83.31990814208984,-0.08398182690143585,0.1850629299879074,-0.07559270411729813,-0.5440095663070679,0.19615930318832397,-0.8158279061317444,25.41724395751953,237.03712463378906,145.56680297851562,150.56967163085938,191.9095916748047,333.2525634765625,1110,41.38172912597656,16.309661865234375,-5.140490531921387,232.730712890625,131.86460876464844,-5.140490531921387,232.730712890625,131.86460876464844,0.0,0.0,0.0,-5.140490531921387,232.730712890625,131.86460876464844,-14.9047212600708,223.0343017578125,91.61951446533203,0.22957012057304382,0.22797559201717377,0.9462159872055054,-14.9047212600708,223.0343017578125,91.61951446533203,-10.363914489746094,213.4394073486328,66.71461486816406,-0.16772596538066864,0.354411244392395,0.9199243187904358,-10.363914489746094,213.4394073486328,66.71461486816406,0.36680513620376587,205.59571838378906,53.72776794433594,-0.577446460723877,0.42208823561668396,0.6988542079925537,1111,46.694664001464844,15.578988075256348,2.3876941204071045,250.27687072753906,125.2777099609375,-13.261034965515137,253.07701110839844,64.64147186279297,0.24963858723640442,-0.04466963931918144,0.9673082828521729,-13.261034965515137,253.07701110839844,64.64147186279297,-11.047785758972168,254.18605041503906,30.618175506591797,-0.06487947702407837,-0.03251052647829056,0.9973633885383606,-11.047785758972168,254.18605041503906,30.618175506591797,-9.936695098876953,252.15145874023438,11.566784858703613,-0.05789368227124214,0.10601295530796051,0.9926779866218567,-9.936695098876953,252.15145874023438,11.566784858703613,-9.257641792297363,248.9171905517578,-1.5909388065338135,-0.05005404353141785,0.23840278387069702,0.9698756337165833,1112,53.2048225402832,15.300636291503906,12.367969512939453,251.37388610839844,122.23381805419922,5.533504009246826,253.62779235839844,63.22467041015625,0.11496862024068832,-0.03791496157646179,0.9926453232765198,5.533504009246826,253.62779235839844,63.22467041015625,-2.935955762863159,218.4395294189453,50.7817268371582,0.22129450738430023,0.9194174408912659,0.32511577010154724,-2.935955762863159,218.4395294189453,50.7817268371582,-4.181915283203125,207.1840057373047,70.31585693359375,0.05518167093396187,0.49849018454551697,-0.8651372194290161,-4.181915283203125,207.1840057373047,70.31585693359375,-2.740719795227051,209.60501098632812,84.96876525878906,-0.09658627957105637,-0.1622513383626938,-0.9820110201835632,1113,51.15785598754883,14.559525489807129,22.5554256439209,249.9481658935547,120.29524230957031,24.447996139526367,251.35748291015625,66.97454071044922,-0.03545939549803734,-0.026405109092593193,0.9990221858024597,24.447996139526367,251.35748291015625,66.97454071044922,14.737339973449707,218.6107635498047,57.385276794433594,0.27371904253959656,0.9230478405952454,0.2702972888946533,14.737339973449707,218.6107635498047,57.385276794433594,11.835945129394531,209.6859130859375,77.2789306640625,0.1319049447774887,0.4057468771934509,-0.9044171571731567,11.835945129394531,209.6859130859375,77.2789306640625,12.646097183227539,212.93348693847656,91.73199462890625,-0.05460875853896141,-0.2189045548439026,-0.9742169380187988,1114,40.1068115234375,12.93290901184082,32.2405891418457,242.65087890625,120.229248046875,41.02118682861328,245.35728454589844,71.68440246582031,-0.17772065103054047,-0.05477806553244591,0.9825551509857178,41.02118682861328,245.35728454589844,71.68440246582031,29.600330352783203,221.46420288085938,62.35954666137695,0.406781941652298,0.8510109782218933,0.33212772011756897,29.600330352783203,221.46420288085938,62.35954666137695,26.106124877929688,214.16610717773438,75.61530303955078,0.22499440610408783,0.46992963552474976,-0.8535476922988892,26.106124877929688,214.16610717773438,75.61530303955078,26.708703994750977,215.43650817871094,89.22933959960938,-0.044027410447597504,-0.09282177686691284,-0.9947088360786438
1,7.397477149963379,245.5637664794922,84.27108764648438,-0.11274988949298859,0.18477162718772888,-0.07257770746946335,-0.5556298494338989,0.2062712013721466,-0.8054363131523132,23.494384765625,236.39881896972656,146.45166015625,151.32012939453125,188.94497680664062,331.74676513671875,1110,41.38172912597656,16.309661865234375,-7.366786003112793,232.90701293945312,132.8799591064453,-7.366786003112793,232.90701293945312,132.8799591064453,0.0,0.0,0.0,-7.366786003112793,232.90701293945312,132.8799591064453,-17.39904022216797,223.3297119140625,92.67227935791016,0.23587171733379364,0.2251751571893692,0.9453363418579102,-17.39904022216797,223.3297119140625,92.67227935791016,-13.124350547790527,213.5213623046875,67.80345153808594,-0.1578962206840515,0.36229562759399414,0.9185916185379028,-13.124350547790527,213.5213623046875,67.80345153808594,-2.6146883964538574,205.34010314941406,54.84413146972656,-0.5655508041381836,0.44025370478630066,0.6973729133605957,1111,46.694664001464844,15.578988075256348,0.6411619782447815,250.21693420410156,126.23406982421875,-15.06324577331543,253.31932067871094,65.62693786621094,0.2505267858505249,-0.04949125647544861,0.966843843460083,-15.06324577331543,253.31932067871094,65.62693786621094,-12.93860912322998,254.68020629882812,31.607133865356445,-0.06228187307715416,-0.03989317640662193,0.9972609877586365,-12.93860912322998,254.68020629882812,31.607133865356445,-11.948760032653809,252.8125,12.531981468200684,-0.05157635733485222,0.09731734544038773,0.9939160943031311,-11.948760032653809,252.8125,12.531981468200684,-11.40729808807373,249.6586151123047,-0.6516098976135254,-0.03991197422146797,0.232477605342865,0.9717824459075928,1112,53.2048225402832,15.300636291503906,10.64142894744873,251.02301025390625,123.1649398803711,3.7359962463378906,253.3328399658203,64.16621398925781,0.11616241186857224,-0.038855694234371185,0.9924699068069458,3.7359962463378906,253.3328399658203,64.16621398925781,-5.751413345336914,218.4737091064453,51.5328483581543,0.24789206683635712,0.9108178615570068,0.330091267824173,-5.751413345336914,218.4737091064453,51.5328483581543,-7.317056655883789,207.14280700683594,71.00028228759766,0.06933997571468353,0.5018285512924194,-0.8621832728385925,-7.317056655883789,207.14280700683594,71.00028228759766,-5.802051544189453,209.4354705810547,85.6663818359375,-0.10153286159038544,-0.15365010499954224,-0.9828950762748718,1113,51.15785598754883,14.559525489807129,20.77974510192871,249.30404663085938,121.2066879272461,22.58710289001465,250.5350341796875,67.87860870361328,-0.03386284038424492,-0.023063907399773598,0.9991602897644043,22.58710289001465,250.5350341796875,67.87860870361328,11.956480979919434,218.12115478515625,58.13545227050781,0.29965052008628845,0.9136658310890198,0.27463510632514954,11.956480979919434,218.12115478515625,58.13545227050781,8.791467666625977,209.17904663085938,77.9811019897461,0.14388975501060486,0.40653151273727417,-0.9022349119186401,8.791467666625977,209.17904663085938,77.9811019897461,9.671405792236328,212.28787231445312,92.4605712890625,-0.05931272730231285,-0.20955215394496918,-0.9759968519210815,1114,40.1068115234375,12.93290901184082,30.253629684448242,241.73451232910156,121.13617706298828,38.99419021606445,244.0775604248047,72.56522369384766,-0.17691034078598022,-0.04742366820573807,0.9830838441848755,38.99419021606445,244.0775604248047,72.56522369384766,26.899917602539062,220.54991149902344,63.16063690185547,0.43076738715171814,0.8379953503608704,0.33496758341789246,26.899917602539062,220.54991149902344,63.16063690185547,23.19154930114746,213.28558349609375,76.37669372558594,0.2387845814228058,0.4677554666996002,-0.8509916663169861,23.19154930114746,213.28558349609375,76.37669372558594,23.806772232055664,214.44140625,90.00038146972656,-0.044951193034648895,-0.08445005863904953,-0.9954131841659546
1,5.364410400390625,245.10211181640625,85.21607971191406,-0.12677308917045593,0.18688750267028809,-0.07329253852367401,-0.5658953189849854,0.2169492393732071,-0.7954216003417969,21.64680290222168,235.62167358398438,147.28843688964844,151.8341827392578,185.71128845214844,330.27960205078125,1110,41.38172912597656,16.309661865234375,-9.412745475769043,232.58905029296875,133.85821533203125,-9.412745475769043,232.58905029296875,133.85821533203125,0.0,0.0,0.0,-9.412745475769043,232.58905029296875,133.85821533203125,-19.591201782226562,223.1214599609375,93.66130065917969,0.23930911719799042,0.2225957065820694,0.9450832009315491,-19.591201782226562,223.1214599609375,93.66130065917969,-15.466665267944336,213.25674438476562,68.78942108154297,-0.15235000848770142,0.36437779664993286,0.9187046885490417,-15.466665267944336,213.25674438476562,68.78942108154297,-5.049678802490234,204.9418182373047,55.84035110473633,-0.5605636835098267,0.4474466145038605,0.6968212723731995,1111,46.694664001464844,15.578988075256348,-1.1943204402923584,249.7974853515625,127.20569610595703,-17.049715042114258,253.1800079345703,66.65289306640625,0.2529354393482208,-0.053960174322128296,0.9659772515296936,-17.049715042114258,253.1800079345703,66.65289306640625,-14.949786186218262,254.8340606689453,32.64454650878906,-0.0615575835108757,-0.048487115651369095,0.9969250559806824,-14.949786186218262,254.8340606689453,32.64454650878906,-14.006020545959473,253.15386962890625,13.549631118774414,-0.04917516931891441,0.08754681795835495,0.9949458837509155,-14.006020545959473,253.15386962890625,13.549631118774414,-13.524100303649902,250.0965576171875,0.34100162982940674,-0.03552306815981865,0.22535908222198486,0.9736279845237732,1112,53.2048225402832,15.300636291503906,8.805989265441895,250.4727020263672,124.10529327392578,1.743236780166626,252.94273376464844,65.13168334960938,0.1188088208436966,-0.041550591588020325,0.9920473098754883,1.743236780166626,252.94273376464844,65.13168334960938,-8.24598217010498,218.310302734375,52.26376724243164,0.2610035240650177,0.904894232749939,0.3362196087837219,-8.24598217010498,218.310302734375,52.26376724243164,-9.937625885009766,206.8600616455078,71.65066528320312,0.07492034882307053,0.5071139335632324,-0.8586165308952332,-9.937625885009766,206.8600616455078,71.65066528320312,-8.36624813079834,209.03062438964844,86.32940673828125,-0.10531085729598999,-0.1454671323299408,-0.983742356300354,1113,51.15785598754883,14.559525489807129,18.913972854614258,248.61997985839844,122.11251831054688,20.56685447692871,249.88775634765625,68.7802963256836,-0.0309685617685318,-0.023753192275762558,0.9992380142211914,20.56685447692871,249.88775634765625,68.7802963256836,9.504290580749512,217.6811065673828,58.832881927490234,0.3118257522583008,0.9078241586685181,0.28039249777793884,9.504290580749512,217.6811065673828,58.832881927490234,6.2125325202941895,208.6525115966797,78.61865997314453,0.1496519148349762,0.41046351194381714,-0.8995131254196167,6.2125325202941895,208.6525115966797,78.61865997314453,7.118040084838867,211.62269592285156,93.1256332397461,-0.06103624403476715,-0.2002069354057312,-0.977850615978241,1114,40.1068115234375,12.93290901184082,28.285043716430664,240.9239959716797,122.00316619873047,36.9006462097168,243.20513916015625,73.40694427490234,-0.17438115179538727,-0.04617069661617279,0.9835951924324036,36.9006462097168,243.20513916015625,73.40694427490234,24.47909164428711,219.89527893066406,63.8873291015625,0.4424244165420532,0.8302383422851562,0.33906465768814087,24.47909164428711,219.89527893066406,63.8873291015625,20.683704376220703,212.58876037597656,77.05533599853516,0.24438780546188354,0.47047215700149536,-0.8478977084159851,20.683704376220703,212.58876037597656,77.05533599853516,21.311452865600586,213.61605834960938,90.6887435913086,-0.045866385102272034,-0.0750594288110733,-0.9961236715316772
1,3.3489153385162354,244.75820922851562,86.14582824707031,-0.1336844116449356,0.18948759138584137,-0.07388026267290115,-0.5756882429122925,0.22719843685626984,-0.7854705452919006,19.784669876098633,234.98654174804688,148.11807250976562,152.22494506835938,182.71827697753906,328.8199462890625,1110,41.38172912597656,16.309661865234375,-11.422694206237793,232.23916625976562,134.78811645507812,-11.422694206237793,232.23916625976562,134.78811645507812,0.0,0.0,0.0,-11.422694206237793,232.23916625976562,134.78811645507812,-21.697866439819336,222.91177368164062,94.5830307006836,0.24158303439617157,0.21929946541786194,0.9452753067016602,-21.697866439819336,222.91177368164062,94.5830307006836,-17.63593101501465,213.0610809326172,69.6952896118164,-0.15003764629364014,0.36385971307754517,0.91929030418396,-17.63593101501465,213.0610809326172,69.6952896118164,-7.2352399826049805,204.69970703125,56.76304244995117,-0.5596867799758911,0.4499461352825165,0.6959160566329956,1111,46.694664001464844,15.578988075256348,-3.1037490367889404,249.40750122070312,128.15699768066406,-19.045066833496094,253.02178955078125,67.6401596069336,0.2543061375617981,-0.057657450437545776,0.9654034972190857,-19.045066833496094,253.02178955078125,67.6401596069336,-16.956300735473633,254.9949493408203,33.64814758300781,-0.061230357736349106,-0.0578414611518383,0.9964461922645569,-16.956300735473633,254.9949493408203,33.64814758300781,-16.03323745727539,253.5107879638672,14.535984992980957,-0.048096466809511185,0.07733263820409775,0.9958446025848389,-16.03323745727539,253.5107879638672,14.535984992980957,-15.580389022827148,250.5606231689453,1.3019851446151733,-0.033380139619112015,0.21746109426021576,0.9754980802536011,1112,53.2048225402832,15.300636291503906,6.895197868347168,250.0238494873047,125.03998565673828,-0.25682497024536133,252.66482543945312,66.08454895019531,0.12031053751707077,-0.04442620649933815,0.9917418360710144,-0.25682497024536133,252.66482543945312,66.08454895019531,-10.489166259765625,218.20640563964844,52.94340133666992,0.26735594868659973,0.9003475308418274,0.34335875511169434,-10.489166259765625,218.20640563964844,52.94340133666992,-12.253149032592773,206.62411499023438,72.24522399902344,0.07812414318323135,0.5129622220993042,-0.8548486232757568,-12.253149032592773,206.62411499023438,72.24522399902344,-10.660968780517578,208.67710876464844,86.93862915039062,-0.10670500993728638,-0.13758789002895355,-0.9847251772880554,1113,51.15785598754883,14.559525489807129,16.987255096435547,248.10928344726562,123.02508544921875,18.552898406982422,249.47906494140625,69.6927490234375,-0.0293340515345335,-0.02566436491906643,0.9992401003837585,18.552898406982422,249.47906494140625,69.6927490234375,7.287048816680908,217.4156951904297,59.51338577270508,0.3175560534000397,0.9037859439849854,0.28693071007728577,7.287048816680908,217.4156951904297,59.51338577270508,3.9249372482299805,208.2753448486328,79.23592376708984,0.15285035967826843,0.41554418206214905,-0.896638035774231,3.9249372482299805,208.2753448486328,79.23592376708984,4.830690383911133,211.11135864257812,93.76970672607422,-0.06105279549956322,-0.1911630928516388,-0.979657769203186,1114,40.1068115234375,12.93290901184082,26.30754852294922,240.3524169921875,122.88262939453125,34.85086441040039,242.67999267578125,74.27584075927734,-0.17291803658008575,-0.04711049050092697,0.9838088750839233,34.85086441040039,242.67999267578125,74.27584075927734,22.27642059326172,219.51158142089844,64.61273956298828,0.44787001609802246,0.8252004981040955,0.3441753387451172,22.27642059326172,219.51158142089844,64.61273956298828,18.42981719970703,212.13694763183594,77.72782135009766,0.24768544733524323,0.47485774755477905,-0.8444891571998596,18.42981719970703,212.13694763183594,77.72782135009766,19.048032760620117,213.0406494140625,91.37040710449219,-0.0451698862016201,-0.06602892279624939,-0.9967947602272034
1,1.3199090957641602,244.33883666992188,87.07483673095703,-0.14906802773475647,0.19006945192813873,-0.07226014137268066,-0.5851518511772156,0.23541274666786194,-0.7760013937950134,17.81307601928711,234.3421630859375,148.9820098876953,152.43052673339844,180.1841583251953,327.5054626464844,1110,41.38172912597656,16.309661865234375,-13.577171325683594,232.06944274902344,135.74246215820312,-13.577171325683594,232.06944274902344,135.74246215820312,0.0,0.0,0.0,-13.577171325683594,232.06944274902344,135.74246215820312,-23.98935317993164,222.8471221923828,95.54837799072266,0.2448042333126068,0.21682901680469513,0.9450163841247559,-23.98935317993164,222.8471221923828,95.54837799072266,-20.046178817749023,212.9009552001953,70.67951965332031,-0.1456509232521057,0.3673863410949707,0.9185929298400879,-20.046178817749023,212.9009552001953,70.67951965332031,-9.71701431274414,204.36732482910156,57.802589416503906,-0.555837869644165,0.45921576023101807,0.6929394602775574,1111,46.694664001464844,15.578988075256348,-5.007349014282227,249.10633850097656,129.0918426513672,-20.96999740600586,252.93194580078125,68.5936050415039,0.254646360874176,-0.061028532683849335,0.9651065468788147,-20.96999740600586,252.93194580078125,68.5936050415039,-18.9188289642334,255.18533325195312,34.616729736328125,-0.06012822315096855,-0.06605609506368637,0.9960026144981384,-18.9188289642334,255.18533325195312,34.616729736328125,-18.0493106842041,253.909912109375,15.486994743347168,-0.045306496322155,0.06645618379116058,0.9967602491378784,-18.0493106842041,253.909912109375,15.486994743347168,-17.667016983032227,251.06118774414062,2.228567600250244,-0.02817944809794426,0.20998378098011017,0.9772987365722656,1112,53.2048225402832,15.300636291503906,4.995770454406738,249.56939697265625,125.96168518066406,-2.1913514137268066,252.2892608642578,67.01410675048828,0.1209009662270546,-0.045753248035907745,0.9916096329689026,-2.1913514137268066,252.2892608642578,67.01410675048828,-12.955007553100586,218.05865478515625,53.70317840576172,0.2812385559082031,0.8943955898284912,0.3477950394153595,-12.955007553100586,218.05865478515625,53.70317840576172,-14.898337364196777,206.42742919921875,72.95829772949219,0.08606714010238647,0.5151294469833374,-0.8527801632881165,-14.898337364196777,206.42742919921875,72.95829772949219,-13.275383949279785,208.39366149902344,87.66020202636719,-0.10876735299825668,-0.13177326321601868,-0.9852945804595947,1113,51.15785598754883,14.559525489807129,15.055024147033691,247.50099182128906,123.93485260009766,16.572525024414062,248.8203887939453,70.599853515625,-0.028432050719857216,-0.02472035586833954,0.9992899894714355,16.572525024414062,248.8203887939453,70.599853515625,4.829557418823242,216.9782257080078,60.266483306884766,0.33100467920303345,0.8975504040718079,0.2912716865539551,4.829557418823242,216.9782257080078,60.266483306884766,1.318993330001831,207.8074951171875,79.94901275634766,0.1595993936061859,0.4169253408908844,-0.8948191404342651,1.318993330001831,207.8074951171875,79.94901275634766,2.247110366821289,210.53439331054688,94.50225067138672,-0.06256025284528732,-0.1838081181049347,-0.980969250202179,1114,40.1068115234375,12.93290901184082,24.256406784057617,239.60357666015625,123.78445434570312,32.771392822265625,241.77716064453125,75.16557312011719,-0.1723446547985077,-0.04399368166923523,0.9840538501739502,32.771392822265625,241.77716064453125,75.16557312011719,19.85247802734375,218.83917236328125,65.4076156616211,0.4601392149925232,0.8169933557510376,0.34755387902259827,19.85247802734375,218.83917236328125,65.4076156616211,15.88405704498291,211.46607971191406,78.48721313476562,0.2555294930934906,0.47475874423980713,-0.8422046899795532,15.88405704498291,211.46607971191406,78.48721313476562,16.49126625061035,212.27590942382812,92.13619232177734,-0.044365692883729935,-0.05917014554142952,-0.997261643409729
1,-0.7220059037208557,243.97877502441406,88.13565063476562,-0.15283095836639404,0.18994282186031342,-0.07523941993713379,-0.5937325358390808,0.2424066662788391,-0.7672813534736633,16.03306007385254,233.89674377441406,149.946044921875,152.62452697753906,178.12974548339844,326.4634094238281,1110,41.38172912597656,16.309661865234375,-15.482901573181152,231.77537536621094,136.861328125,-15.482901573181152,231.77537536621094,136.861328125,0.0,0.0,0.0,-15.482901573181152,231.77537536621094,136.861328125,-26.14119529724121,222.56605529785156,96.72882843017578,0.2505907416343689,0.2165234237909317,0.9435687065124512,-26.14119529724121,222.56605529785156,96.72882843017578,-22.35356903076172,212.5925750732422,71.84673309326172,-0.13990536332130432,0.36839520931243896,0.9190818667411804,-22.35356903076172,212.5925750732422,71.84673309326172,-12.072689056396484,204.0152130126953,58.960208892822266,-0.5532393455505371,0.4615688621997833,0.6934553980827332,1111,46.694664001464844,15.578988075256348,-6.883557319641113,248.78265380859375,130.17312622070312,-23.05096435546875,252.63455200195312,69.73096466064453,0.25791287422180176,-0.061447955667972565,0.9642122387886047,-23.05096435546875,252.63455200195312,69.73096466064453,-21.014636993408203,255.11398315429688,35.768943786621094,-0.059693168848752975,-0.07268237322568893,0.9955672025680542,-21.014636993408203,255.11398315429688,35.768943786621094,-20.15080451965332,254.05010986328125,16.626018524169922,-0.04501022771000862,0.05543341115117073,0.9974473714828491,-20.15080451965332,254.05010986328125,16.626018524169922,-19.78321075439453,251.3036651611328,3.3456103801727295,-0.027095887809991837,0.20244455337524414,0.9789187908172607,1112,53.2048225402832,15.300636291503906,3.1096768379211426,249.2130889892578,127.0069580078125,-4.28021240234375,251.9322967529297,68.08441925048828,0.1243118867278099,-0.045742206275463104,0.9911882877349854,-4.28021240234375,251.9322967529297,68.08441925048828,-15.192527770996094,217.8007049560547,54.64087677001953,0.28512266278266907,0.891808032989502,0.35125988721847534,-15.192527770996094,217.8007049560547,54.64087677001953,-17.127683639526367,206.11111450195312,73.86144256591797,0.08570513874292374,0.5177143812179565,-0.8512499332427979,-17.127683639526367,206.11111450195312,73.86144256591797,-15.460418701171875,208.0255889892578,88.56521606445312,-0.11173705011606216,-0.128304585814476,-0.9854200482368469,1113,51.15785598754883,14.559525489807129,13.15505599975586,247.1123046875,124.94490814208984,14.48542308807373,248.40591430664062,71.60428619384766,-0.024925895035266876,-0.02423720434308052,0.9993954300880432,14.48542308807373,248.40591430664062,71.60428619384766,2.6197431087493896,216.6419219970703,61.17101287841797,0.3344636857509613,0.8953471183776855,0.2940877676010132,2.6197431087493896,216.6419219970703,61.17101287841797,-0.8711453676223755,207.41278076171875,80.82971954345703,0.1587049514055252,0.41958096623420715,-0.8937363624572754,-0.8711453676223755,207.41278076171875,80.82971954345703,0.09295441955327988,210.06353759765625,95.39468383789062,-0.06498568505048752,-0.17867574095726013,-0.9817595481872559,1114,40.1068115234375,12.93290901184082,22.331010818481445,239.18597412109375,124.76472473144531,30.678373336791992,241.3136749267578,76.11475372314453,-0.16895192861557007,-0.04306500032544136,0.984683096408844,30.678373336791992,241.3136749267578,76.11475372314453,17.667373657226562,218.44760131835938,66.31045532226562,0.46341896057128906,0.8144317865371704,0.3492043614387512,17.667373657226562,218.44760131835938,66.31045532226562,13.697296142578125,211.03468322753906,79.36701202392578,0.2556362748146057,0.47732335329055786,-0.8407214879989624,13.697296142578125,211.03468322753906,79.36701202392578,14.317485809326172,211.76661682128906,93.01980590820312,-0.045314110815525055,-0.0534786731004715,-0.9975403547286987
1,-2.714944839477539,243.6302490234375,89.11416625976562,-0.16296371817588806,0.18908445537090302,-0.07512263208627701,-0.6023752689361572,0.24804501235485077,-0.7586947083473206,14.155827522277832,233.46424865722656,150.86595153808594,152.73561096191406,176.40011596679688,325.40789794921875,1110,41.38172912597656,16.309661865234375,-17.50796890258789,231.6505889892578,137.88560485839844,-17.50796890258789,231.6505889892578,137.88560485839844,0.0,0.0,0.0,-17.50796890258789,231.6505889892578,137.88560485839844,-28.43610382080078,222.5311279296875,97.8051986694336,0.25693511962890625,0.21441075205802917,0.942344069480896,-28.43610382080078,222.5311279296875,97.8051986694336,-24.844512939453125,212.49705505371094,72.91838836669922,-0.1326642781496048,0.37063324451446533,0.9192557334899902,-24.844512939453125,212.49705505371094,72.91838836669922,-14.653739929199219,203.7957000732422,60.043426513671875,-0.5483905076980591,0.46824124455451965,0.6928332448005676,1111,46.694664001464844,15.578988075256348,-8.75333309173584,248.56155395507812,131.15476989746094,-24.990459442138672,252.47657775878906,70.7353515625,0.25902503728866577,-0.06245496869087219,0.9638493061065674,-24.990459442138672,252.47657775878906,70.7353515625,-22.987186431884766,255.20347595214844,36.79033279418945,-0.05872420221567154,-0.07993664592504501,0.9950686693191528,-22.987186431884766,255.20347595214844,36.79033279418945,-22.157487869262695,254.3412322998047,17.635761260986328,-0.04323168098926544,0.0449274517595768,0.9980543851852417,-22.157487869262695,254.3412322998047,17.635761260986328,-21.839868545532227,251.6791534423828,4.336899757385254,-0.023412201553583145,0.1962258666753769,0.9802792072296143,1112,53.2048225402832,15.300636291503906,1.237959384918213,248.88833618164062,127.97012329101562,-6.230533123016357,251.58656311035156,69.05653381347656,0.12563413381576538,-0.045389268547296524,0.9910377860069275,-6.230533123016357,251.58656311035156,69.05653381347656,-17.49506187438965,217.6232147216797,55.47808074951172,0.29432547092437744,0.8874120712280273,0.35478490591049194,-17.49506187438965,217.6232147216797,55.47808074951172,-19.541757583618164,205.89585876464844,74.66405487060547,0.09064507484436035,0.5193869471549988,-0.8497179746627808,-19.541757583618164,205.89585876464844,74.66405487060547,-17.84925651550293,207.74794006347656,89.37294006347656,-0.11342830210924149,-0.12412308156490326,-0.9857624173164368,1113,51.15785598754883,14.559525489807129,11.258413314819336,246.68527221679688,125.89358520507812,12.505701065063477,247.88084411621094,72.54866027832031,-0.023369310423731804,-0.022400356829166412,0.9994759559631348,12.505701065063477,247.88084411621094,72.54866027832031,0.32171401381492615,216.27273559570312,62.00935363769531,0.3434359133243561,0.8909530639648438,0.2970765233039856,0.32171401381492615,216.27273559570312,62.00935363769531,-3.2414231300354004,207.024169921875,81.64595794677734,0.16198953986167908,0.42046400904655457,-0.8927314877510071,-3.2414231300354004,207.024169921875,81.64595794677734,-2.251568555831909,209.58909606933594,96.22455596923828,-0.06672170013189316,-0.17289027571678162,-0.9826785326004028,1114,40.1068115234375,12.93290901184082,20.355411529541016,238.6685333251953,125.70982360839844,28.635990142822266,240.63638305664062,77.04170989990234,-0.16760018467903137,-0.03982958197593689,0.9850501418113708,28.635990142822266,240.63638305664062,77.04170989990234,15.400035858154297,217.92520141601562,67.17865753173828,0.471431165933609,0.8089147806167603,0.35129693150520325,15.400035858154297,217.92520141601562,67.17865753173828,11.355612754821777,210.51535034179688,80.21411895751953,0.2604234516620636,0.4771259129047394,-0.8393632173538208,11.355612754821777,210.51535034179688,80.21411895751953,11.967856407165527,211.17916870117188,93.8707504272461,-0.04473354294896126,-0.04850184917449951,-0.9978209137916565
1,-4.713170528411865,243.19302368164062,90.12574005126953,-0.18606437742710114,0.18334686756134033,-0.07403995096683502,-0.6107286214828491,0.25305673480033875,-0.7503151297569275,12.255505561828613,233.12203979492188,151.8533935546875,152.7570343017578,174.90493774414062,324.4675598144531,1110,41.38172912597656,16.309661865234375,-19.610437393188477,231.91397094726562,139.03231811523438,-19.610437393188477,231.91397094726562,139.03231811523438,0.0,0.0,0.0,-19.610437393188477,231.91397094726562,139.03231811523438,-30.928985595703125,222.7658233642578,99.06695556640625,0.266114205121994,0.21508517861366272,0.9396390914916992,-30.928985595703125,222.7658233642578,99.06695556640625,-27.665990829467773,212.47019958496094,74.2417984008789,-0.1205267608165741,0.3802942633628845,0.9169784188270569,-27.665990829467773,212.47019958496094,74.2417984008789,-17.684329986572266,203.43850708007812,61.43067932128906,-0.5371379256248474,0.48601779341697693,0.6893981099128723,1111,46.694664001464844,15.578988075256348,-10.496077537536621,248.57098388671875,132.14749145507812,-26.84348487854004,252.40838623046875,71.75283813476562,0.2607843279838562,-0.061216700822114944,0.9634542465209961,-26.84348487854004,252.40838623046875,71.75283813476562,-24.972076416015625,255.21315002441406,37.806640625,-0.05485870689153671,-0.0822192057967186,0.9951031804084778,-24.972076416015625,255.21315002441406,37.806640625,-24.257810592651367,254.48348999023438,18.64190673828125,-0.03721701726317406,0.03801913559436798,0.9985837340354919,-24.257810592651367,254.48348999023438,18.64190673828125,-24.07361602783203,251.8688201904297,5.331128120422363,-0.013577260076999664,0.19273127615451813,0.981157660484314,1112,53.2048225402832,15.300636291503906,-0.5107266902923584,248.6466064453125,128.92852783203125,-8.114425659179688,251.0789794921875,70.02066040039062,0.12790857255458832,-0.040917109698057175,0.9909416437149048,-8.114425659179688,251.0789794921875,70.02066040039062,-20.184560775756836,217.36395263671875,56.51578903198242,0.31537479162216187,0.880923867225647,0.35286232829093933,-20.184560775756836,217.36395263671875,56.51578903198242,-22.46715545654297,205.73736572265625,75.7364501953125,0.10109267383813858,0.5149239897727966,-0.8512540459632874,-22.46715545654297,205.73736572265625,75.7364501953125,-20.705284118652344,207.5891571044922,90.43722534179688,-0.1180773600935936,-0.12410363554954529,-0.9852187633514404,1113,51.15785598754883,14.559525489807129,9.449957847595215,246.20062255859375,126.83641815185547,10.544317245483398,246.97340393066406,73.48033905029297,-0.020504029467701912,-0.014478910714387894,0.9996849298477173,10.544317245483398,246.97340393066406,73.48033905029297,-2.3841869831085205,215.64144897460938,63.003597259521484,0.36442190408706665,0.8831687569618225,0.29531291127204895,-2.3841869831085205,215.64144897460938,63.003597259521484,-6.095062255859375,206.5079803466797,82.66668701171875,0.16870613396167755,0.41523146629333496,-0.8939357399940491,-6.095062255859375,206.5079803466797,82.66668701171875,-5.017495155334473,209.03465270996094,97.2457504272461,-0.07263398915529251,-0.17031170427799225,-0.9827095866203308,1114,40.1068115234375,12.93290901184082,18.361547470092773,237.97764587402344,126.683349609375,26.520671844482422,239.3968505859375,77.97565460205078,-0.1651419699192047,-0.028724927455186844,0.9858514070510864,26.520671844482422,239.3968505859375,77.97565460205078,12.762423515319824,216.97415161132812,68.16744232177734,0.4900340139865875,0.7986398339271545,0.3493437170982361,12.762423515319824,216.97415161132812,68.16744232177734,8.560274124145508,209.6806182861328,81.2186050415039,0.2705795466899872,0.46963608264923096,-0.8403741121292114,8.560274124145508,209.6806182861328,81.2186050415039,9.184871673583984,210.33216857910156,94.8752670288086,-0.04563618078827858,-0.0476054809987545,-0.997823178768158
1,-6.7058892250061035,242.84669494628906,91.1769027709961,-0.19361881911754608,0.18119417130947113,-0.07376528531312943,-0.6182972192764282,0.25741738080978394,-0.7425932884216309,10.352603912353516,232.7906494140625,152.8683624267578,152.59532165527344,173.57034301757812,323.7060852050781,1110,41.38172912597656,16.309661865234375,-21.63111114501953,231.81097412109375,140.1304473876953,-21.63111114501953,231.81097412109375,140.1304473876953,0.0,0.0,0.0,-21.63111114501953,231.81097412109375,140.1304473876953,-33.120235443115234,222.62008666992188,100.22360229492188,0.2701246440410614,0.21609003841876984,0.9382632374763489,-33.120235443115234,222.62008666992188,100.22360229492188,-30.017494201660156,212.23219299316406,75.41635131835938,-0.11460743844509125,0.3837026059627533,0.9163172841072083,-30.017494201660156,212.23219299316406,75.41635131835938,-20.127378463745117,203.08889770507812,62.6133918762207,-0.532211422920227,0.49202319979667664,0.6889587044715881,1111,46.694664001464844,15.578988075256348,-12.40070629119873,248.3809356689453,133.1903839111328,-28.787811279296875,252.17721557617188,72.80389404296875,0.2614176273345947,-0.06056069955229759,0.9633241295814514,-28.787811279296875,252.17721557617188,72.80389404296875,-27.017566680908203,255.16419982910156,38.867820739746094,-0.051893189549446106,-0.08756086230278015,0.9948066473007202,-27.017566680908203,255.16419982910156,38.867820739746094,-26.367645263671875,254.59808349609375,19.695268630981445,-0.0338643342256546,0.029497645795345306,0.998991072177887,-26.367645263671875,254.59808349609375,19.695268630981445,-26.24724006652832,252.07174682617188,6.3667144775390625,-0.00887524988502264,0.18622009456157684,0.9824678897857666,1112,53.2048225402832,15.300636291503906,-2.41874098777771,248.3734130859375,129.96006774902344,-10.071165084838867,250.70352172851562,71.05437469482422,0.1287282258272171,-0.03919683024287224,0.9909050464630127,-10.071165084838867,250.70352172851562,71.05437469482422,-22.399534225463867,217.10609436035156,57.4898681640625,0.3221222162246704,0.8778515458106995,0.35442066192626953,-22.399534225463867,217.10609436035156,57.4898681640625,-24.76826286315918,205.49327087402344,76.70842742919922,0.10490741580724716,0.5143144130706787,-0.8511609435081482,-24.76826286315918,205.49327087402344,76.70842742919922,-22.991268157958984,207.3237762451172,91.41004180908203,-0.11909095197916031,-0.12267713993787766,-0.9852754473686218,1113,51.15785598754883,14.559525489807129,7.521048545837402,245.8476104736328,127.86344146728516,8.560388565063477,246.46829223632812,74.50428009033203,-0.019473180174827576,-0.011629156768321991,0.9997426867485046,8.560388565063477,246.46829223632812,74.50428009033203,-4.6227617263793945,215.26318359375,63.96650314331055,0.37159982323646545,0.8795934915542603,0.297033429145813,-4.6227617263793945,215.26318359375,63.96650314331055,-8.34876823425293,206.12429809570312,83.62422180175781,0.16939398646354675,0.41547760367393494,-0.8936912417411804,-8.34876823425293,206.12429809570312,83.62422180175781,-7.228039741516113,208.58401489257812,98.21147918701172,-0.07554330676794052,-0.16579852998256683,-0.9832619428634644,1114,40.1068115234375,12.93290901184082,16.370927810668945,237.5580291748047,127.72266387939453,24.484939575195312,238.7849884033203,79.00220489501953,-0.16422884166240692,-0.024833843111991882,0.9861096143722534,24.484939575195312,238.7849884033203,79.00220489501953,10.568021774291992,216.48097229003906,69.1473617553711,0.4956854581832886,0.7944127321243286,0.35100463032722473,10.568021774291992,216.48097229003906,69.1473617553711,6.302964210510254,209.2021942138672,82.18634796142578,0.27463027834892273,0.4686860144138336,-0.8395901918411255,6.302964210510254,209.2021942138672,82.18634796142578,6.907689571380615,209.80604553222656,95.84609985351562,-0.044184211641550064,-0.04412034898996353,-0.998048722743988
1,-8.74931526184082,242.53846740722656,92.19720458984375,-0.19467498362064362,0.17965911328792572,-0.07547864317893982,-0.6252156496047974,0.25909820199012756,-0.736188530921936,8.48116397857666,232.54000854492188,153.8395538330078,152.3155059814453,172.9330291748047,323.2038269042969,1110,41.38172912597656,16.309661865234375,-23.59124183654785,231.5939483642578,141.196533203125,-23.59124183654785,231.5939483642578,141.196533203125,0.0,0.0,0.0,-23.59124183654785,231.5939483642578,141.196533203125,-35.25801467895508,222.3079376220703,101.36331939697266,0.2743014097213745,0.21832650899887085,0.9365320205688477,-35.25801467895508,222.3079376220703,101.36331939697266,-32.29860305786133,211.8707275390625,76.55924987792969,-0.10931318253278732,0.3855241537094116,0.9161996245384216,-32.29860305786133,211.8707275390625,76.55924987792969,-22.477603912353516,202.6963348388672,63.725372314453125,-0.5284921526908875,0.4936966598033905,0.6906225681304932,1111,46.694664001464844,15.578988075256348,-14.360621452331543,248.14523315429688,134.21231079101562,-30.858278274536133,251.85702514648438,73.85067749023438,0.26318123936653137,-0.05921289324760437,0.9629275798797607,-30.858278274536133,251.85702514648438,73.85067749023438,-29.249757766723633,254.97085571289062,39.91794967651367,-0.04715237766504288,-0.09127923101186752,0.9947083592414856,-29.249757766723633,254.97085571289062,39.91794967651367,-28.686214447021484,254.5165557861328,20.73969268798828,-0.029363585636019707,0.023671427741646767,0.9992885589599609,-28.686214447021484,254.5165557861328,20.73969268798828,-28.628692626953125,252.0571746826172,7.398199558258057,-0.004240019712597132,0.18128466606140137,0.9834215044975281,1112,53.2048225402832,15.300636291503906,-4.384761810302734,248.12445068359375,130.96324157714844,-12.146146774291992,250.36544799804688,72.06835174560547,0.13056115806102753,-0.03769780695438385,0.9907233119010925,-12.146146774291992,250.36544799804688,72.06835174560547,-24.517486572265625,216.83033752441406,58.389225006103516,0.3232448995113373,0.876223087310791,0.35741546750068665,-24.517486572265625,216.83033752441406,58.389225006103516,-26.864660263061523,205.2368927001953,77.62211608886719,0.1039528101682663,0.5134563446044922,-0.8517959713935852,-26.864660263061523,205.2368927001953,77.62211608886719,-25.068660736083984,207.05838012695312,92.32254791259766,-0.12036456912755966,-0.1220727190375328,-0.9851957559585571,1113,51.15785598754883,14.559525489807129,5.549035549163818,245.58724975585938,128.85202026367188,6.488461971282959,246.1208038330078,75.49006652832031,-0.017601190134882927,-0.00999672431498766,0.9997950792312622,6.488461971282959,246.1208038330078,75.49006652832031,-6.732700824737549,214.95379638671875,64.88733673095703,0.3726712465286255,0.8785193562507629,0.2988642156124115,-6.732700824737549,214.95379638671875,64.88733673095703,-10.423637390136719,205.811767578125,84.55020141601562,0.1677996665239334,0.4156206548213959,-0.8939254879951477,-10.423637390136719,205.811767578125,84.55020141601562,-9.286588668823242,208.22537231445312,99.14389038085938,-0.07664341479539871,-0.1626904010772705,-0.9836958646774292,1114,40.1068115234375,12.93290901184082,14.391980171203613,237.2903289794922,128.70802307128906,22.415279388427734,238.4319610595703,79.97047424316406,-0.16239282488822937,-0.023106811568140984,0.9864556193351746,22.415279388427734,238.4319610595703,79.97047424316406,8.479375839233398,216.16151428222656,70.06664276123047,0.4963615834712982,0.7932168841362,0.35274937748908997,8.479375839233398,216.16151428222656,70.06664276123047,4.2199835777282715,208.8734130859375,83.10227966308594,0.2742653787136078,0.469286173582077,-0.8393742442131042,4.2199835777282715,208.8734130859375,83.10227966308594,4.817910194396973,209.43228149414062,96.76425170898438,-0.04368744045495987,-0.04083365574479103,-0.9982104301452637
1,-10.84408950805664,242.29811096191406,93.35604858398438,-0.19247432053089142,0.18199670314788818,-0.08015292137861252,-0.6319377422332764,0.2563740611076355,-0.7313870191574097,6.700620651245117,232.2207489013672,154.89492797851562,152.0814208984375,173.24046325683594,323.15460205078125,1110,41.38172912597656,16.309661865234375,-25.452402114868164,231.18759155273438,142.38821411132812,-25.452402114868164,231.18759155273438,142.38821411132812,0.0,0.0,0.0,-25.452402114868164,231.18759155273438,142.38821411132812,-37.302181243896484,221.89955139160156,102.60952758789062,0.278604120016098,0.21837420761585236,0.9352499842643738,-37.302181243896484,221.89955139160156,102.60952758789062,-34.48125076293945,211.5176239013672,77.76615905761719,-0.10419806092977524,0.3834822177886963,0.9176514148712158,-34.48125076293945,211.5176239013672,77.76615905761719,-24.692636489868164,202.39723205566406,64.86919403076172,-0.5267491936683655,0.49079054594039917,0.6940171718597412,1111,46.694664001464844,15.578988075256348,-16.299198150634766,247.78338623046875,135.40774536132812,-33.055503845214844,251.59725952148438,75.12377166748047,0.2673073709011078,-0.060841359198093414,0.9616886973381042,-33.055503845214844,251.59725952148438,75.12377166748047,-31.654207229614258,254.86293029785156,41.196128845214844,-0.041077788919210434,-0.09573028981685638,0.9945592880249023,-31.654207229614258,254.86293029785156,41.196128845214844,-31.18157196044922,254.62074279785156,22.011564254760742,-0.02462679147720337,0.01261924672871828,0.9996170401573181,-31.18157196044922,254.62074279785156,22.011564254760742,-31.176864624023438,252.3306121826172,8.63985824584961,-0.0003469848888926208,0.16880899667739868,0.9856486916542053,1112,53.2048225402832,15.300636291503906,-6.336751937866211,247.8001251220703,132.11776733398438,-14.346549987792969,250.16529846191406,73.26099395751953,0.13473990559577942,-0.039786674082279205,0.9900819063186646,-14.346549987792969,250.16529846191406,73.26099395751953,-26.667236328125,216.6985321044922,59.370361328125,0.3219212591648102,0.8744369745254517,0.3629416227340698,-26.667236328125,216.6985321044922,59.370361328125,-28.897058486938477,205.0612335205078,78.5907211303711,0.09875550866127014,0.5153986215591431,-0.8512411713600159,-28.897058486938477,205.0612335205078,78.5907211303711,-27.045026779174805,206.85447692871094,93.28767395019531,-0.12411972880363464,-0.12017984688282013,-0.984962522983551,1113,51.15785598754883,14.559525489807129,3.5956976413726807,245.2974853515625,129.95945739746094,4.314342975616455,245.96705627441406,76.59561157226562,-0.013464614748954773,-0.012545151636004448,0.9998306632041931,4.314342975616455,245.96705627441406,76.59561157226562,-8.876540184020996,214.83795166015625,65.84485626220703,0.3718177378177643,0.8774509429931641,0.3030366897583008,-8.876540184020996,214.83795166015625,65.84485626220703,-12.404447555541992,205.59571838378906,85.49079895019531,0.16038791835308075,0.4201761782169342,-0.893156111240387,-12.404447555541992,205.59571838378906,85.49079895019531,-11.19154167175293,207.90380859375,100.09545135498047,-0.0817565843462944,-0.15557807683944702,-0.9844345450401306,1114,40.1068115234375,12.93290901184082,12.46230411529541,237.0270538330078,129.75839233398438,20.28194236755371,238.3140106201172,80.99136352539062,-0.1582706719636917,-0.0260482020676136,0.9870520830154419,20.28194236755371,238.3140106201172,80.99136352539062,6.386265277862549,216.06259155273438,70.98873901367188,0.49492883682250977,0.7925391793251038,0.35626813769340515,6.386265277862549,216.06259155273438,70.98873901367188,2.188159465789795,208.6958770751953,84.00003814697266,0.2703191936016083,0.4743483066558838,-0.8378074169158936,2.188159465789795,208.6958770751953,84.00003814697266,2.803555727005005,209.15005493164062,97.66510772705078,-0.04496388137340546,-0.0331844687461853,-0.9984372854232788
1,-12.99118709564209,242.13290405273438,94.55517578125,-0.17733025550842285,0.18570896983146667,-0.08628817647695541,-0.6394030451774597,0.2525998055934906,-0.7261935472488403,4.919939041137695,232.00473022460938,155.9757537841797,152.01817321777344,173.89273071289062,323.0406188964844,1110,41.38172912597656,16.309661865234375,-27.266191482543945,230.55181884765625,143.5766143798828,-27.266191482543945,230.55181884765625,143.5766143798828,0.0,0.0,0.0,-27.266191482543945,230.55181884765625,143.5766143798828,-39.16210174560547,221.22003173828125,103.82195281982422,0.2796887755393982,0.21940280497074127,0.9346853494644165,-39.16210174560547,221.22003173828125,103.82195281982422,-36.32463455200195,210.99171447753906,78.91682434082031,-0.10480887442827225,0.37780821323394775,0.9199325442314148,-36.32463455200195,210.99171447753906,78.91682434082031,-26.42534065246582,202.0821990966797,65.95709991455078,-0.5327053666114807,0.4794429540634155,0.6973946690559387,1111,46.694664001464844,15.578988075256348,-18.398645401000977,247.32444763183594,136.65029907226562,-35.40462112426758,251.16900634765625,76.43822479248047,0.27129024267196655,-0.06133086606860161,0.9605416059494019,-35.40462112426758,251.16900634765625,76.43822479248047,-34.196937561035156,254.490234375,42.5085334777832,-0.035402197390794754,-0.09735891968011856,0.9946194887161255,-34.196937561035156,254.490234375,42.5085334777832,-33.78056716918945,254.4229736328125,23.321252822875977,-0.02169509418308735,0.0035046394914388657,0.9997585415840149,-33.78056716918945,254.4229736328125,23.321252822875977,-33.777828216552734,252.27464294433594,9.926033020019531,-0.0002018923405557871,0.158356711268425,0.9873819351196289,1112,53.2048225402832,15.300636291503906,-8.448212623596191,247.51495361328125,133.32955932617188,-16.681386947631836,250.0423583984375,74.5103759765625,0.13849754631519318,-0.042515724897384644,0.9894497990608215,-16.681386947631836,250.0423583984375,74.5103759765625,-28.510765075683594,216.50604248046875,60.36279296875,0.3090841770172119,0.8762543797492981,0.36965546011924744,-28.510765075683594,216.50604248046875,60.36279296875,-30.465564727783203,204.8202667236328,79.58369445800781,0.08657512068748474,0.5175453424453735,-0.8512646555900574,-30.465564727783203,204.8202667236328,79.58369445800781,-28.573347091674805,206.64376831054688,94.27179718017578,-0.12681294977664948,-0.12220773100852966,-0.984369695186615,1113,51.15785598754883,14.559525489807129,1.5156399011611938,245.18038940429688,131.1280975341797,2.0540285110473633,246.12351989746094,77.76625061035156,-0.010087303817272186,-0.017670588567852974,0.9997929930686951,2.0540285110473633,246.12351989746094,77.76625061035156,-10.720972061157227,214.87110900878906,66.8719482421875,0.3600950539112091,0.8809266686439514,0.3070829212665558,-10.720972061157227,214.87110900878906,66.8719482421875,-13.929471969604492,205.48916625976562,86.50643157958984,0.1458667814731598,0.42652761936187744,-0.892634928226471,-13.929471969604492,205.48916625976562,86.50643157958984,-12.63792896270752,207.72323608398438,101.1158447265625,-0.0870571956038475,-0.1505887657403946,-0.9847558736801147,1114,40.1068115234375,12.93290901184082,10.511164665222168,237.05235290527344,130.8584747314453,18.15447425842285,238.70252990722656,82.0744400024414,-0.15470178425312042,-0.03339983895421028,0.9873964786529541,18.15447425842285,238.70252990722656,82.0744400024414,4.5854597091674805,216.2958984375,71.97035217285156,0.48329398036003113,0.798067569732666,0.35988205671310425,4.5854597091674805,216.2958984375,71.97035217285156,0.5518555045127869,208.80572509765625,84.96320343017578,0.2597266435623169,0.4822975993156433,-0.836618959903717,0.5518555045127869,208.80572509765625,84.96320343017578,1.1906445026397705,209.1765899658203,98.62971496582031,-0.04667307063937187,-0.02709721401333809,-0.9985426068305969
1,-15.124171257019043,241.6614990234375,95.67855072021484,-0.16395963728427887,0.1797836422920227,-0.09307429194450378,-0.6469710469245911,0.2472415417432785,-0.7213183045387268,3.202363967895508,232.00901794433594,157.04493713378906,152.04165649414062,175.12973022460938,322.98822021484375,1110,41.38172912597656,16.309661865234375,-29.0264892578125,230.11865234375,144.81597900390625,-29.0264892578125,230.11865234375,144.81597900390625,0.0,0.0,0.0,-29.0264892578125,230.11865234375,144.81597900390625,-41.0523796081543,220.4175567626953,105.18903350830078,0.28274479508399963,0.2280857414007187,0.9316825270652771,-41.0523796081543,220.4175567626953,105.18903350830078,-38.28401184082031,210.11875915527344,80.30518341064453,-0.10225652903318405,0.38041162490844727,0.919146716594696,-38.28401184082031,210.11875915527344,80.30518341064453,-28.344751358032227,201.28358459472656,67.32516479492188,-0.5348559617996216,0.47544240951538086,0.6984866261482239,1111,46.694664001464844,15.578988075256348,-20.423532485961914,246.9796905517578,137.7716064453125,-37.73875427246094,250.29714965820312,77.61634826660156,0.2762235105037689,-0.05292223393917084,0.9596352577209473,-37.73875427246094,250.29714965820312,77.61634826660156,-36.672096252441406,253.28091430664062,43.65059280395508,-0.031268153339624405,-0.08746647089719772,0.9956766366958618,-36.672096252441406,253.28091430664062,43.65059280395508,-36.286277770996094,253.20111083984375,24.46272087097168,-0.020103177055716515,0.004158181603997946,0.999789297580719,-36.286277770996094,253.20111083984375,24.46272087097168,-36.270782470703125,251.07728576660156,11.063602447509766,-0.001142182038165629,0.1565503627061844,0.9876692891120911,1112,53.2048225402832,15.300636291503906,-10.491013526916504,247.29283142089844,134.40682983398438,-19.010034561157227,249.42222595214844,75.61260223388672,0.14330603182315826,-0.03582043945789337,0.9890300035476685,-19.010034561157227,249.42222595214844,75.61260223388672,-30.42579460144043,215.7239227294922,61.51021957397461,0.29827699065208435,0.8804870247840881,0.36847448348999023,-30.42579460144043,215.7239227294922,61.51021957397461,-32.11411666870117,204.1633758544922,80.83183288574219,0.07477324455976486,0.511999249458313,-0.8557252287864685,-32.11411666870117,204.1633758544922,80.83183288574219,-30.174081802368164,206.12120056152344,95.49639129638672,-0.13001756370067596,-0.13120980560779572,-0.9827917218208313,1113,51.15785598754883,14.559525489807129,-0.5050585865974426,245.08676147460938,132.17324829101562,-0.20801453292369843,245.78050231933594,78.8056869506836,-0.0055654472671449184,-0.012997998856008053,0.9999000430107117,-0.20801453292369843,245.78050231933594,78.8056869506836,-12.607402801513672,214.32315063476562,68.06840515136719,0.34950754046440125,0.886703610420227,0.30265694856643677,-12.607402801513672,214.32315063476562,68.06840515136719,-15.541647911071777,205.03131103515625,87.7884521484375,0.13339844346046448,0.42243126034736633,-0.8965247869491577,-15.541647911071777,205.03131103515625,87.7884521484375,-14.188984870910645,207.34922790527344,102.37925720214844,-0.09117703884840012,-0.1562405377626419,-0.983501672744751,1114,40.1068115234375,12.93290901184082,8.601768493652344,237.08363342285156,131.9031982421875,16.01268196105957,238.60537719726562,83.07913970947266,-0.1499980241060257,-0.03080032765865326,0.9882064461708069,16.01268196105957,238.60537719726562,83.07913970947266,2.7208240032196045,215.9800567626953,73.09469604492188,0.47342240810394287,0.8058567643165588,0.3556206524372101,2.7208240032196045,215.9800567626953,73.09469604492188,-1.1445364952087402,208.5043182373047,86.14685821533203,0.24889342486858368,0.4813683331012726,-0.8404384255409241,-1.1445364952087402,208.5043182373047,86.14685821533203,-0.466914564371109,208.91896057128906,99.81024169921875,-0.049510397017002106,-0.030295809730887413,-0.9983140826225281
1,-17.197303771972656,240.92539978027344,96.63030242919922,-0.16540385782718658,0.16052082180976868,-0.09593863785266876,-0.6543926000595093,0.24219295382499695,-0.7163189649581909,1.388737678527832,232.35720825195312,158.06309509277344,151.93540954589844,176.63937377929688,322.85626220703125,1110,41.38172912597656,16.309661865234375,-30.94680404663086,230.3603057861328,146.02999877929688,-30.94680404663086,230.3603057861328,146.02999877929688,0.0,0.0,0.0,-30.94680404663086,230.3603057861328,146.02999877929688,-43.15981674194336,219.869140625,106.66241455078125,0.2871442139148712,0.24666127562522888,0.9255843758583069,-43.15981674194336,219.869140625,106.66241455078125,-40.539180755615234,209.07484436035156,81.97333526611328,-0.09679967910051346,0.3987140357494354,0.9119522571563721,-40.539180755615234,209.07484436035156,81.97333526611328,-30.65484046936035,199.9694366455078,69.13895416259766,-0.5319007039070129,0.4899844229221344,0.6906496286392212,1111,46.694664001464844,15.578988075256348,-22.34477996826172,247.06869506835938,138.62977600097656,-39.86179733276367,249.24099731445312,78.48068237304688,0.2794426679611206,-0.034653954207897186,0.9595367908477783,-39.86179733276367,249.24099731445312,78.48068237304688,-38.937744140625,251.440185546875,44.450950622558594,-0.027087820693850517,-0.06446730345487595,0.997552216053009,-38.937744140625,251.440185546875,44.450950622558594,-38.62150573730469,251.02670288085938,25.266096115112305,-0.016477689146995544,0.021544627845287323,0.9996321201324463,-38.62150573730469,251.02670288085938,25.266096115112305,-38.6524772644043,248.70896911621094,11.899179458618164,0.002282958012074232,0.17084364593029022,0.9852955937385559,1112,53.2048225402832,15.300636291503906,-12.423447608947754,247.30197143554688,135.22573852539062,-21.141294479370117,248.3001251220703,76.43057250976562,0.14665067195892334,-0.016790833324193954,0.9890458583831787,-21.141294479370117,248.3001251220703,76.43057250976562,-32.64665603637695,214.4239959716797,62.836185455322266,0.30061808228492737,0.8851331472396851,0.35520124435424805,-32.64665603637695,214.4239959716797,62.836185455322266,-34.28586196899414,203.2403106689453,82.38252258300781,0.07259799540042877,0.4953087866306305,-0.8656781911849976,-34.28586196899414,203.2403106689453,82.38252258300781,-32.296974182128906,205.4654998779297,97.00233459472656,-0.1332916021347046,-0.14912807941436768,-0.9797928929328918,1113,51.15785598754883,14.559525489807129,-2.4482781887054443,245.0384063720703,133.00148010253906,-2.3334755897521973,244.69393920898438,79.62982940673828,-0.0021509535145014524,0.006453973241150379,0.9999768733978271,-2.3334755897521973,244.69393920898438,79.62982940673828,-14.789644241333008,213.08209228515625,69.42524719238281,0.3511081635951996,0.891058623790741,0.2876415550708771,-14.789644241333008,213.08209228515625,69.42524719238281,-17.68960189819336,204.2013397216797,89.33882904052734,0.13183963298797607,0.4037421643733978,-0.9053233861923218,-17.68960189819336,204.2013397216797,89.33882904052734,-16.31602668762207,206.77134704589844,103.88539123535156,-0.09258661419153214,-0.1732327938079834,-0.9805192947387695,1114,40.1068115234375,12.93290901184082,6.646496295928955,237.0183563232422,132.8561248779297,13.891860961914062,237.57977294921875,83.98676300048828,-0.14664731919765472,-0.01136316079646349,0.9891235828399658,13.891860961914062,237.57977294921875,83.98676300048828,0.5509462952613831,214.82586669921875,74.3666000366211,0.47516968846321106,0.8104366660118103,0.34264591336250305,0.5509462952613831,214.82586669921875,74.3666000366211,-3.2817022800445557,207.59275817871094,87.56431579589844,0.24678699672222137,0.46574506163597107,-0.8498104214668274,-3.2817022800445557,207.59275817871094,87.56431579589844,-2.5835084915161133,208.2099151611328,101.2190170288086,-0.051013458520174026,-0.04509251192212105,-0.9976794123649597
1,-19.24995994567871,240.31346130371094,97.62059020996094,-0.14796636998653412,0.14898370206356049,-0.093209408223629,-0.6624775528907776,0.23209820687770844,-0.7122176289558411,-0.7534770965576172,232.5778045654297,159.16957092285156,151.65316772460938,179.18231201171875,323.0191955566406,1110,41.38172912597656,16.309661865234375,-33.080997467041016,230.01148986816406,147.05308532714844,-33.080997467041016,230.01148986816406,147.05308532714844,0.0,0.0,0.0,-33.080997467041016,230.01148986816406,147.05308532714844,-44.953163146972656,218.92420959472656,107.74465942382812,0.2791304588317871,0.260676771402359,0.9241935610771179,-44.953163146972656,218.92420959472656,107.74465942382812,-42.13108444213867,207.9511260986328,83.15680694580078,-0.10424046218395233,0.4053179919719696,0.908213198184967,-42.13108444213867,207.9511260986328,83.15680694580078,-32.037689208984375,198.8821563720703,70.46006774902344,-0.5431504249572754,0.4880235493183136,0.6832427382469177,1111,46.694664001464844,15.578988075256348,-24.717132568359375,246.78587341308594,139.53013610839844,-41.953460693359375,248.07315063476562,79.27460479736328,0.27496498823165894,-0.02053547464311123,0.961234986782074,-41.953460693359375,248.07315063476562,79.27460479736328,-40.89399337768555,249.8085479736328,45.222007751464844,-0.031057361513376236,-0.05087165907025337,0.9982222318649292,-40.89399337768555,249.8085479736328,45.222007751464844,-40.45725631713867,249.28890991210938,26.04210090637207,-0.02275630459189415,0.027075883001089096,0.9993743300437927,-40.45725631713867,249.28890991210938,26.04210090637207,-40.37019348144531,246.89663696289062,12.68857192993164,-0.006417532917112112,0.1763380467891693,0.9843087196350098,1112,53.2048225402832,15.300636291503906,-14.783365249633789,247.14952087402344,136.17413330078125,-23.209545135498047,247.42181396484375,77.32862091064453,0.14174427092075348,-0.004580484237521887,0.9898926615715027,-23.209545135498047,247.42181396484375,77.32862091064453,-34.080780029296875,213.2667694091797,63.911407470703125,0.2840493619441986,0.8924210667610168,0.35057204961776733,-34.080780029296875,213.2667694091797,63.911407470703125,-35.621829986572266,202.2978057861328,83.58699035644531,0.06825077533721924,0.48579883575439453,-0.871401846408844,-35.621829986572266,202.2978057861328,83.58699035644531,-33.744895935058594,204.70497131347656,98.19276428222656,-0.12578868865966797,-0.16132383048534393,-0.9788522720336914,1113,51.15785598754883,14.559525489807129,-4.760758876800537,245.0293731689453,134.0230255126953,-4.3617753982543945,244.1590118408203,80.6587142944336,-0.007475394289940596,0.016307177022099495,0.9998390674591064,-4.3617753982543945,244.1590118408203,80.6587142944336,-16.316837310791016,212.28610229492188,70.66905975341797,0.3369830846786499,0.898417055606842,0.28158318996429443,-16.316837310791016,212.28610229492188,70.66905975341797,-19.000843048095703,203.56190490722656,90.68187713623047,0.12202189117670059,0.39662474393844604,-0.9098348021507263,-19.000843048095703,203.56190490722656,90.68187713623047,-17.640275955200195,206.24557495117188,105.2091293334961,-0.09170976281166077,-0.18089424073696136,-0.9792173504829407,1114,40.1068115234375,12.93290901184082,4.4656500816345215,237.1597900390625,134.00364685058594,11.955698013305664,237.35760498046875,85.16835021972656,-0.1515997052192688,-0.0040038046427071095,0.988433837890625,11.955698013305664,237.35760498046875,85.16835021972656,-0.9498984217643738,214.3121337890625,75.6489028930664,0.4596646726131439,0.8208212852478027,0.33905860781669617,-0.9498984217643738,214.3121337890625,75.6489028930664,-4.724021911621094,207.15330505371094,88.90385437011719,0.24301861226558685,0.46096229553222656,-0.8534961342811584,-4.724021911621094,207.15330505371094,88.90385437011719,-4.1331095695495605,207.86282348632812,102.55912780761719,-0.043174970895051956,-0.05184091627597809,-0.9977216124534607
1,-21.346832275390625,239.7552490234375,98.55313873291016,-0.13853837549686432,0.14057967066764832,-0.09242983907461166,-0.6702921390533447,0.22141170501708984,-0.7082974314689636,-2.8231630325317383,232.63902282714844,160.15533447265625,151.38128662109375,181.7020263671875,323.1031188964844,1110,41.38172912597656,16.309661865234375,-35.18404769897461,229.70201110839844,148.0350799560547,-35.18404769897461,229.70201110839844,148.0350799560547,0.0,0.0,0.0,-35.18404769897461,229.70201110839844,148.0350799560547,-46.909324645996094,218.18475341796875,108.80628204345703,0.275676965713501,0.2707861363887787,0.9223215579986572,-46.909324645996094,218.18475341796875,108.80628204345703,-44.015419006347656,207.055908203125,84.29690551757812,-0.10689354687929153,0.4110713601112366,0.9053143262863159,-44.015419006347656,207.055908203125,84.29690551757812,-33.796180725097656,197.97853088378906,71.70729064941406,-0.5499223470687866,0.4884760081768036,0.6774781346321106,1111,46.694664001464844,15.578988075256348,-26.956701278686523,246.49403381347656,140.40179443359375,-44.082359313964844,247.17080688476562,80.10477447509766,0.27319949865341187,-0.010796318762004375,0.9618968367576599,-44.082359313964844,247.17080688476562,80.10477447509766,-42.98271179199219,248.43348693847656,46.032649993896484,-0.03223520889878273,-0.03701436519622803,0.9987946152687073,-42.98271179199219,248.43348693847656,46.032649993896484,-42.49757766723633,247.7733917236328,26.858226776123047,-0.02527804672718048,0.03439444303512573,0.9990885853767395,-42.49757766723633,247.7733917236328,26.858226776123047,-42.356109619140625,245.30459594726562,13.519099235534668,-0.010427823290228844,0.18197865784168243,0.9832472205162048,1112,53.2048225402832,15.300636291503906,-17.01987075805664,246.92210388183594,137.06251525878906,-25.329444885253906,246.67420959472656,78.20030975341797,0.13978274166584015,0.0041700503788888454,0.9901735186576843,-25.329444885253906,246.67420959472656,78.20030975341797,-35.8618049621582,212.36593627929688,64.904296875,0.27519506216049194,0.8964247107505798,0.34740525484085083,-35.8618049621582,212.36593627929688,64.904296875,-37.322105407714844,201.59898376464844,84.697265625,0.06467451900243759,0.4768521785736084,-0.8766009211540222,-37.322105407714844,201.59898376464844,84.697265625,-35.49406433105469,204.1422119140625,99.28617095947266,-0.12251199036836624,-0.17044252157211304,-0.9777218699455261,1113,51.15785598754883,14.559525489807129,-6.974225997924805,244.87644958496094,134.94703674316406,-6.459762096405029,243.60708618164062,81.59171295166016,-0.009639047086238861,0.023782920092344284,0.999670684337616,-6.459762096405029,243.60708618164062,81.59171295166016,-18.164615631103516,211.5757598876953,71.81472778320312,0.3299303650856018,0.90288245677948,0.27558860182762146,-18.164615631103516,211.5757598876953,71.81472778320312,-20.66441535949707,203.03118896484375,91.92864227294922,0.11364742368459702,0.3884585201740265,-0.914431095123291,-20.66441535949707,203.03118896484375,91.92864227294922,-19.27461051940918,205.81044006347656,106.43513488769531,-0.09368058294057846,-0.1873369961977005,-0.9778183698654175,1114,40.1068115234375,12.93290901184082,2.3228259086608887,237.09063720703125,135.00515747070312,9.90927791595459,236.98764038085938,86.18445587158203,-0.15355095267295837,0.0020846715196967125,0.9881384968757629,9.90927791595459,236.98764038085938,86.18445587158203,-2.7631008625030518,213.7691650390625,76.772705078125,0.4513581097126007,0.8269834518432617,0.3352227807044983,-2.7631008625030518,213.7691650390625,76.772705078125,-6.48530387878418,206.69667053222656,90.08854675292969,0.23967541754245758,0.4554031789302826,-0.8574169278144836,-6.48530387878418,206.69667053222656,90.08854675292969,-5.948576927185059,207.4718017578125,103.74249267578125,-0.03921591490507126,-0.05663490295410156,-0.9976245164871216
1,-23.37955665588379,239.1619415283203,99.5302734375,-0.10257261246442795,0.11313740164041519,-0.09636493772268295,-0.676790714263916,0.2137020379304886,-0.7044755220413208,-4.651721000671387,233.86708068847656,161.22048950195312,151.04776000976562,184.7037353515625,323.28900146484375,1110,41.38172912597656,16.309661865234375,-36.88521194458008,229.8184051513672,149.2423858642578,-36.88521194458008,229.8184051513672,149.2423858642578,0.0,0.0,0.0,-36.88521194458008,229.8184051513672,149.2423858642578,-48.07431411743164,217.0443572998047,110.2468032836914,0.2630707621574402,0.30033496022224426,0.9168383479118347,-48.07431411743164,217.0443572998047,110.2468032836914,-44.85069274902344,205.51646423339844,85.96407318115234,-0.11907244473695755,0.4258113205432892,0.8969428539276123,-44.85069274902344,205.51646423339844,85.96407318115234,-34.393550872802734,196.51856994628906,73.5135269165039,-0.5627245306968689,0.48419880867004395,0.6699945330619812,1111,46.694664001464844,15.578988075256348,-29.255210876464844,246.70370483398438,141.20509338378906,-46.35152816772461,245.31674194335938,80.91189575195312,0.2727314233779907,0.022125720977783203,0.9618357419967651,-46.35152816772461,245.31674194335938,80.91189575195312,-45.324764251708984,245.40663146972656,46.81422805786133,-0.0300986897200346,-0.0026350331027060747,0.9995434284210205,-45.324764251708984,245.40663146972656,46.81422805786133,-44.830047607421875,244.11846923828125,27.671985626220703,-0.02577734738588333,0.06712005287408829,0.997411847114563,-44.830047607421875,244.11846923828125,27.671985626220703,-44.61164474487305,241.19656372070312,14.42577838897705,-0.016098806634545326,0.215378075838089,0.9763979911804199,1112,53.2048225402832,15.300636291503906,-19.33755111694336,247.404541015625,137.85494995117188,-27.591480255126953,245.44210815429688,79.01710510253906,0.13884665071964264,0.033011820167303085,0.9897634983062744,-27.591480255126953,245.44210815429688,79.01710510253906,-36.890655517578125,210.37928771972656,66.81482696533203,0.24297381937503815,0.916140079498291,0.31882762908935547,-36.890655517578125,210.37928771972656,66.81482696533203,-37.927703857421875,200.23907470703125,86.96233367919922,0.04592931270599365,0.4490948021411896,-0.8923028111457825,-37.927703857421875,200.23907470703125,86.96233367919922,-36.17732238769531,203.30490112304688,101.46002197265625,-0.11730734258890152,-0.20546604692935944,-0.9716084003448486,1113,51.15785598754883,14.559525489807129,-9.223983764648438,245.66729736328125,135.78787231445312,-8.627006530761719,243.13116455078125,82.4786148071289,-0.011185027658939362,0.04751724749803543,0.9988077878952026,-8.627006530761719,243.13116455078125,82.4786148071289,-19.308504104614258,210.4677276611328,73.66926574707031,0.3010845184326172,0.9207000136375427,0.24831336736679077,-19.308504104614258,210.4677276611328,73.66926574707031,-21.215070724487305,202.46322631835938,94.06831359863281,0.08667749911546707,0.36390554904937744,-0.9273939728736877,-21.215070724487305,202.46322631835938,94.06831359863281,-19.740570068359375,205.66644287109375,108.47870635986328,-0.09938953816890717,-0.21591460704803467,-0.9713405966758728,1114,40.1068115234375,12.93290901184082,0.3441847264766693,238.2209930419922,136.03233337402344,7.96396541595459,237.2111358642578,87.2271728515625,-0.15422557294368744,0.020439671352505684,0.9878242611885071,7.96396541595459,237.2111358642578,87.2271728515625,-3.8739283084869385,213.31985473632812,78.43293762207031,0.42163586616516113,0.8509470820426941,0.31322845816612244,-3.8739283084869385,213.31985473632812,78.43293762207031,-7.297064781188965,206.5600128173828,91.98924255371094,0.22041821479797363,0.43527108430862427,-0.8729002475738525,-7.297064781188965,206.5600128173828,91.98924255371094,-6.771225452423096,207.74354553222656,105.61429595947266,-0.03842039033770561,-0.08647467941045761,-0.9955129623413086
1,-25.508211135864258,238.93299865722656,100.63520812988281,-0.06686339527368546,0.09736219793558121,-0.10254165530204773,-0.6833773851394653,0.20466271042823792,-0.7007913589477539,-6.476122856140137,234.83616638183594,162.30113220214844,150.7386474609375,187.7523651123047,323.5220947265625,1110,41.38172912597656,16.309661865234375,-38.554080963134766,229.7239532470703,150.4949951171875,-38.554080963134766,229.7239532470703,150.4949951171875,0.0,0.0,0.0,-38.554080963134766,229.7239532470703,150.4949951171875,-49.32966995239258,216.22573852539062,111.6270980834961,0.2533484995365143,0.317361056804657,0.9138361811637878,-49.32966995239258,216.22573852539062,111.6270980834961,-45.76322937011719,204.5972442626953,87.4404525756836,-0.13173530995845795,0.429527223110199,0.8933936357498169,-45.76322937011719,204.5972442626953,87.4404525756836,-35.08152770996094,195.83917236328125,75.0095443725586,-0.5748085379600525,0.4712933301925659,0.668937623500824,1111,46.694664001464844,15.578988075256348,-31.55329704284668,246.77162170410156,142.23094177246094,-48.7295036315918,244.03118896484375,82.0068130493164,0.27400586009025574,0.04371713846921921,0.9607338905334473,-48.7295036315918,244.03118896484375,82.0068130493164,-47.78268051147461,243.3284912109375,47.91395568847656,-0.02775529772043228,0.02059897407889366,0.9994025230407715,-47.78268051147461,243.3284912109375,47.91395568847656,-47.28714370727539,241.52294921875,28.813589096069336,-0.025820082053542137,0.09407826513051987,0.9952298998832703,-47.28714370727539,241.52294921875,28.813589096069336,-46.99446487426758,238.2931671142578,15.640504837036133,-0.02157379873096943,0.23807211220264435,0.9710078835487366,1112,53.2048225402832,15.300636291503906,-21.67499351501465,247.7860870361328,138.84500122070312,-29.99049186706543,244.8053436279297,80.05862426757812,0.13988235592842102,0.050141725689172745,0.9888976812362671,-29.99049186706543,244.8053436279297,80.05862426757812,-38.054100036621094,209.19676208496094,68.57909393310547,0.2106902003288269,0.9303997755050659,0.299943208694458,-38.054100036621094,209.19676208496094,68.57909393310547,-38.627864837646484,199.49290466308594,88.95868682861328,0.025411169975996017,0.4297690689563751,-0.9025811553001404,-38.627864837646484,199.49290466308594,88.95868682861328,-36.93378829956055,202.90988159179688,103.38436889648438,-0.11353392899036407,-0.22899958491325378,-0.9667829871177673,1113,51.15785598754883,14.559525489807129,-11.510481834411621,246.3870391845703,136.77127075195312,-10.94731616973877,243.2181396484375,83.4955062866211,-0.010551529005169868,0.05937282368540764,0.9981801509857178,-10.94731616973877,243.2181396484375,83.4955062866211,-20.525554656982422,210.05636596679688,75.3008041381836,0.26998642086982727,0.9347468614578247,0.230988010764122,-20.525554656982422,210.05636596679688,75.3008041381836,-21.931066513061523,202.45257568359375,95.8929214477539,0.0638982281088829,0.3456881046295166,-0.936171293258667,-21.931066513061523,202.45257568359375,95.8929214477539,-20.441370010375977,205.96961975097656,110.22837829589844,-0.10041383653879166,-0.23706835508346558,-0.9662895798683167,1114,40.1068115234375,12.93290901184082,-1.6808854341506958,239.29190063476562,137.0801239013672,5.856319904327393,237.95526123046875,88.26998901367188,-0.1525542140007019,0.027053790166974068,0.9879247546195984,5.856319904327393,237.95526123046875,88.26998901367188,-5.14097261428833,213.53948974609375,79.8321304321289,0.3916957974433899,0.8696281313896179,0.3005352020263672,-5.14097261428833,213.53948974609375,79.8321304321289,-8.237700462341309,206.94522094726562,93.54753875732422,0.1994006186723709,0.424609899520874,-0.8831453919410706,-8.237700462341309,206.94522094726562,93.54753875732422,-7.693976402282715,208.38253784179688,107.14745330810547,-0.03972715139389038,-0.10501743853092194,-0.9936766028404236
1,-27.636184692382812,238.53736877441406,101.85620880126953,-0.09194651246070862,0.06667447090148926,-0.1057053655385971,-0.688012421131134,0.19536373019218445,-0.6989076733589172,-8.28293228149414,236.04359436035156,163.50054931640625,149.99815368652344,191.0990753173828,324.28814697265625,1110,41.38172912597656,16.309661865234375,-40.61272430419922,231.31903076171875,152.0608367919922,-40.61272430419922,231.31903076171875,152.0608367919922,0.0,0.0,0.0,-40.61272430419922,231.31903076171875,152.0608367919922,-51.60600280761719,216.7418670654297,113.64622497558594,0.2584666907787323,0.3427286148071289,0.903178870677948,-51.60600280761719,216.7418670654297,113.64622497558594,-48.19911193847656,204.20167541503906,89.8960189819336,-0.1258419156074524,0.46320292353630066,0.8772724866867065,-48.19911193847656,204.20167541503906,89.8960189819336,-37.58707046508789,194.78939819335938,77.89087677001953,-0.5710601806640625,0.5064979195594788,0.6460264325141907,1111,46.694664001464844,15.578988075256348,-33.240455627441406,247.90257263183594,143.1971893310547,-50.83320617675781,243.591552734375,83.18563079833984,0.28065088391304016,0.06877215951681137,0.9573429822921753,-50.83320617675781,243.591552734375,83.18563079833984,-50.16957092285156,241.93875122070312,49.11891555786133,-0.01945388875901699,0.04845043644309044,0.9986360669136047,-50.16957092285156,241.93875122070312,49.11891555786133,-49.85152816772461,239.91619873046875,30.036523818969727,-0.016571706160902977,0.1053856611251831,0.9942933320999146,-49.85152816772461,239.91619873046875,30.036523818969727,-49.74125289916992,236.3282012939453,16.953657150268555,-0.008128556422889233,0.2644766867160797,0.9643577933311462,1112,53.2048225402832,15.300636291503906,-23.36013412475586,248.5570831298828,139.72940063476562,-32.09254837036133,243.8325958251953,81.11802673339844,0.14689570665359497,0.0794747993350029,0.9859540462493896,-32.09254837036133,243.8325958251953,81.11802673339844,-41.10283660888672,208.00393676757812,71.123291015625,0.23542551696300507,0.9361499547958374,0.261147677898407,-41.10283660888672,208.00393676757812,71.123291015625,-41.74677276611328,199.1915283203125,91.90184783935547,0.028518959879875183,0.39028826355934143,-0.9202508926391602,-41.74677276611328,199.1915283203125,91.90184783935547,-39.8551025390625,203.177734375,106.15589141845703,-0.12677626311779022,-0.2671482264995575,-0.9552798867225647,1113,51.15785598754883,14.559525489807129,-13.245777130126953,246.83663940429688,137.6521759033203,-13.074657440185547,241.88572692871094,84.50968933105469,-0.0032061166130006313,0.09276081621646881,0.9956832528114319,-13.074657440185547,241.88572692871094,84.50968933105469,-23.51850128173828,208.72193908691406,77.460693359375,0.2943856716156006,0.9348037242889404,0.19869345426559448,-23.51850128173828,208.72193908691406,77.460693359375,-24.972198486328125,201.90701293945312,98.32386016845703,0.06608887016773224,0.3098243474960327,-0.9484940767288208,-24.972198486328125,201.90701293945312,98.32386016845703,-23.299983978271484,205.90237426757812,112.51311492919922,-0.11271655559539795,-0.26930955052375793,-0.9564346671104431,1114,40.1068115234375,12.93290901184082,-3.593337297439575,239.5125732421875,138.14797973632812,3.6212220191955566,236.36669921875,89.37217712402344,-0.14602382481098175,0.0636729896068573,0.9872299432754517,3.6212220191955566,236.36669921875,89.37217712402344,-8.017870903015137,211.9883575439453,81.72392272949219,0.4145551025867462,0.8682949542999268,0.2724114954471588,-8.017870903015137,211.9883575439453,81.72392272949219,-11.170766830444336,205.9744415283203,95.69097900390625,0.20301730930805206,0.3872404992580414,-0.8993490934371948,-11.170766830444336,205.9744415283203,95.69097900390625,-10.506579399108887,207.8475799560547,109.23237609863281,-0.04852879047393799,-0.1368606686592102,-0.9894008636474609
1,-29.733989715576172,238.1246795654297,102.89315032958984,-0.07022782415151596,0.05944785475730896,-0.10657713562250137,-0.6915614008903503,0.17926330864429474,-0.6997195482254028,-10.363222122192383,236.33152770996094,164.5540008544922,148.7343292236328,195.09100341796875,325.52838134765625,1110,41.38172912597656,16.309661865234375,-42.57625961303711,230.8738250732422,153.1276092529297,-42.57625961303711,230.8738250732422,153.1276092529297,0.0,0.0,0.0,-42.57625961303711,230.8738250732422,153.1276092529297,-53.09832000732422,216.11109924316406,114.65193939208984,0.24738766252994537,0.3470913767814636,0.9046143293380737,-53.09832000732422,216.11109924316406,114.65193939208984,-49.288597106933594,203.6337432861328,90.92986297607422,-0.14072152972221375,0.4608819782733917,0.8762335181236267,-49.288597106933594,203.6337432861328,90.92986297607422,-38.371337890625,194.42694091796875,79.03961181640625,-0.5874847173690796,0.495440810918808,0.6398438215255737,1111,46.694664001464844,15.578988075256348,-35.56063461303711,247.56944274902344,144.1852569580078,-53.02571105957031,242.5830535888672,84.18872833251953,0.2786141335964203,0.07954608649015427,0.9571031928062439,-53.02571105957031,242.5830535888672,84.18872833251953,-52.428558349609375,240.6346893310547,50.13640594482422,-0.017505010589957237,0.057114601135253906,0.9982141852378845,-52.428558349609375,240.6346893310547,50.13640594482422,-52.120933532714844,238.56246948242188,31.059171676635742,-0.0160288754850626,0.10797358304262161,0.9940245151519775,-52.120933532714844,238.56246948242188,31.059171676635742,-51.96842956542969,235.00607299804688,17.968103408813477,-0.011241297237575054,0.26214733719825745,0.964962363243103,1112,53.2048225402832,15.300636291503906,-25.695079803466797,248.42086791992188,140.71820068359375,-34.29364013671875,243.22003173828125,82.12736511230469,0.14464400708675385,0.08748788386583328,0.9856084585189819,-34.29364013671875,243.22003173828125,82.12736511230469,-42.51868438720703,207.1028289794922,72.50089263916016,0.21490825712680817,0.9436891674995422,0.25152552127838135,-42.51868438720703,207.1028289794922,72.50089263916016,-42.9354133605957,198.5765380859375,93.40424346923828,0.01845630072057247,0.37761664390563965,-0.9257780909538269,-42.9354133605957,198.5765380859375,93.40424346923828,-41.118385314941406,202.77496337890625,107.60697937011719,-0.12177387624979019,-0.28137072920799255,-0.9518412351608276,1113,51.15785598754883,14.559525489807129,-15.544775009155273,246.90982055664062,138.65347290039062,-15.23973274230957,241.70248413085938,85.53609466552734,-0.005715303588658571,0.097565196454525,0.9952126741409302,-15.23973274230957,241.70248413085938,85.53609466552734,-24.9630126953125,208.2610321044922,78.7739486694336,0.2740747332572937,0.9426301717758179,0.19060784578323364,-24.9630126953125,208.2610321044922,78.7739486694336,-26.21992301940918,201.71519470214844,99.73582458496094,0.05714244022965431,0.2975909411907196,-0.9529818892478943,-26.21992301940918,201.71519470214844,99.73582458496094,-24.610877990722656,205.9241943359375,113.87051391601562,-0.10845859348773956,-0.2837100028991699,-0.9527567625045776,1114,40.1068115234375,12.93290901184082,-5.736140251159668,239.7991943359375,139.18917846679688,1.5693799257278442,236.570556640625,90.43232727050781,-0.14786487817764282,0.06534813344478607,0.986846387386322,1.5693799257278442,236.570556640625,90.43232727050781,-9.53702163696289,211.9029083251953,82.92080688476562,0.3955819308757782,0.878599226474762,0.2675413489341736,-9.53702163696289,211.9029083251953,82.92080688476562,-12.525528907775879,205.98455810546875,96.96461486816406,0.1924321949481964,0.38108694553375244,-0.9042912125587463,-12.525528907775879,205.98455810546875,96.96461486816406,-11.875791549682617,208.01321411132812,110.48428344726562,-0.04747302457690239,-0.1482236385345459,-0.9878138303756714
1,-31.860759735107422,237.79611206054688,103.98988342285156,-0.09362830966711044,0.04148780182003975,-0.11152774840593338,-0.691579282283783,0.1603493094444275,-0.7042770981788635,-12.149718284606934,237.01763916015625,165.58819580078125,146.95193481445312,200.12838745117188,327.6110534667969,1110,41.38172912597656,16.309661865234375,-44.54271697998047,231.8750457763672,154.43894958496094,-44.54271697998047,231.8750457763672,154.43894958496094,0.0,0.0,0.0,-44.54271697998047,231.8750457763672,154.43894958496094,-55.37669372558594,216.56646728515625,116.26433563232422,0.2547212541103363,0.3599250912666321,0.8975360989570618,-55.37669372558594,216.56646728515625,116.26433563232422,-51.82843780517578,203.52618408203125,92.80593872070312,-0.13106359541416168,0.48167502880096436,0.8664937615394592,-51.82843780517578,203.52618408203125,92.80593872070312,-41.11351776123047,193.84144592285156,81.11294555664062,-0.5765964388847351,0.5211597681045532,0.629228949546814,1111,46.694664001464844,15.578988075256348,-37.2004508972168,248.21649169921875,145.11280822753906,-55.16336441040039,242.41184997558594,85.33724975585938,0.2865559160709381,0.09259936958551407,0.9535780549049377,-55.16336441040039,242.41184997558594,85.33724975585938,-54.98984146118164,239.87612915039062,51.31882858276367,-0.00508667528629303,0.07433246821165085,0.9972206354141235,-54.98984146118164,239.87612915039062,51.31882858276367,-54.90898895263672,238.1248016357422,32.20716094970703,-0.00421284232288599,0.09125340729951859,0.9958187341690063,-54.90898895263672,238.1248016357422,32.20716094970703,-54.97727966308594,234.498779296875,19.13449478149414,0.005033811088651419,0.26727956533432007,0.9636059403419495,1112,53.2048225402832,15.300636291503906,-27.34042739868164,248.76698303222656,141.5699920654297,-36.435272216796875,242.57041931152344,83.15119171142578,0.15299245715141296,0.10423789918422699,0.9827144742012024,-36.435272216796875,242.57041931152344,83.15119171142578,-45.553279876708984,206.40036010742188,74.58605194091797,0.2382400780916214,0.945070207118988,0.22379444539546967,-45.553279876708984,206.40036010742188,74.58605194091797,-45.98490524291992,198.49595642089844,95.73210906982422,0.019116036593914032,0.3500741124153137,-0.9365269541740417,-45.98490524291992,198.49595642089844,95.73210906982422,-43.95088195800781,203.07542419433594,109.78690338134766,-0.13631650805473328,-0.3069075345993042,-0.9419265389442444,1113,51.15785598754883,14.559525489807129,-17.241361618041992,246.97821044921875,139.4761505126953,-17.39997673034668,240.67987060546875,86.47642517089844,0.0029718291480094194,0.11800634860992432,0.9930083155632019,-17.39997673034668,240.67987060546875,86.47642517089844,-27.938657760620117,207.33865356445312,80.48492431640625,0.29705893993377686,0.9398051500320435,0.16888535022735596,-27.938657760620117,207.33865356445312,80.48492431640625,-29.191173553466797,201.31695556640625,101.60359954833984,0.0569426529109478,0.27376219630241394,-0.9601103663444519,-29.191173553466797,201.31695556640625,101.60359954833984,-27.374195098876953,205.8411865234375,115.61517333984375,-0.12247442454099655,-0.3049582540988922,-0.9444577693939209,1114,40.1068115234375,12.93290901184082,-7.596673488616943,239.6536865234375,140.09951782226562,-0.6828740239143372,235.25936889648438,91.37667846679688,-0.13993635773658752,0.08894166350364685,0.9861577749252319,-0.6828740239143372,235.25936889648438,91.37667846679688,-12.399993896484375,210.7212371826172,84.38692474365234,0.41733431816101074,0.8739864826202393,0.24895742535591125,-12.399993896484375,210.7212371826172,84.38692474365234,-15.40519905090332,205.21536254882812,98.593994140625,0.19350731372833252,0.35452723503112793,-0.9148033857345581,-15.40519905090332,205.21536254882812,98.593994140625,-14.599175453186035,207.54246520996094,112.05705261230469,-0.05889207124710083,-0.1700296252965927,-0.9836776256561279
1,-33.92959976196289,237.21871948242188,104.88568115234375,-0.0988568365573883,0.027965353801846504,-0.1195196583867073,-0.6890157461166382,0.14021193981170654,-0.7110540866851807,-13.807866096496582,237.346923828125,166.38414001464844,144.7040557861328,205.0903778076172,329.9660949707031,1110,41.38172912597656,16.309661865234375,-46.224063873291016,232.0757293701172,155.5156707763672,-46.224063873291016,232.0757293701172,155.5156707763672,0.0,0.0,0.0,-46.224063873291016,232.0757293701172,155.5156707763672,-57.18852996826172,216.314697265625,117.56307983398438,0.2577892243862152,0.370562881231308,0.8923160433769226,-57.18852996826172,216.314697265625,117.56307983398438,-53.78942108154297,202.96221923828125,94.25873565673828,-0.12555451691150665,0.4932068884372711,0.8608037233352661,-53.78942108154297,202.96221923828125,94.25873565673828,-43.185489654541016,193.0721435546875,82.63664245605469,-0.5706236362457275,0.5322092771530151,0.6254134178161621,1111,46.694664001464844,15.578988075256348,-38.87727355957031,248.24600219726562,145.89923095703125,-57.36201095581055,241.69000244140625,86.36092376708984,0.2948804199695587,0.10458552092313766,0.9497933387756348,-57.36201095581055,241.69000244140625,86.36092376708984,-57.4803466796875,238.92153930664062,52.360408782958984,0.003468908602371812,0.08115508407354355,0.9966954588890076,-57.4803466796875,238.92153930664062,52.360408782958984,-57.54692459106445,237.364013671875,33.23191452026367,0.003469060407951474,0.08115530014038086,0.9966954588890076,-57.54692459106445,237.364013671875,33.23191452026367,-57.744754791259766,233.57803344726562,20.20600128173828,0.014582364819943905,0.2790703773498535,0.9601598978042603,1112,53.2048225402832,15.300636291503906,-29.044204711914062,248.69586181640625,142.2683868408203,-38.65205001831055,241.72166442871094,84.01961517333984,0.16162210702896118,0.11731917411088943,0.9798544049263,-38.65205001831055,241.72166442871094,84.01961517333984,-48.01674270629883,205.4254150390625,76.29573822021484,0.24468551576137543,0.9483671188354492,0.2018134444952011,-48.01674270629883,205.4254150390625,76.29573822021484,-48.27243423461914,197.97509765625,97.60884857177734,0.011324195191264153,0.32996341586112976,-0.9439257979393005,-48.27243423461914,197.97509765625,97.60884857177734,-46.07726287841797,202.84559631347656,111.541015625,-0.14711642265319824,-0.32641202211380005,-0.9337087273597717,1113,51.15785598754883,14.559525489807129,-18.971860885620117,246.82594299316406,140.11749267578125,-19.599655151367188,239.7807159423828,87.2153549194336,0.011762418784201145,0.13200010359287262,0.9911799430847168,-19.599655151367188,239.7807159423828,87.2153549194336,-30.32464599609375,206.3990936279297,81.8078384399414,0.30231043696403503,0.940943717956543,0.15242424607276917,-30.32464599609375,206.3990936279297,81.8078384399414,-31.481369018554688,200.7430877685547,103.03282165527344,0.05258764699101448,0.2571367919445038,-0.9649431109428406,-31.481369018554688,200.7430877685547,103.03282165527344,-29.55689811706543,205.5127716064453,116.94830322265625,-0.1297200620174408,-0.32150328159332275,-0.9379810094833374,1114,40.1068115234375,12.93290901184082,-9.359173774719238,239.46160888671875,140.76556396484375,-2.870028495788574,234.3443145751953,92.05488586425781,-0.13134129345417023,0.10357482731342316,0.9859116077423096,-2.870028495788574,234.3443145751953,92.05488586425781,-14.764276504516602,209.77731323242188,85.47785186767578,0.42364299297332764,0.8750143647193909,0.2342572957277298,-14.764276504516602,209.77731323242188,85.47785186767578,-17.65924644470215,204.52603149414062,99.80369567871094,0.18640926480293274,0.33813393115997314,-0.9224516749382019,-17.65924644470215,204.52603149414062,99.80369567871094,-16.713193893432617,207.06942749023438,113.21843719482422,-0.06912325322628021,-0.18583300709724426,-0.9801469445228577
1,-36.00556182861328,236.7740936279297,105.79317474365234,-0.09902175515890121,0.019627070054411888,-0.12871311604976654,-0.6847828030586243,0.12465518712997437,-0.7180066704750061,-15.445344924926758,237.51321411132812,167.17019653320312,142.09275817871094,208.83558654785156,332.35162353515625,1110,41.38172912597656,16.309661865234375,-47.8328742980957,232.0565948486328,156.5756378173828,-47.8328742980957,232.0565948486328,156.5756378173828,0.0,0.0,0.0,-47.8328742980957,232.0565948486328,156.5756378173828,-58.9171028137207,216.01080322265625,118.77748107910156,0.2606050372123718,0.3772580027580261,0.8886852264404297,-58.9171028137207,216.01080322265625,118.77748107910156,-55.63016891479492,202.49591064453125,95.55079650878906,-0.1214110404253006,0.499206006526947,0.8579350709915161,-55.63016891479492,202.49591064453125,95.55079650878906,-45.10026931762695,192.52047729492188,83.93434143066406,-0.5666397213935852,0.5368025302886963,0.6251099109649658,1111,46.694664001464844,15.578988075256348,-40.574546813964844,248.14495849609375,146.75680541992188,-59.607627868652344,241.09263610839844,87.44842529296875,0.3036279082298279,0.11250317096710205,0.946125328540802,-59.607627868652344,241.09263610839844,87.44842529296875,-60.01808547973633,238.17202758789062,53.46291732788086,0.01203220710158348,0.08561509102582932,0.9962555766105652,-60.01808547973633,238.17202758789062,53.46291732788086,-60.24900817871094,236.52890014648438,34.342864990234375,0.012032290920615196,0.0856156051158905,0.9962555766105652,-60.24900817871094,236.52890014648438,34.342864990234375,-60.55971908569336,232.6670684814453,21.341447830200195,0.02290297858417034,0.28466156125068665,0.9583544135093689,1112,53.2048225402832,15.300636291503906,-30.775360107421875,248.56333923339844,143.0318145751953,-40.9200439453125,241.1026611328125,84.9345474243164,0.17065274715423584,0.12550270557403564,0.9773057699203491,-40.9200439453125,241.1026611328125,84.9345474243164,-50.4439582824707,204.69717407226562,77.9554672241211,0.2488458901643753,0.9512218832969666,0.18235310912132263,-50.4439582824707,204.69717407226562,77.9554672241211,-50.29805374145508,197.5907745361328,99.38673400878906,-0.006461892742663622,0.31473174691200256,-0.9491586089134216,-50.29805374145508,197.5907745361328,99.38673400878906,-47.83315658569336,202.70225524902344,113.18684387207031,-0.1651928871870041,-0.3425620496273041,-0.924858033657074,1113,51.15785598754883,14.559525489807129,-20.72333335876465,246.6743927001953,140.80389404296875,-21.83905792236328,239.1864776611328,87.97065734863281,0.020904332399368286,0.14029435813426971,0.9898890852928162,-21.83905792236328,239.1864776611328,87.97065734863281,-32.59762954711914,205.73703002929688,83.07293701171875,0.30325692892074585,0.9428553581237793,0.13805435597896576,-32.59762954711914,205.73703002929688,83.07293701171875,-33.562164306640625,200.37628173828125,104.38397216796875,0.04385027661919594,0.24371366202831268,-0.9688555002212524,-33.562164306640625,200.37628173828125,104.38397216796875,-31.506982803344727,205.36700439453125,118.20291137695312,-0.1385306566953659,-0.33640244603157043,-0.9314733147621155,1114,40.1068115234375,12.93290901184082,-11.105311393737793,239.314697265625,141.4249725341797,-5.065694808959961,233.78897094726562,92.70110321044922,-0.122242771089077,0.11184155195951462,0.9861786365509033,-5.065694808959961,233.78897094726562,92.70110321044922,-17.0246639251709,209.1595001220703,86.48501586914062,0.4259483218193054,0.8772396445274353,0.22140134871006012,-17.0246639251709,209.1595001220703,86.48501586914062,-19.751195907592773,204.11058044433594,100.91626739501953,0.17556340992450714,0.32510367035865784,-0.9292389750480652,-19.751195907592773,204.11058044433594,100.91626739501953,-18.643129348754883,206.84962463378906,114.27999114990234,-0.08096076548099518,-0.200127974152565,-0.9764190316200256
1,-37.89374542236328,236.27890014648438,106.51827239990234,-0.0357711985707283,0.027999399229884148,-0.13346906006336212,-0.681465744972229,0.11183425039052963,-0.7232547998428345,-17.330522537231445,237.11965942382812,167.8965301513672,139.44447326660156,211.3915557861328,334.28533935546875,1110,41.38172912597656,16.309661865234375,-49.20868682861328,229.98049926757812,157.24598693847656,-49.20868682861328,229.98049926757812,157.24598693847656,0.0,0.0,0.0,-49.20868682861328,229.98049926757812,157.24598693847656,-59.551822662353516,214.1826934814453,119.13459777832031,0.24318087100982666,0.37142741680145264,0.896049439907074,-59.551822662353516,214.1826934814453,119.13459777832031,-55.56729507446289,201.4022979736328,95.60334014892578,-0.14717839658260345,0.47207558155059814,0.8691853284835815,-55.56729507446289,201.4022979736328,95.60334014892578,-44.496742248535156,192.32301330566406,83.75685119628906,-0.5957338213920593,0.48857876658439636,0.6374889016151428,1111,46.694664001464844,15.578988075256348,-43.01918411254883,246.6566925048828,147.67921447753906,-61.790245056152344,239.3986053466797,88.31217956542969,0.29944801330566406,0.11578565835952759,0.9470610022544861,-61.790245056152344,239.3986053466797,88.31217956542969,-62.13202667236328,236.99581909179688,54.285377502441406,0.010019030421972275,0.07043558359146118,0.9974660277366638,-62.13202667236328,236.99581909179688,54.285377502441406,-62.32431411743164,235.64402770996094,35.142093658447266,0.010019189678132534,0.07043545693159103,0.9974660277366638,-62.32431411743164,235.64402770996094,35.142093658447266,-62.42657470703125,231.2248077392578,22.316059112548828,0.0075377849861979485,0.3257474899291992,0.9454267024993896,1112,53.2048225402832,15.300636291503906,-33.28009796142578,247.75619506835938,143.9354248046875,-43.1502571105957,240.6331329345703,85.74856567382812,0.1660347431898117,0.11982337385416031,0.9788129925727844,-43.1502571105957,240.6331329345703,85.74856567382812,-50.49866485595703,203.79049682617188,78.44149780273438,0.19200308620929718,0.9626438617706299,0.19092293083667755,-50.49866485595703,203.79049682617188,78.44149780273438,-49.58710861206055,196.44020080566406,99.77136993408203,-0.04037146270275116,0.3255336284637451,-0.944668173789978,-49.58710861206055,196.44020080566406,99.77136993408203,-47.23636245727539,201.51654052734375,113.60433197021484,-0.15754267573356628,-0.34020695090293884,-0.9270596504211426,1113,51.15785598754883,14.559525489807129,-23.137149810791016,246.54449462890625,141.64907836914062,-23.975040435791016,239.87843322753906,88.70073699951172,0.015698805451393127,0.12489601969718933,0.9920455813407898,-23.975040435791016,239.87843322753906,88.70073699951172,-32.66191101074219,205.8760223388672,83.50714111328125,0.24486102163791656,0.9584423899650574,0.14639440178871155,-32.66191101074219,205.8760223388672,83.50714111328125,-33.04568099975586,200.31117248535156,104.7842025756836,0.01744718663394451,0.2529926002025604,-0.9673107862472534,-33.04568099975586,200.31117248535156,104.7842025756836,-31.14695167541504,205.34600830078125,118.6095199584961,-0.1279849261045456,-0.33937597274780273,-0.9319033622741699,1114,40.1068115234375,12.93290901184082,-13.07068157196045,239.79904174804688,142.12060546875,-6.876300811767578,235.4757080078125,93.29474639892578,-0.12537521123886108,0.08750493079423904,0.9882428050041199,-6.876300811767578,235.4757080078125,93.29474639892578,-17.287782669067383,210.20777893066406,86.86041259765625,0.3708306849002838,0.899979829788208,0.22917471826076508,-17.287782669067383,210.20777893066406,86.86041259765625,-19.59392738342285,204.88539123535156,101.26668548583984,0.14849430322647095,0.3427123427391052,-0.9276301860809326,-19.59392738342285,204.88539123535156,101.26668548583984,-18.562044143676758,207.6104736328125,114.63935089111328,-0.07539448142051697,-0.19910797476768494,-0.9770729541778564
1,-39.964168548583984,236.10667419433594,107.48767852783203,-0.011955130845308304,0.022979965433478355,-0.14563366770744324,-0.6776708960533142,0.10627389699220657,-0.7276455760002136,-18.8833065032959,237.43930053710938,168.69329833984375,137.01864624023438,212.9904022216797,336.0921936035156,1110,41.38172912597656,16.309661865234375,-50.537696838378906,229.63021850585938,158.35275268554688,-50.537696838378906,229.63021850585938,158.35275268554688,0.0,0.0,0.0,-50.537696838378906,229.63021850585938,158.35275268554688,-60.954734802246094,213.65126037597656,120.33714294433594,0.24491849541664124,0.3756866753101349,0.8937978148460388,-60.954734802246094,213.65126037597656,120.33714294433594,-57.082305908203125,201.00399780273438,96.71540832519531,-0.14303773641586304,0.46715790033340454,0.8725271224975586,-57.082305908203125,201.00399780273438,96.71540832519531,-46.08805465698242,192.16094970703125,84.62173461914062,-0.5916277170181274,0.4758661687374115,0.6507903337478638,1111,46.694664001464844,15.578988075256348,-44.862403869628906,246.4330596923828,148.68919372558594,-64.13748168945312,238.6173858642578,89.5549087524414,0.30748844146728516,0.12468065321445465,0.9433481097221375,-64.13748168945312,238.6173858642578,89.5549087524414,-64.55730438232422,236.1322784423828,55.53489303588867,0.012306734919548035,0.07284875214099884,0.9972670078277588,-64.55730438232422,236.1322784423828,55.53489303588867,-64.79349517822266,234.73416137695312,36.39543151855469,0.012306787073612213,0.07284928113222122,0.997266948223114,-64.79349517822266,234.73416137695312,36.39543151855469,-64.80178833007812,229.35414123535156,23.941417694091797,0.0006113009876571596,0.39656955003738403,0.9180045127868652,1112,53.2048225402832,15.300636291503906,-35.19648742675781,247.75975036621094,144.8311309814453,-45.5634651184082,240.2953643798828,86.7735824584961,0.17439213395118713,0.1255650669336319,0.9766375422477722,-45.5634651184082,240.2953643798828,86.7735824584961,-52.170196533203125,203.2129669189453,79.98979949951172,0.1726241409778595,0.9689082503318787,0.1772502362728119,-52.170196533203125,203.2129669189453,79.98979949951172,-50.65935134887695,196.0182647705078,101.33869171142578,-0.06691305339336395,0.3186424970626831,-0.94551020860672,-50.65935134887695,196.0182647705078,101.33869171142578,-48.152305603027344,201.24075317382812,115.08956146240234,-0.16801759600639343,-0.3500015437602997,-0.9215579628944397,1113,51.15785598754883,14.559525489807129,-25.05438232421875,246.78826904296875,142.4292755126953,-26.34282875061035,240.00758361816406,89.5045394897461,0.02414046600461006,0.12704361975193024,0.9916033148765564,-26.34282875061035,240.00758361816406,89.5045394897461,-34.263179779052734,205.7678680419922,84.6559829711914,0.22325479984283447,0.9651315212249756,0.1366686224937439,-34.263179779052734,205.7678680419922,84.6559829711914,-34.24708557128906,200.3184051513672,105.96633911132812,-0.0007316847331821918,0.2477468103170395,-0.9688244462013245,-34.24708557128906,200.3184051513672,105.96633911132812,-32.28738784790039,205.53895568847656,119.71405792236328,-0.13209447264671326,-0.3518940210342407,-0.9266723394393921,1114,40.1068115234375,12.93290901184082,-14.823638916015625,240.28782653808594,142.79452514648438,-9.091131210327148,236.02587890625,93.90690612792969,-0.1160268634557724,0.08626249432563782,0.9894931316375732,-9.091131210327148,236.02587890625,93.90690612792969,-18.970809936523438,210.47544860839844,87.75587463378906,0.3518891930580139,0.9100418090820312,0.21908420324325562,-18.970809936523438,210.47544860839844,87.75587463378906,-20.965103149414062,205.18930053710938,102.2219009399414,0.12841404974460602,0.3403790593147278,-0.9314783811569214,-20.965103149414062,205.18930053710938,102.2219009399414,-19.80512237548828,208.0860137939453,115.54792022705078,-0.08475387096405029,-0.21164804697036743,-0.9736641645431519
1,-41.9800910949707,235.8590545654297,108.4328842163086,-0.004360514227300882,0.014632396399974823,-0.15136073529720306,-0.6737919449806213,0.10623077303171158,-0.7312451601028442,-20.665115356445312,237.69729614257812,169.54733276367188,134.34446716308594,213.25831604003906,337.77435302734375,1110,41.38172912597656,16.309661865234375,-52.2194938659668,229.66981506347656,159.40196228027344,-52.2194938659668,229.66981506347656,159.40196228027344,0.0,0.0,0.0,-52.2194938659668,229.66981506347656,159.40196228027344,-62.78382873535156,213.49383544921875,121.51052856445312,0.24838164448738098,0.38031890988349915,0.8908782601356506,-62.78382873535156,213.49383544921875,121.51052856445312,-59.08632278442383,200.78646850585938,97.89302062988281,-0.13657650351524353,0.46937796473503113,0.8723709583282471,-59.08632278442383,200.78646850585938,97.89302062988281,-48.33559036254883,191.91896057128906,85.5999755859375,-0.5785234570503235,0.4771825075149536,0.6615191102027893,1111,46.694664001464844,15.578988075256348,-46.727943420410156,246.44534301757812,149.5860137939453,-66.27169036865234,238.054443359375,90.61897277832031,0.31177443265914917,0.13385702669620514,0.9406801462173462,-66.27169036865234,238.054443359375,90.61897277832031,-66.65455627441406,235.2065887451172,56.6269645690918,0.011223378591239452,0.08348236232995987,0.9964459538459778,-66.65455627441406,235.2065887451172,56.6269645690918,-66.86995697021484,233.60440063476562,37.503257751464844,0.011223512701690197,0.08348245918750763,0.9964460730552673,-66.86995697021484,233.60440063476562,37.503257751464844,-66.7965316772461,227.45994567871094,25.4083194732666,-0.005412289407104254,0.45291706919670105,0.8915362358093262,1112,53.2048225402832,15.300636291503906,-37.094215393066406,247.81820678710938,145.66412353515625,-47.72697067260742,239.85470581054688,87.7210693359375,0.17886298894882202,0.13396109640598297,0.9747114181518555,-47.72697067260742,239.85470581054688,87.7210693359375,-54.1535530090332,202.62205505371094,81.62174987792969,0.16791710257530212,0.9728341698646545,0.1593662053346634,-54.1535530090332,202.62205505371094,81.62174987792969,-52.270545959472656,195.6823272705078,103.025390625,-0.0833955630660057,0.30735012888908386,-0.947935163974762,-52.270545959472656,195.6823272705078,103.025390625,-49.59127426147461,201.10829162597656,116.66454315185547,-0.1795598566532135,-0.36363813281059265,-0.9140709042549133,1113,51.15785598754883,14.559525489807129,-26.958473205566406,246.9072265625,143.21221923828125,-28.48975372314453,239.73414611816406,90.34571075439453,0.02869023010134697,0.13439558446407318,0.9905123710632324,-28.48975372314453,239.73414611816406,90.34571075439453,-36.16635513305664,205.3734130859375,85.98584747314453,0.21638409793376923,0.968542754650116,0.12289359420537949,-36.16635513305664,205.3734130859375,85.98584747314453,-35.96784591674805,200.17190551757812,107.35717010498047,-0.009024744853377342,0.23647403717041016,-0.971595823764801,-35.96784591674805,200.17190551757812,107.35717010498047,-33.94535827636719,205.64634704589844,120.9966049194336,-0.13632692396640778,-0.36900782585144043,-0.9193738102912903,1114,40.1068115234375,12.93290901184082,-16.676023483276367,240.48826599121094,143.5665740966797,-11.183574676513672,235.9168701171875,94.67935180664062,-0.1111680343747139,0.09252577275037766,0.9894850850105286,-11.183574676513672,235.9168701171875,94.67935180664062,-20.905540466308594,210.2191619873047,88.90188598632812,0.3462718427181244,0.9152873754501343,0.20577871799468994,-20.905540466308594,210.2191619873047,88.90188598632812,-22.758277893066406,205.0989227294922,103.44620513916016,0.11929910629987717,0.3296959102153778,-0.9365192651748657,-22.758277893066406,205.0989227294922,103.44620513916016,-21.499685287475586,208.2473907470703,116.70600128173828,-0.09195898473262787,-0.23004259169101715,-0.9688261151313782
1,-43.96281433105469,235.46600341796875,109.19198608398438,-0.0034595716279000044,0.017137737944722176,-0.16002647578716278,-0.6690576076507568,0.11062479019165039,-0.7349312901496887,-22.246850967407227,237.1372528076172,170.18310546875,131.673583984375,211.68740844726562,339.2581481933594,1110,41.38172912597656,16.309661865234375,-53.75490188598633,229.13148498535156,160.23106384277344,-53.75490188598633,229.13148498535156,160.23106384277344,0.0,0.0,0.0,-53.75490188598633,229.13148498535156,160.23106384277344,-64.7462387084961,213.24412536621094,122.33897399902344,0.25842103362083435,0.37353309988975525,0.8908937573432922,-64.7462387084961,213.24412536621094,122.33897399902344,-61.39059066772461,200.696533203125,98.58538818359375,-0.12394915521144867,0.4634763300418854,0.8773974180221558,-61.39059066772461,200.696533203125,98.58538818359375,-51.037445068359375,191.85235595703125,85.9393310546875,-0.5571283102035522,0.4759270250797272,0.6805155873298645,1111,46.694664001464844,15.578988075256348,-48.36555099487305,245.93861389160156,150.4125213623047,-68.40972900390625,237.68307495117188,91.59454345703125,0.3197575807571411,0.1316976547241211,0.9383020997047424,-68.40972900390625,237.68307495117188,91.59454345703125,-68.91160583496094,234.7397003173828,57.61222457885742,0.014712082222104073,0.08628246188163757,0.9961620569229126,-68.91160583496094,234.7397003173828,57.61222457885742,-69.19396209716797,233.08377075195312,38.49396896362305,0.014712251722812653,0.08628267049789429,0.9961619973182678,-69.19396209716797,233.08377075195312,38.49396896362305,-69.12967681884766,226.44224548339844,26.664628982543945,-0.004738564603030682,0.48955684900283813,0.8719584941864014,1112,53.2048225402832,15.300636291503906,-38.767494201660156,247.33189392089844,146.4111785888672,-49.892601013183594,239.51034545898438,88.54127502441406,0.18714527785778046,0.13157318532466888,0.9734808802604675,-49.892601013183594,239.51034545898438,88.54127502441406,-56.40027618408203,202.24156188964844,82.7568359375,0.17003598809242249,0.9737785458564758,0.15113888680934906,-56.40027618408203,202.24156188964844,82.7568359375,-54.110599517822266,195.36907958984375,104.14253234863281,-0.10140631347894669,0.30437183380126953,-0.947140097618103,-54.110599517822266,195.36907958984375,104.14253234863281,-51.175048828125,200.8782196044922,117.6953125,-0.19673526287078857,-0.3692125380039215,-0.9082826972007751,1113,51.15785598754883,14.559525489807129,-28.652400970458984,246.43795776367188,143.86936950683594,-30.63330078125,239.40296936035156,90.99923706054688,0.03711434081196785,0.13180825114250183,0.9905802011489868,-30.63330078125,239.40296936035156,90.99923706054688,-38.305015563964844,205.02294921875,86.78520202636719,0.2162463217973709,0.9690861701965332,0.11878303438425064,-38.305015563964844,205.02294921875,86.78520202636719,-37.88925552368164,199.8827667236328,108.1682357788086,-0.018901532515883446,0.23368605971336365,-0.9721283316612244,-37.88925552368164,199.8827667236328,108.1682357788086,-35.72806930541992,205.46737670898438,121.7415771484375,-0.14567597210407257,-0.37643375992774963,-0.9149186611175537,1114,40.1068115234375,12.93290901184082,-18.360719680786133,240.02883911132812,144.1178436279297,-13.286416053771973,235.5923309326172,95.17303466796875,-0.10270469635725021,0.08979561924934387,0.9906505942344666,-13.286416053771973,235.5923309326172,95.17303466796875,-23.035018920898438,209.87765502929688,89.51727294921875,0.34722068905830383,0.9158920049667358,0.20144398510456085,-23.035018920898438,209.87765502929688,89.51727294921875,-24.72962760925293,204.8065185546875,104.09803771972656,0.1091170608997345,0.32653409242630005,-0.9388658404350281,-24.72962760925293,204.8065185546875,104.09803771972656,-23.310070037841797,208.07241821289062,117.31310272216797,-0.10371985286474228,-0.23862268030643463,-0.9655576348304749
1,-45.91404724121094,235.2235107421875,110.1038589477539,-0.0026862656231969595,0.018781796097755432,-0.164056196808815,-0.6650052666664124,0.12230724841356277,-0.7367556691169739,-24.03116226196289,236.70143127441406,171.03890991210938,128.95700073242188,208.56396484375,340.5336608886719,1110,41.38172912597656,16.309661865234375,-55.49603271484375,228.79043579101562,161.1704864501953,-55.49603271484375,228.79043579101562,161.1704864501953,0.0,0.0,0.0,-55.49603271484375,228.79043579101562,161.1704864501953,-66.77705383300781,213.13824462890625,123.26565551757812,0.2652318477630615,0.36800387501716614,0.8911930918693542,-66.77705383300781,213.13824462890625,123.26565551757812,-63.69550704956055,200.72085571289062,99.40674591064453,-0.11382456868886948,0.4586670398712158,0.8812879920005798,-63.69550704956055,200.72085571289062,99.40674591064453,-53.97257995605469,191.8654327392578,86.27753448486328,-0.5232146382331848,0.47653207182884216,0.7065151333808899,1111,46.694664001464844,15.578988075256348,-50.160221099853516,245.6194610595703,151.36019897460938,-70.43319702148438,237.45098876953125,92.6085205078125,0.32340750098228455,0.13030870258808136,0.9372444152832031,-70.43319702148438,237.45098876953125,92.6085205078125,-70.94369506835938,234.29295349121094,58.64561080932617,0.014964807778596878,0.0925750657916069,0.995593249797821,-70.94369506835938,234.29295349121094,58.64561080932617,-71.23089599609375,232.51626586914062,39.53826904296875,0.01496468298137188,0.09257479757070541,0.995593249797821,-71.23089599609375,232.51626586914062,39.53826904296875,-71.14191436767578,225.44131469726562,27.963102340698242,-0.006558969151228666,0.5215052366256714,0.8532229065895081,1112,53.2048225402832,15.300636291503906,-40.579463958740234,247.02793884277344,147.3228759765625,-51.93000411987305,239.29934692382812,89.48428344726562,0.19093754887580872,0.13000953197479248,0.972954511642456,-51.93000411987305,239.29934692382812,89.48428344726562,-58.49754333496094,202.00135803222656,83.96160125732422,0.1716001182794571,0.9745414853096008,0.14429955184459686,-58.49754333496094,202.00135803222656,83.96160125732422,-55.90748596191406,195.1689453125,105.32585906982422,-0.11470971256494522,0.30259719491004944,-0.9461905360221863,-55.90748596191406,195.1689453125,105.32585906982422,-52.780704498291016,200.7372589111328,118.81151580810547,-0.20955125987529755,-0.3731783330440521,-0.9037843942642212,1113,51.15785598754883,14.559525489807129,-30.473899841308594,246.14707946777344,144.7389678955078,-32.660919189453125,239.20391845703125,91.86482238769531,0.04097621515393257,0.13008777797222137,0.9906553626060486,-32.660919189453125,239.20391845703125,91.86482238769531,-40.31328582763672,204.8045654296875,87.77527618408203,0.21570101380348206,0.9696314334869385,0.11527404934167862,-40.31328582763672,204.8045654296875,87.77527618408203,-39.787330627441406,199.71395874023438,109.16773223876953,-0.023911302909255028,0.23143233358860016,-0.9725571870803833,-39.787330627441406,199.71395874023438,109.16773223876953,-37.55340576171875,205.4042510986328,122.68528747558594,-0.15057897567749023,-0.38355737924575806,-0.9111584424972534,1114,40.1068115234375,12.93290901184082,-20.17592430114746,239.7462615966797,144.934814453125,-15.294238090515137,235.40060424804688,95.96227264404297,-0.09880609065294266,0.08795678615570068,0.9912118911743164,-15.294238090515137,235.40060424804688,95.96227264404297,-25.04623794555664,209.66909790039062,90.38951110839844,0.3473416566848755,0.9164913892745972,0.19848771393299103,-25.04623794555664,209.66909790039062,90.38951110839844,-26.655920028686523,204.6444091796875,104.99595642089844,0.10364857316017151,0.3235432803630829,-0.940519392490387,-26.655920028686523,204.6444091796875,104.99595642089844,-25.142658233642578,208.02081298828125,118.17279052734375,-0.1105663925409317,-0.24669675529003143,-0.9627646803855896
1,-47.79655838012695,234.740966796875,110.92542266845703,-0.016179917380213737,0.01853359118103981,-0.16704975068569183,-0.6597557663917542,0.1383654922246933,-0.7386320233345032,-25.760364532470703,235.9909210205078,171.8085174560547,126.02012634277344,204.15916442871094,341.73492431640625,1110,41.38172912597656,16.309661865234375,-57.297481536865234,228.56399536132812,162.03878784179688,-57.297481536865234,228.56399536132812,162.03878784179688,0.0,0.0,0.0,-57.297481536865234,228.56399536132812,162.03878784179688,-69.02914428710938,213.20448303222656,124.15103912353516,0.2758271098136902,0.3611226975917816,0.8907917141914368,-69.02914428710938,213.20448303222656,124.15103912353516,-66.3406982421875,200.79917907714844,100.23836517333984,-0.09930440038442612,0.45822057127952576,0.883273720741272,-66.3406982421875,200.79917907714844,100.23836517333984,-57.68062973022461,191.76205444335938,86.50288391113281,-0.4660196900367737,0.4863100051879883,0.7391401529312134,1111,46.694664001464844,15.578988075256348,-51.768096923828125,245.29537963867188,152.16888427734375,-72.34050750732422,237.25442504882812,93.5037612915039,0.3281842768192291,0.12827445566654205,0.9358636736869812,-72.34050750732422,237.25442504882812,93.5037612915039,-72.92733764648438,233.7265167236328,59.57850646972656,0.017202412709593773,0.1034175455570221,0.9944891333580017,-72.92733764648438,233.7265167236328,59.57850646972656,-73.25749206542969,231.7417449951172,40.49235534667969,0.017202790826559067,0.10341709852218628,0.9944893717765808,-73.25749206542969,231.7417449951172,40.49235534667969,-73.25982666015625,224.2454376220703,29.18515968322754,0.0001720864966046065,0.5525640845298767,0.8334704041481018,1112,53.2048225402832,15.300636291503906,-42.18250274658203,246.56492614746094,148.09710693359375,-53.824440002441406,238.84613037109375,90.31514739990234,0.19583937525749207,0.12984472513198853,0.9720017313957214,-53.824440002441406,238.84613037109375,90.31514739990234,-60.94921112060547,201.591552734375,85.20564270019531,0.18615972995758057,0.9734070301055908,0.13350379467010498,-60.94921112060547,201.591552734375,85.20564270019531,-58.207149505615234,194.88595581054688,106.59109497070312,-0.1214417815208435,0.2969807982444763,-0.947129487991333,-58.207149505615234,194.88595581054688,106.59109497070312,-54.84796142578125,200.55303955078125,119.97937774658203,-0.22512659430503845,-0.3797975182533264,-0.8972580432891846,1113,51.15785598754883,14.559525489807129,-32.09816360473633,245.54190063476562,145.48281860351562,-34.55071258544922,238.4976043701172,92.63370513916016,0.04595120623707771,0.13198265433311462,0.9901863932609558,-34.55071258544922,238.4976043701172,92.63370513916016,-42.67021179199219,204.17498779296875,88.8085708618164,0.22886818647384644,0.9674679636955261,0.10782088339328766,-42.67021179199219,204.17498779296875,88.8085708618164,-42.11699295043945,199.23643493652344,110.2359619140625,-0.02515077032148838,0.22451947629451752,-0.9741449952125549,-42.11699295043945,199.23643493652344,110.2359619140625,-39.73640060424805,205.067138671875,123.66837310791016,-0.16046522557735443,-0.3930220305919647,-0.9054195880889893,1114,40.1068115234375,12.93290901184082,-21.886526107788086,239.00372314453125,145.66159057617188,-17.223421096801758,234.4713592529297,96.6846694946289,-0.09438196569681168,0.09173574298620224,0.9913004040718079,-17.223421096801758,234.4713592529297,96.6846694946289,-27.34065055847168,208.8414764404297,91.2977294921875,0.3603500425815582,0.9128714203834534,0.19186913967132568,-27.34065055847168,208.8414764404297,91.2977294921875,-28.942441940307617,203.9595184326172,105.95336151123047,0.10314048826694489,0.31435275077819824,-0.9436865448951721,-28.942441940307617,203.9595184326172,105.95336151123047,-27.295289993286133,207.48147583007812,119.075927734375,-0.12034905701875687,-0.25733160972595215,-0.9587994813919067
1,-49.63444900512695,234.30528259277344,111.6895980834961,-0.01803184300661087,0.02044576033949852,-0.16856859624385834,-0.6543798446655273,0.15573188662528992,-0.7399558424949646,-27.565765380859375,235.27476501464844,172.55702209472656,122.97795867919922,199.44776916503906,342.7879638671875,1110,41.38172912597656,16.309661865234375,-59.06756591796875,228.0639190673828,162.80770874023438,-59.06756591796875,228.0639190673828,162.80770874023438,0.0,0.0,0.0,-59.06756591796875,228.0639190673828,162.80770874023438,-71.08051300048828,213.02099609375,124.88108825683594,0.2824403941631317,0.35367918014526367,0.8917053937911987,-71.08051300048828,213.02099609375,124.88108825683594,-68.61876678466797,200.75338745117188,100.87315368652344,-0.09093067795038223,0.4531344473361969,0.8867924213409424,-68.61876678466797,200.75338745117188,100.87315368652344,-61.37077713012695,191.74864196777344,86.32286071777344,-0.39003226161003113,0.48456764221191406,0.7829872369766235,1111,46.694664001464844,15.578988075256348,-53.52289581298828,244.8009490966797,152.95596313476562,-74.20068359375,236.89137268066406,94.31002807617188,0.3298652768135071,0.12617862224578857,0.9355574250221252,-74.20068359375,236.89137268066406,94.31002807617188,-74.86382293701172,233.1002197265625,60.41459274291992,0.01943935453891754,0.1111343577504158,0.9936152696609497,-74.86382293701172,233.1002197265625,60.41459274291992,-75.23690032958984,230.96734619140625,41.34521484375,0.019439304247498512,0.11113398522138596,0.9936153888702393,-75.23690032958984,230.96734619140625,41.34521484375,-75.26558685302734,223.1597137451172,30.250736236572266,0.00211452622897923,0.575512170791626,0.8177905082702637,1112,53.2048225402832,15.300636291503906,-43.94131088256836,246.0595245361328,148.87136840820312,-55.68669509887695,238.4543914794922,91.09527587890625,0.1975795477628708,0.12793271243572235,0.9719030261039734,-55.68669509887695,238.4543914794922,91.09527587890625,-62.93297576904297,201.19717407226562,86.1795425415039,0.18933460116386414,0.973475992679596,0.12844084203243256,-62.93297576904297,201.19717407226562,86.1795425415039,-59.998504638671875,194.52215576171875,107.54901885986328,-0.12996330857276917,0.29562652111053467,-0.9464219212532043,-59.998504638671875,194.52215576171875,107.54901885986328,-56.4950065612793,200.2309112548828,120.88249969482422,-0.23479798436164856,-0.38259029388427734,-0.8935853242874146,1113,51.15785598754883,14.559525489807129,-33.862911224365234,245.02227783203125,146.2398223876953,-36.410072326660156,238.06698608398438,93.3833999633789,0.04772387444972992,0.13031506538391113,0.9903234243392944,-36.410072326660156,238.06698608398438,93.3833999633789,-44.592262268066406,203.75137329101562,89.6298828125,0.230635404586792,0.9672710299491882,0.10580223053693771,-44.592262268066406,203.75137329101562,89.6298828125,-43.99513626098633,198.85745239257812,111.06632995605469,-0.027146905660629272,0.22249041497707367,-0.9745568037033081,-43.99513626098633,198.85745239257812,111.06632995605469,-41.559242248535156,204.786865234375,124.44552612304688,-0.16419272124767303,-0.3996752202510834,-0.9018318057060242,1114,40.1068115234375,12.93290901184082,-23.66297149658203,238.46519470214844,146.39231872558594,-19.083921432495117,234.00267028808594,97.40106964111328,-0.09268070757389069,0.09032220393419266,0.991590678691864,-19.083921432495117,234.00267028808594,97.40106964111328,-29.257909774780273,208.38644409179688,92.05628967285156,0.3623717725276947,0.9123852849006653,0.19036756455898285,-29.257909774780273,208.38644409179688,92.05628967285156,-30.823593139648438,203.5510711669922,106.73124694824219,0.10081551223993301,0.31135323643684387,-0.9449313879013062,-30.823593139648438,203.5510711669922,106.73124694824219,-29.10751724243164,207.16943359375,119.81871032714844,-0.12538495659828186,-0.26437535881996155,-0.9562345147132874
1,-51.45154571533203,234.28257751464844,112.62918853759766,-0.018692780286073685,0.0320880152285099,-0.1696835458278656,-0.6488902568817139,0.17147935926914215,-0.7413071393966675,-29.38243865966797,234.47264099121094,173.50367736816406,119.89837646484375,195.02285766601562,344.0455017089844,1110,41.38172912597656,16.309661865234375,-60.83357620239258,227.45814514160156,163.68214416503906,-60.83357620239258,227.45814514160156,163.68214416503906,0.0,0.0,0.0,-60.83357620239258,227.45814514160156,163.68214416503906,-73.14683532714844,213.09942626953125,125.58700561523438,0.2895011305809021,0.33759263157844543,0.8956674933433533,-73.14683532714844,213.09942626953125,125.58700561523438,-70.8882827758789,201.20703125,101.37120056152344,-0.08342522382736206,0.43927499651908875,0.8944706320762634,-70.8882827758789,201.20703125,101.37120056152344,-65.030029296875,192.4695587158203,86.0523452758789,-0.3152470886707306,0.47018498182296753,0.8243454694747925,1111,46.694664001464844,15.578988075256348,-55.28885269165039,244.30418395996094,154.01800537109375,-76.03483581542969,237.084228515625,95.30724334716797,0.3309532701969147,0.11517737060785294,0.9365918040275574,-76.03483581542969,237.084228515625,95.30724334716797,-76.82479858398438,233.36827087402344,61.40619659423828,0.023157069459557533,0.1089300587773323,0.9937796592712402,-76.82479858398438,233.36827087402344,61.40619659423828,-77.26922607421875,231.2777099609375,42.33366394042969,0.023157021030783653,0.10892926901578903,0.9937797784805298,-77.26922607421875,231.2777099609375,42.33366394042969,-77.33708953857422,223.3402557373047,31.331865310668945,0.005002317018806934,0.5850815773010254,0.810958981513977,1112,53.2048225402832,15.300636291503906,-45.710872650146484,245.60377502441406,149.9378204345703,-57.5233268737793,238.67263793945312,92.09064483642578,0.19870775938034058,0.11659479141235352,0.9730985760688782,-57.5233268737793,238.67263793945312,92.09064483642578,-64.87246704101562,201.45004272460938,87.06657409667969,0.1920221745967865,0.9725714325904846,0.13127154111862183,-64.87246704101562,201.45004272460938,87.06657409667969,-61.661190032958984,194.59884643554688,108.34027099609375,-0.14222264289855957,0.3034292161464691,-0.9421801567077637,-61.661190032958984,194.59884643554688,108.34027099609375,-57.96774673461914,200.2339630126953,121.65379333496094,-0.2475278526544571,-0.3776552677154541,-0.8922480344772339,1113,51.15785598754883,14.559525489807129,-35.63597869873047,244.59063720703125,147.28355407714844,-38.244503021240234,238.24684143066406,94.3532485961914,0.04887358099222183,0.11885801702737808,0.9917076826095581,-38.244503021240234,238.24684143066406,94.3532485961914,-46.44287109375,203.95826721191406,90.39340209960938,0.23109127581119537,0.9665082097053528,0.11161806434392929,-46.44287109375,203.95826721191406,90.39340209960938,-45.799766540527344,198.9217071533203,111.79544830322266,-0.02923722006380558,0.22897523641586304,-0.9729931354522705,-45.799766540527344,198.9217071533203,111.79544830322266,-43.318241119384766,204.8395233154297,125.17138671875,-0.16726858913898468,-0.39889365434646606,-0.9016125202178955,1114,40.1068115234375,12.93290901184082,-25.440059661865234,238.02587890625,147.34939575195312,-20.9166259765625,234.12564086914062,98.30500030517578,-0.09155498445034027,0.07894141227006912,0.9926660060882568,-20.9166259765625,234.12564086914062,98.30500030517578,-31.115100860595703,208.5569610595703,92.78216552734375,0.36324384808540344,0.9106916189193726,0.19670937955379486,-31.115100860595703,208.5569610595703,92.78216552734375,-32.6379280090332,203.64614868164062,107.43656921386719,0.09805596619844437,0.3162108361721039,-0.9436079263687134,-32.6379280090332,203.64614868164062,107.43656921386719,-30.856386184692383,207.25721740722656,120.51730346679688,-0.130168154835701,-0.26384231448173523,-0.955742359161377
1,-53.15684509277344,234.03567504882812,113.52490234375,-0.03102453611791134,0.0337972529232502,-0.16826029121875763,-0.6414797902107239,0.18401022255420685,-0.7447441816329956,-31.19664764404297,233.9321746826172,174.4385528564453,116.37934875488281,191.59959411621094,345.7711181640625,1110,41.38172912597656,16.309661865234375,-62.67472839355469,227.34805297851562,164.57080078125,-62.67472839355469,227.34805297851562,164.57080078125,0.0,0.0,0.0,-62.67472839355469,227.34805297851562,164.57080078125,-75.39237213134766,213.36618041992188,126.46835327148438,0.299008846282959,0.32873257994651794,0.8958396315574646,-75.39237213134766,213.36618041992188,126.46835327148438,-73.44003295898438,201.53749084472656,102.19479370117188,-0.0721144825220108,0.4369219243526459,0.8966040015220642,-73.44003295898438,201.53749084472656,102.19479370117188,-69.00035095214844,192.89772033691406,86.35264587402344,-0.23891016840934753,0.46492722630500793,0.8525047898292542,1111,46.694664001464844,15.578988075256348,-56.91231155395508,244.12042236328125,154.9058837890625,-77.6858901977539,237.13409423828125,96.17662048339844,0.3313934803009033,0.11145039647817612,0.9368869662284851,-77.6858901977539,237.13409423828125,96.17662048339844,-78.64527130126953,233.43565368652344,62.27803039550781,0.02812342159450054,0.10841656476259232,0.9937076568603516,-78.64527130126953,233.43565368652344,62.27803039550781,-79.18501281738281,231.3549346923828,43.206878662109375,0.028123382478952408,0.10841643810272217,0.9937076568603516,-79.18501281738281,231.3549346923828,43.206878662109375,-79.39346313476562,223.3880157470703,32.22816467285156,0.015365182422101498,0.5872534513473511,0.8092573285102844,1112,53.2048225402832,15.300636291503906,-47.31482696533203,245.29989624023438,150.8350372314453,-59.15288543701172,238.49229431152344,92.97843933105469,0.19913850724697113,0.1145167276263237,0.973257303237915,-59.15288543701172,238.49229431152344,92.97843933105469,-66.99604034423828,201.33848571777344,88.19800567626953,0.20493003726005554,0.9707740545272827,0.12490566074848175,-66.99604034423828,201.33848571777344,88.19800567626953,-63.72701644897461,194.47523498535156,109.45902252197266,-0.14478014409542084,0.3039630353450775,-0.9416183829307556,-63.72701644897461,194.47523498535156,109.45902252197266,-59.86585998535156,200.10751342773438,122.72608184814453,-0.25876766443252563,-0.37746500968933105,-0.8891341090202332,1113,51.15785598754883,14.559525489807129,-37.250518798828125,244.1612548828125,148.1915283203125,-39.883121490478516,237.82911682128906,95.26101684570312,0.04932470992207527,0.11863958090543747,0.991711437702179,-39.883121490478516,237.82911682128906,95.26101684570312,-48.46376419067383,203.62091064453125,91.41777801513672,0.24186667799949646,0.9642430543899536,0.10833121091127396,-48.46376419067383,203.62091064453125,91.41777801513672,-47.96928787231445,198.6524200439453,112.83967590332031,-0.022480187937617302,0.22588059306144714,-0.9738956093788147,-47.96928787231445,198.6524200439453,112.83967590332031,-45.463504791259766,204.64315795898438,126.17858123779297,-0.1689036786556244,-0.40380895137786865,-0.8991161584854126,1114,40.1068115234375,12.93290901184082,-27.136598587036133,237.4709930419922,148.27037048339844,-22.611562728881836,233.49562072753906,99.2321548461914,-0.09158741682767868,0.08046214282512665,0.9925409555435181,-22.611562728881836,233.49562072753906,99.2321548461914,-33.120601654052734,208.0453643798828,93.74468231201172,0.3743054270744324,0.9064738750457764,0.19544991850852966,-33.120601654052734,208.0453643798828,93.74468231201172,-34.70066452026367,203.20944213867188,108.41792297363281,0.10174138098955154,0.3113885223865509,-0.9448205232620239,-34.70066452026367,203.20944213867188,108.41792297363281,-32.85336685180664,206.89596557617188,121.46844482421875,-0.1349726915359497,-0.2693555951118469,-0.9535355567932129
1,-54.857177734375,234.00694274902344,114.50393676757812,-0.04822668060660362,0.038823239505290985,-0.16602574288845062,-0.6331332921981812,0.19511821866035461,-0.749046802520752,-33.045772552490234,233.41195678710938,175.4746856689453,112.61006927490234,188.52392578125,347.79705810546875,1110,41.38172912597656,16.309661865234375,-64.5735092163086,227.3765106201172,165.51991271972656,-64.5735092163086,227.3765106201172,165.51991271972656,0.0,0.0,0.0,-64.5735092163086,227.3765106201172,165.51991271972656,-77.72599792480469,213.83071899414062,127.40755462646484,0.30923259258270264,0.3184796869754791,0.896072506904602,-77.72599792480469,213.83071899414062,127.40755462646484,-76.08490753173828,202.0685577392578,103.07868957519531,-0.060617730021476746,0.4344644844532013,0.8986467719078064,-76.08490753173828,202.0685577392578,103.07868957519531,-72.35498046875,193.48524475097656,87.0242691040039,-0.2007165402173996,0.4618891775608063,0.8639278411865234,1111,46.694664001464844,15.578988075256348,-58.50669860839844,244.06739807128906,155.9003143310547,-79.30037689208984,237.56468200683594,97.12264251708984,0.33171412348747253,0.10373550653457642,0.9376592040061951,-79.30037689208984,237.56468200683594,97.12264251708984,-80.60282897949219,234.23248291015625,63.19752883911133,0.03818024694919586,0.09768051654100418,0.9944851398468018,-80.60282897949219,234.23248291015625,63.19752883911133,-81.33557891845703,232.3577880859375,44.111454010009766,0.03818013519048691,0.09768148511648178,0.9944851398468018,-81.33557891845703,232.3577880859375,44.111454010009766,-81.7815170288086,224.5127716064453,33.052337646484375,0.03287077695131302,0.5782681107521057,0.8151842951774597,1112,53.2048225402832,15.300636291503906,-48.88357162475586,245.08975219726562,151.84754943847656,-60.741432189941406,238.60975646972656,93.9573974609375,0.1994716227054596,0.10900577157735825,0.9738216996192932,-60.741432189941406,238.60975646972656,93.9573974609375,-69.26318359375,201.59521484375,89.2588882446289,0.22266080975532532,0.9671354293823242,0.12276512384414673,-69.26318359375,201.59521484375,89.2588882446289,-65.99562072753906,194.61224365234375,110.48110961914062,-0.14471544325351715,0.30926528573036194,-0.9399002194404602,-65.99562072753906,194.61224365234375,110.48110961914062,-61.952301025390625,200.15928649902344,123.72980499267578,-0.27097582817077637,-0.3717525899410248,-0.8879031538963318,1113,51.15785598754883,14.559525489807129,-38.83603286743164,243.7832794189453,149.21791076660156,-41.489776611328125,237.60948181152344,96.26974487304688,0.04972080886363983,0.11567288637161255,0.9920421242713928,-41.489776611328125,237.60948181152344,96.26974487304688,-50.55973434448242,203.5286865234375,92.4181900024414,0.255659282207489,0.9606518149375916,0.10856563597917557,-50.55973434448242,203.5286865234375,92.4181900024414,-50.40277099609375,198.59494018554688,113.85324096679688,-0.007135966792702675,0.22430108487606049,-0.9744938015937805,-50.40277099609375,198.59494018554688,113.85324096679688,-47.95219802856445,204.6261749267578,127.18415832519531,-0.16518212854862213,-0.4065384864807129,-0.8985773324966431,1114,40.1068115234375,12.93290901184082,-28.839139938354492,236.91940307617188,149.2987823486328,-24.302122116088867,232.97032165527344,100.25955963134766,-0.09182995557785034,0.07993002980947495,0.9925615787506104,-24.302122116088867,232.97032165527344,100.25955963134766,-35.24003982543945,207.7124786376953,94.72135925292969,0.3895808756351471,0.8996202945709229,0.1972566545009613,-35.24003982543945,207.7124786376953,94.72135925292969,-36.90972137451172,202.9176025390625,109.39813995361328,0.10751203447580338,0.3087456226348877,-0.9450488090515137,-36.90972137451172,202.9176025390625,109.39813995361328,-34.98788833618164,206.62571716308594,122.43177795410156,-0.14041852951049805,-0.27093300223350525,-0.9523013830184937
1,-56.57990264892578,234.13929748535156,115.53848266601562,-0.06334405392408371,0.05220171436667442,-0.16635604202747345,-0.6260086297988892,0.20719359815120697,-0.7517872452735901,-34.78330612182617,232.6101837158203,176.51068115234375,109.23346710205078,184.9441375732422,349.4635314941406,1110,41.38172912597656,16.309661865234375,-66.3524169921875,227.1024627685547,166.48924255371094,-66.3524169921875,227.1024627685547,166.48924255371094,0.0,0.0,0.0,-66.3524169921875,227.1024627685547,166.48924255371094,-79.96464538574219,214.25526428222656,128.2965087890625,0.320041686296463,0.30205482244491577,0.897962212562561,-79.96464538574219,214.25526428222656,128.2965087890625,-78.6690902709961,202.76637268066406,103.81668090820312,-0.04785453900694847,0.4243707060813904,0.9042231440544128,-78.6690902709961,202.76637268066406,103.81668090820312,-75.3690185546875,194.35308837890625,87.57918548583984,-0.1775849461555481,0.4527394473552704,0.8737794160842896,1111,46.694664001464844,15.578988075256348,-60.04286193847656,243.80355834960938,157.04513549804688,-80.98123168945312,238.25315856933594,98.22119903564453,0.33402231335639954,0.08854353427886963,0.9383971691131592,-80.98123168945312,238.25315856933594,98.22119903564453,-82.77948760986328,235.46246337890625,64.26988983154297,0.052714310586452484,0.08180680871009827,0.9952531456947327,-82.77948760986328,235.46246337890625,64.26988983154297,-83.79118347167969,233.89244079589844,45.16907501220703,0.05271469056606293,0.08180645853281021,0.9952532052993774,-83.79118347167969,233.89244079589844,45.16907501220703,-84.51131439208984,226.2349090576172,33.99361038208008,0.05308191850781441,0.5644480586051941,0.8237600922584534,1112,53.2048225402832,15.300636291503906,-50.4088134765625,244.724853515625,152.99407958984375,-62.41129684448242,239.052978515625,95.04894256591797,0.20190446078777313,0.09541166573762894,0.9747467637062073,-62.41129684448242,239.052978515625,95.04894256591797,-71.51891326904297,202.2064666748047,90.1337890625,0.2379685640335083,0.962744951248169,0.1284257024526596,-71.51891326904297,202.2064666748047,90.1337890625,-68.21942901611328,194.94664001464844,111.25794219970703,-0.14612919092178345,0.32152679562568665,-0.935556948184967,-68.21942901611328,194.94664001464844,111.25794219970703,-63.99812698364258,200.3192901611328,124.52297973632812,-0.28290390968322754,-0.36006516218185425,-0.8889985084533691,1113,51.15785598754883,14.559525489807129,-40.38429641723633,243.29586791992188,150.34039306640625,-43.17497253417969,237.7379150390625,97.33108520507812,0.05228639766573906,0.10413438081741333,0.9931879043579102,-43.17497253417969,237.7379150390625,97.33108520507812,-52.65592575073242,203.80105590820312,93.20787811279297,0.2672441303730011,0.9565944075584412,0.1162227988243103,-52.65592575073242,203.80105590820312,93.20787811279297,-52.803062438964844,198.74134826660156,114.6136245727539,0.006689217407256365,0.23002751171588898,-0.9731610417366028,-52.803062438964844,198.74134826660156,114.6136245727539,-50.40679931640625,204.71673583984375,127.9795150756836,-0.16152139008045197,-0.4027741551399231,-0.9009349346160889,1114,40.1068115234375,12.93290901184082,-30.49188804626465,236.28176879882812,150.3368682861328,-26.05583953857422,232.7974395751953,101.2531967163086,-0.08978630602359772,0.07052335888147354,0.9934610724449158,-26.05583953857422,232.7974395751953,101.2531967163086,-37.3790168762207,207.7600860595703,95.49264526367188,0.4033030569553375,0.8917675018310547,0.20517633855342865,-37.3790168762207,207.7600860595703,95.49264526367188,-39.089332580566406,202.87986755371094,110.13658142089844,0.1101284995675087,0.31424087285995483,-0.9429339170455933,-39.089332580566406,202.87986755371094,110.13658142089844,-37.06827163696289,206.4980010986328,123.18049621582031,-0.14766860008239746,-0.2643585503101349,-0.9530522227287292
1,-58.353694915771484,234.3555450439453,116.63309478759766,-0.0786176323890686,0.059783048927783966,-0.16517983376979828,-0.6218782067298889,0.221245676279068,-0.7512109279632568,-36.61494827270508,232.1798858642578,177.6060028076172,106.45159912109375,181.2810821533203,350.42626953125,1110,41.38172912597656,16.309661865234375,-68.25434112548828,227.21240234375,167.5443115234375,-68.25434112548828,227.21240234375,167.5443115234375,0.0,0.0,0.0,-68.25434112548828,227.21240234375,167.5443115234375,-82.27482604980469,214.84774780273438,129.33999633789062,0.32964035868644714,0.29070955514907837,0.8982345461845398,-82.27482604980469,214.84774780273438,129.33999633789062,-81.27149200439453,203.48822021484375,104.78618621826172,-0.03706062585115433,0.4195922613143921,0.9069557785987854,-81.27149200439453,203.48822021484375,104.78618621826172,-78.09443664550781,195.10220336914062,88.51010131835938,-0.17096519470214844,0.45127227902412415,0.875856339931488,1111,46.694664001464844,15.578988075256348,-61.686397552490234,243.8625030517578,158.18670654296875,-82.68193817138672,238.9287872314453,99.32820129394531,0.3349342942237854,0.0787057876586914,0.9389485120773315,-82.68193817138672,238.9287872314453,99.32820129394531,-85.080322265625,236.61825561523438,65.3779067993164,0.07030653953552246,0.06773122400045395,0.9952232837677002,-85.080322265625,236.61825561523438,65.3779067993164,-86.42963409423828,235.318359375,46.27766799926758,0.07030627876520157,0.06773146241903305,0.9952234029769897,-86.42963409423828,235.318359375,46.27766799926758,-87.46652221679688,227.98532104492188,34.911109924316406,0.07643060386180878,0.5405294299125671,0.8378462791442871,1112,53.2048225402832,15.300636291503906,-52.03767013549805,244.6569061279297,154.14373779296875,-64.10059356689453,239.4608154296875,96.1665267944336,0.20292112231254578,0.08740804344415665,0.9752860069274902,-64.10059356689453,239.4608154296875,96.1665267944336,-73.77561950683594,202.7595977783203,91.2485122680664,0.25279420614242554,0.9589487910270691,0.12850047647953033,-73.77561950683594,202.7595977783203,91.2485122680664,-70.50418090820312,195.34869384765625,112.32451629638672,-0.1448870450258255,0.32821768522262573,-0.9334242343902588,-70.50418090820312,195.34869384765625,112.32451629638672,-66.1406478881836,200.63316345214844,125.57894897460938,-0.29243597388267517,-0.35415545105934143,-0.8882877826690674,1113,51.15785598754883,14.559525489807129,-42.03501510620117,243.0883331298828,151.48638916015625,-44.88758087158203,237.840576171875,98.44876861572266,0.0534459687769413,0.09832251816987991,0.9937183260917664,-44.88758087158203,237.840576171875,98.44876861572266,-54.7697868347168,204.02699279785156,94.25569152832031,0.2785545885562897,0.9531200528144836,0.11819232255220413,-54.7697868347168,204.02699279785156,94.25569152832031,-55.28602600097656,198.96800231933594,115.6558837890625,0.023469584062695503,0.22999495267868042,-0.9729087948799133,-55.28602600097656,198.96800231933594,115.6558837890625,-52.979000091552734,204.97511291503906,129.02325439453125,-0.15550631284713745,-0.4049125015735626,-0.9010347723960876,1114,40.1068115234375,12.93290901184082,-32.25088882446289,235.92405700683594,151.4509735107422,-27.847579956054688,232.6195068359375,102.35193634033203,-0.0891236737370491,0.06688462197780609,0.9937723278999329,-27.847579956054688,232.6195068359375,102.35193634033203,-39.550811767578125,207.77871704101562,96.50067901611328,0.4168395698070526,0.8847662210464478,0.20840701460838318,-39.550811767578125,207.77871704101562,96.50067901611328,-41.32617950439453,202.88998413085938,111.134033203125,0.11431721597909927,0.3147890567779541,-0.9422522783279419,-41.32617950439453,202.88998413085938,111.134033203125,-39.22408676147461,206.48655700683594,124.17109680175781,-0.15358924865722656,-0.26278331875801086,-0.952552080154419
1,-60.09819793701172,234.37826538085938,117.72552490234375,-0.09527231752872467,0.06210330128669739,-0.16492463648319244,-0.6226387619972229,0.23752711713314056,-0.7455882430076599,-38.30717468261719,231.804931640625,178.65167236328125,104.93434143066406,177.16049194335938,350.17840576171875,1110,41.38172912597656,16.309661865234375,-70.07853698730469,227.42306518554688,168.64720153808594,-70.07853698730469,227.42306518554688,168.64720153808594,0.0,0.0,0.0,-70.07853698730469,227.42306518554688,168.64720153808594,-84.61441040039062,215.37562561035156,130.5342559814453,0.34175777435302734,0.2832513749599457,0.8960861563682556,-84.61441040039062,215.37562561035156,130.5342559814453,-83.98190307617188,204.0222930908203,105.96524047851562,-0.023363230749964714,0.4193635582923889,0.907517671585083,-83.98190307617188,204.0222930908203,105.96524047851562,-80.79776763916016,195.5341796875,89.7435531616211,-0.17134617269039154,0.456766277551651,0.8729289174079895,1111,46.694664001464844,15.578988075256348,-63.24168014526367,243.95758056640625,159.2772674560547,-84.35985565185547,239.34765625,100.43638610839844,0.33689063787460327,0.07354045659303665,0.938667356967926,-84.35985565185547,239.34765625,100.43638610839844,-87.38739776611328,237.35540771484375,66.5162124633789,0.08874977380037308,0.05840103700757027,0.9943404793739319,-87.38739776611328,237.35540771484375,66.5162124633789,-89.0906753540039,236.2345733642578,47.432918548583984,0.08874975144863129,0.058401383459568024,0.9943403005599976,-89.0906753540039,236.2345733642578,47.432918548583984,-90.46151733398438,229.3745574951172,35.80931091308594,0.10104683041572571,0.5056620836257935,0.8567936420440674,1112,53.2048225402832,15.300636291503906,-53.58407211303711,244.5897216796875,155.22686767578125,-65.77458953857422,239.56936645507812,97.2608642578125,0.2050674855709076,0.0844518393278122,0.9750974774360657,-65.77458953857422,239.56936645507812,97.2608642578125,-76.05838775634766,203.0154266357422,92.48322296142578,0.2687004506587982,0.9551004767417908,0.12483271211385727,-76.05838775634766,203.0154266357422,92.48322296142578,-72.86518859863281,195.5269775390625,113.5438003540039,-0.14142201840877533,0.3316522240638733,-0.9327414631843567,-72.86518859863281,195.5269775390625,113.5438003540039,-68.37310028076172,200.77545166015625,126.76956176757812,-0.30105146765708923,-0.35174304246902466,-0.886366069316864,1113,51.15785598754883,14.559525489807129,-43.61083984375,242.8539276123047,152.5629119873047,-46.58946990966797,237.63099670410156,99.5297622680664,0.05580791458487511,0.09785736352205276,0.9936344623565674,-46.58946990966797,237.63099670410156,99.5297622680664,-56.913516998291016,203.94183349609375,95.40025329589844,0.29100897908210754,0.9496129751205444,0.11640049517154694,-56.913516998291016,203.94183349609375,95.40025329589844,-57.82212829589844,198.9724578857422,116.80838012695312,0.04130784794688225,0.22592082619667053,-0.973269522190094,-57.82212829589844,198.9724578857422,116.80838012695312,-55.60902786254883,205.0463104248047,130.1614532470703,-0.14917531609535217,-0.40941154956817627,-0.9000716805458069,1114,40.1068115234375,12.93290901184082,-33.947174072265625,235.5279998779297,152.52357482910156,-29.635725021362305,232.12913513183594,103.42281341552734,-0.08726439625024796,0.06879354268312454,0.9938069581985474,-29.635725021362305,232.12913513183594,103.42281341552734,-41.696922302246094,207.45999145507812,97.57225036621094,0.42958924174308777,0.8786523342132568,0.20838221907615662,-41.696922302246094,207.45999145507812,97.57225036621094,-43.67074966430664,202.6639404296875,112.21084594726562,0.12709620594978333,0.30882129073143005,-0.9425899982452393,-43.67074966430664,202.6639404296875,112.21084594726562,-41.60057830810547,206.3130340576172,125.23841857910156,-0.15125690400600433,-0.2666207551956177,-0.9518585801124573
1,-61.84201431274414,234.37510681152344,118.8524169921875,-0.11658679693937302,0.06614021956920624,-0.16494432091712952,-0.6274868845939636,0.25486838817596436,-0.7357324957847595,-39.92826461791992,231.2659912109375,179.69410705566406,104.4285888671875,172.63209533691406,348.9534606933594,1110,41.38172912597656,16.309661865234375,-71.89981079101562,227.60736083984375,169.7841033935547,-71.89981079101562,227.60736083984375,169.7841033935547,0.0,0.0,0.0,-71.89981079101562,227.60736083984375,169.7841033935547,-87.034912109375,215.97512817382812,131.77557373046875,0.35584643483161926,0.2734893262386322,0.8936312794685364,-87.034912109375,215.97512817382812,131.77557373046875,-86.86247253417969,204.65318298339844,107.18453979492188,-0.006369482725858688,0.41820406913757324,0.9083306789398193,-86.86247253417969,204.65318298339844,107.18453979492188,-83.626220703125,196.031982421875,91.04354858398438,-0.17415067553520203,0.4639280140399933,0.8685864210128784,1111,46.694664001464844,15.578988075256348,-64.7256851196289,243.9976806640625,160.41299438476562,-86.01569366455078,239.86778259277344,101.59840393066406,0.33963191509246826,0.06588278710842133,0.9382481575012207,-86.01569366455078,239.86778259277344,101.59840393066406,-89.68500518798828,238.25892639160156,67.72126007080078,0.10756268352270126,0.04716222360730171,0.9930790662765503,-89.68500518798828,238.25892639160156,67.72126007080078,-91.74933624267578,237.3538055419922,48.66217041015625,0.10756253451108932,0.04716157168149948,0.9930790662765503,-91.74933624267578,237.3538055419922,48.66217041015625,-93.4769515991211,231.1084747314453,36.74333953857422,0.12734510004520416,0.46035265922546387,0.8785548210144043,1112,53.2048225402832,15.300636291503906,-55.062252044677734,244.42654418945312,156.3498992919922,-67.43416595458984,239.6961669921875,98.39794921875,0.2081189602613449,0.07957388460636139,0.9748612642288208,-67.43416595458984,239.6961669921875,98.39794921875,-78.47167205810547,203.35726928710938,93.66181945800781,0.28839370608329773,0.9494816660881042,0.1237480640411377,-78.47167205810547,203.35726928710938,93.66181945800781,-75.45811462402344,195.76983642578125,114.71343994140625,-0.1334659457206726,0.3360360264778137,-0.9323447346687317,-75.45811462402344,195.76983642578125,114.71343994140625,-70.8584213256836,200.95211791992188,127.92830657958984,-0.3082630932331085,-0.34730708599090576,-0.8856363296508789,1113,51.15785598754883,14.559525489807129,-45.13172149658203,242.48060607910156,153.67166137695312,-48.29155731201172,237.34942626953125,100.64005279541016,0.05920301750302315,0.09613832831382751,0.9936057925224304,-48.29155731201172,237.34942626953125,100.64005279541016,-59.195892333984375,203.8453369140625,96.49623107910156,0.30736568570137024,0.9443957209587097,0.11680387705564499,-59.195892333984375,203.8453369140625,96.49623107910156,-60.556121826171875,198.95729064941406,117.8991470336914,0.061839599162340164,0.2222234010696411,-0.9730327129364014,-60.556121826171875,198.95729064941406,117.8991470336914,-58.433467864990234,205.07374572753906,131.24746704101562,-0.14307862520217896,-0.41228294372558594,-0.8997506499290466,1114,40.1068115234375,12.93290901184082,-35.625972747802734,234.95101928710938,153.61575317382812,-31.453357696533203,231.48655700683594,104.50758361816406,-0.08445437252521515,0.07012125104665756,0.9939569234848022,-31.453357696533203,231.48655700683594,104.50758361816406,-43.83177185058594,206.9891357421875,98.59833526611328,0.4408877491950989,0.8725361227989197,0.2104724645614624,-43.83177185058594,206.9891357421875,98.59833526611328,-46.3577995300293,202.43621826171875,113.22969818115234,0.16265277564525604,0.2931656837463379,-0.9421241879463196,-46.3577995300293,202.43621826171875,113.22969818115234,-44.60453796386719,206.2494354248047,126.25676727294922,-0.12810194492340088,-0.2786124646663666,-0.9518219828605652
1,-63.61555480957031,234.3548583984375,119.91768646240234,-0.12587501108646393,0.06796213239431381,-0.16558605432510376,-0.6360569000244141,0.27227941155433655,-0.7220079898834229,-41.538352966308594,230.90794372558594,180.6535186767578,104.79007720947266,168.26853942871094,346.7554626464844,1110,41.38172912597656,16.309661865234375,-73.67220306396484,227.6658935546875,170.86001586914062,-73.67220306396484,227.6658935546875,170.86001586914062,0.0,0.0,0.0,-73.67220306396484,227.6658935546875,170.86001586914062,-89.229248046875,216.24069213867188,132.95921325683594,0.3657669723033905,0.2686218023300171,0.89109867811203,-89.229248046875,216.24069213867188,132.95921325683594,-89.39735412597656,204.95436096191406,108.35177612304688,0.006209413055330515,0.4168885052204132,0.9089364409446716,-89.39735412597656,204.95436096191406,108.35177612304688,-86.0767593383789,196.2448272705078,92.27546691894531,-0.1786893755197525,0.4686814248561859,0.8651057481765747,1111,46.694664001464844,15.578988075256348,-66.3587417602539,243.991943359375,161.4844207763672,-87.75889587402344,240.07525634765625,102.69522094726562,0.3413890302181244,0.062481511384248734,0.9378431439399719,-87.75889587402344,240.07525634765625,102.69522094726562,-91.9731216430664,238.8157196044922,68.86672973632812,0.1235363706946373,0.03692222759127617,0.9916528463363647,-91.9731216430664,238.8157196044922,68.86672973632812,-94.34402465820312,238.10711669921875,49.83501052856445,0.12353654950857162,0.036921948194503784,0.9916529655456543,-94.34402465820312,238.10711669921875,49.83501052856445,-96.31658935546875,232.43783569335938,37.66884231567383,0.14540067315101624,0.41789111495018005,0.8967863321304321,1112,53.2048225402832,15.300636291503906,-56.69680404663086,244.33274841308594,157.40943908691406,-69.18373107910156,239.73306274414062,99.47162628173828,0.21005365252494812,0.0773753821849823,0.9746232628822327,-69.18373107910156,239.73306274414062,99.47162628173828,-80.53643035888672,203.48980712890625,94.74769592285156,0.29662925004959106,0.9469826817512512,0.1234293133020401,-80.53643035888672,203.48980712890625,94.74769592285156,-77.63090515136719,195.83827209472656,115.79130554199219,-0.12868131697177887,0.3388749361038208,-0.9319896697998047,-77.63090515136719,195.83827209472656,115.79130554199219,-72.99769592285156,201.00035095214844,129.00238037109375,-0.31050905585289,-0.3459528982639313,-0.8853816390037537,1113,51.15785598754883,14.559525489807129,-46.78799057006836,242.29600524902344,154.7183380126953,-50.06082534790039,237.20912170410156,101.6893081665039,0.061320167034864426,0.09530837088823318,0.9935572743415833,-50.06082534790039,237.20912170410156,101.6893081665039,-61.157962799072266,203.7714080810547,97.52129364013672,0.3128003180027008,0.942524790763855,0.11748582124710083,-61.157962799072266,203.7714080810547,97.52129364013672,-62.86823654174805,198.93228149414062,118.91021728515625,0.07775351405143738,0.21999932825565338,-0.9723963141441345,-62.86823654174805,198.93228149414062,118.91021728515625,-60.87954330444336,205.104248046875,132.2536163330078,-0.1340489238500595,-0.41602468490600586,-0.8994188904762268,1114,40.1068115234375,12.93290901184082,-37.352210998535156,234.67901611328125,154.6485595703125,-33.27267074584961,231.19000244140625,105.53431701660156,-0.08257054537534714,0.07061819732189178,0.994080126285553,-33.27267074584961,231.19000244140625,105.53431701660156,-45.685020446777344,206.72555541992188,99.56007385253906,0.4420967400074005,0.8713622093200684,0.21278753876686096,-45.685020446777344,206.72555541992188,99.56007385253906,-48.66813278198242,202.3696746826172,114.16535186767578,0.19208472967147827,0.28047826886177063,-0.9404442310333252,-48.66813278198242,202.3696746826172,114.16535186767578,-47.24088668823242,206.3538818359375,127.18103790283203,-0.10428165644407272,-0.29110586643218994,-0.9509903788566589
1,-65.35150909423828,234.30807495117188,121.07333374023438,-0.14735445380210876,0.06974956393241882,-0.16649229824543,-0.6469461917877197,0.2873880863189697,-0.7063063383102417,-43.03786087036133,230.4595184326172,181.67454528808594,105.79571533203125,164.3442840576172,344.1642761230469,1110,41.38172912597656,16.309661865234375,-75.42759704589844,227.9264373779297,172.05123901367188,-75.42759704589844,227.9264373779297,172.05123901367188,0.0,0.0,0.0,-75.42759704589844,227.9264373779297,172.05123901367188,-91.61226654052734,216.80935668945312,134.32199096679688,0.38052308559417725,0.26137733459472656,0.8870648145675659,-91.61226654052734,216.80935668945312,134.32199096679688,-92.27632141113281,205.4989471435547,109.7340087890625,0.024528510868549347,0.41777798533439636,0.9082179665565491,-92.27632141113281,205.4989471435547,109.7340087890625,-89.00808715820312,196.61972045898438,93.7400131225586,-0.17587172985076904,0.47781306505203247,0.8606762886047363,1111,46.694664001464844,15.578988075256348,-67.78907775878906,244.07562255859375,162.62864685058594,-89.40795135498047,240.5127716064453,103.8969955444336,0.3448781669139862,0.05683688819408417,0.9369250535964966,-89.40795135498047,240.5127716064453,103.8969955444336,-94.19730377197266,239.4720916748047,70.13766479492188,0.14039568603038788,0.030506625771522522,0.9896253943443298,-94.19730377197266,239.4720916748047,70.13766479492188,-96.89176177978516,238.88661193847656,51.144859313964844,0.14039547741413116,0.03050658479332924,0.9896253943443298,-96.89176177978516,238.88661193847656,51.144859313964844,-99.17236328125,233.71905517578125,38.81025695800781,0.16810660064220428,0.38090845942497253,0.9092023372650146,1112,53.2048225402832,15.300636291503906,-58.13179397583008,244.20248413085938,158.5304412841797,-70.8520736694336,239.76768493652344,100.63054656982422,0.2139790952205658,0.0746016874909401,0.9739853739738464,-70.8520736694336,239.76768493652344,100.63054656982422,-82.93528747558594,203.7543182373047,95.96085357666016,0.31571656465530396,0.9409762024879456,0.122012197971344,-82.93528747558594,203.7543182373047,95.96085357666016,-80.2789077758789,196.07843017578125,117.02850341796875,-0.11764705926179886,0.3399535119533539,-0.933054506778717,-80.2789077758789,196.07843017578125,117.02850341796875,-75.58380126953125,201.21359252929688,130.2281951904297,-0.3146575689315796,-0.34414932131767273,-0.8846195340156555,1113,51.15785598754883,14.559525489807129,-48.27522277832031,241.9495086669922,155.8198699951172,-51.78227615356445,236.83934020996094,102.80805969238281,0.06570851802825928,0.09574464708566666,0.9932347536087036,-51.78227615356445,236.83934020996094,102.80805969238281,-63.47309875488281,203.60169982910156,98.66281127929688,0.3295348584651947,0.9368853569030762,0.11684411019086838,-63.47309875488281,203.60169982910156,98.66281127929688,-65.5824203491211,198.88265991210938,120.04293060302734,0.09589529037475586,0.21453993022441864,-0.9719963073730469,-65.5824203491211,198.88265991210938,120.04293060302734,-63.64443588256836,205.1219482421875,133.36245727539062,-0.13063089549541473,-0.42056262493133545,-0.8978099226951599,1114,40.1068115234375,12.93290901184082,-39.0046501159668,234.1323699951172,155.74195861816406,-35.11754608154297,230.46945190429688,106.62477111816406,-0.07867560535669327,0.07413804531097412,0.9941397309303284,-35.11754608154297,230.46945190429688,106.62477111816406,-47.83820724487305,206.17095947265625,100.62181091308594,0.45307791233062744,0.8654510974884033,0.21381032466888428,-47.83820724487305,206.17095947265625,100.62181091308594,-51.35033416748047,202.10537719726562,115.19310760498047,0.22614839673042297,0.2617858052253723,-0.9382563829421997,-51.35033416748047,202.10537719726562,115.19310760498047,-50.218353271484375,206.29470825195312,128.17337036132812,-0.08270810544490814,-0.3060931861400604,-0.9484019875526428
1,-67.156005859375,234.2484130859375,122.12250518798828,-0.15909343957901,0.08520804345607758,-0.1731531172990799,-0.6570177674293518,0.2948541045188904,-0.6938217878341675,-44.36165237426758,229.41946411132812,182.4769744873047,106.78894805908203,161.58663940429688,342.09454345703125,1110,41.38172912597656,16.309661865234375,-76.93327331542969,227.29356384277344,173.08360290527344,-76.93327331542969,227.29356384277344,173.08360290527344,0.0,0.0,0.0,-76.93327331542969,227.29356384277344,173.08360290527344,-93.92321014404297,216.9249267578125,135.4955596923828,0.3994562029838562,0.24378055334091187,0.8837453126907349,-93.92321014404297,216.9249267578125,135.4955596923828,-95.17627716064453,205.98023986816406,110.76543426513672,0.04628512263298035,0.4042690098285675,0.9134681820869446,-95.17627716064453,205.98023986816406,110.76543426513672,-91.93936157226562,197.1938934326172,94.71387481689453,-0.1741863638162613,0.4728148281574249,0.863773763179779,1111,46.694664001464844,15.578988075256348,-69.18109893798828,243.4816131591797,163.82188415527344,-91.26475524902344,240.95359802246094,105.2096176147461,0.3522926867008209,0.04032852128148079,0.9350205659866333,-91.26475524902344,240.95359802246094,105.2096176147461,-96.6701889038086,240.51382446289062,71.53022766113281,0.15845558047294617,0.012891578488051891,0.9872819781303406,-96.6701889038086,240.51382446289062,71.53022766113281,-99.71125793457031,240.2664031982422,52.582401275634766,0.1584557741880417,0.012891956605017185,0.9872819781303406,-99.71125793457031,240.2664031982422,52.582401275634766,-102.2522964477539,235.7455596923828,40.04636001586914,0.1873038113117218,0.33323824405670166,0.9240506887435913,1112,53.2048225402832,15.300636291503906,-59.55300521850586,243.5553436279297,159.65426635742188,-72.7426986694336,240.04449462890625,101.79603576660156,0.22187556326389313,0.05905911326408386,0.9732847213745117,-72.7426986694336,240.04449462890625,101.79603576660156,-85.2060317993164,204.2170867919922,96.71318817138672,0.3256484568119049,0.9361171722412109,0.13280728459358215,-85.2060317993164,204.2170867919922,96.71318817138672,-82.61229705810547,196.26756286621094,117.68695831298828,-0.11487261205911636,0.35207247734069824,-0.9288967847824097,-82.61229705810547,196.26756286621094,117.68695831298828,-77.84423828125,201.2397918701172,130.92283630371094,-0.319546639919281,-0.33322975039482117,-0.8870444893836975,1113,51.15785598754883,14.559525489807129,-49.74250411987305,241.2286834716797,156.84078979492188,-53.69196319580078,236.873291015625,103.79271697998047,0.07399746775627136,0.08160307258367538,0.9939140677452087,-53.69196319580078,236.873291015625,103.79271697998047,-65.70355224609375,203.80126953125,99.25817108154297,0.33857646584510803,0.9322170615196228,0.12781743705272675,-65.70355224609375,203.80126953125,99.25817108154297,-67.938232421875,198.85025024414062,120.572998046875,0.10159439593553543,0.2250862717628479,-0.9690276980400085,-67.938232421875,198.85025024414062,120.572998046875,-65.96527862548828,204.96731567382812,133.94398498535156,-0.13298800587654114,-0.41232407093048096,-0.901278555393219,1114,40.1068115234375,12.93290901184082,-40.56180191040039,233.30979919433594,156.5894317626953,-37.0731201171875,230.26597595214844,107.40011596679688,-0.07061147689819336,0.061607468873262405,0.995599627494812,-37.0731201171875,230.26597595214844,107.40011596679688,-49.90920639038086,206.10218811035156,101.106201171875,0.4571891725063324,0.8606534600257874,0.224173441529274,-49.90920639038086,206.10218811035156,101.106201171875,-53.77693557739258,202.0709228515625,115.59675598144531,0.2490459531545639,0.2595761716365814,-0.9330575466156006,-53.77693557739258,202.0709228515625,115.59675598144531,-52.8646125793457,206.2761688232422,128.58917236328125,-0.06665877252817154,-0.3072558045387268,-0.9492894411087036
1,-68.88314819335938,234.0605010986328,123.30111694335938,-0.17243583500385284,0.08842788636684418,-0.17839749157428741,-0.6645636558532715,0.29620781540870667,-0.6860146522521973,-45.69807815551758,228.95533752441406,183.485595703125,107.18849182128906,160.8110809326172,341.3070983886719,1110,41.38172912597656,16.309661865234375,-78.42755126953125,227.18853759765625,174.3175811767578,-78.42755126953125,227.18853759765625,174.3175811767578,0.0,0.0,0.0,-78.42755126953125,227.18853759765625,174.3175811767578,-96.2543716430664,217.1508331298828,137.02847290039062,0.4191323518753052,0.23599983751773834,0.8767167329788208,-96.2543716430664,217.1508331298828,137.02847290039062,-98.1377182006836,206.28257751464844,112.30461120605469,0.06956605613231659,0.4014458954334259,0.9132369160652161,-98.1377182006836,206.28257751464844,112.30461120605469,-95.07061767578125,197.41343688964844,96.26524353027344,-0.16504819691181183,0.4772702157497406,0.8631176948547363,1111,46.694664001464844,15.578988075256348,-70.52454376220703,243.28269958496094,165.01980590820312,-93.00923919677734,241.09283447265625,106.54656219482422,0.3586903214454651,0.034934137016534805,0.9328027963638306,-93.00923919677734,241.09283447265625,106.54656219482422,-98.98138427734375,240.86053466796875,72.96095275878906,0.1750682145357132,0.006809665355831385,0.9845327734947205,-98.98138427734375,240.86053466796875,72.96095275878906,-102.34127807617188,240.7298583984375,54.065887451171875,0.1750682294368744,0.006808924488723278,0.9845327734947205,-102.34127807617188,240.7298583984375,54.065887451171875,-105.1246337890625,236.7083282470703,41.411739349365234,0.20516538619995117,0.29643312096595764,0.9327565431594849,1112,53.2048225402832,15.300636291503906,-60.92284393310547,243.23512268066406,160.79136657714844,-74.52249908447266,239.94639587402344,103.0150375366211,0.22877183556556702,0.05532258749008179,0.9719067811965942,-74.52249908447266,239.94639587402344,103.0150375366211,-87.42750549316406,204.28097534179688,97.89537811279297,0.33718883991241455,0.9318849444389343,0.1337691694498062,-87.42750549316406,204.28097534179688,97.89537811279297,-84.96153259277344,196.28289794921875,118.86609649658203,-0.10921425372362137,0.3542228937149048,-0.9287617802619934,-84.96153259277344,196.28289794921875,118.86609649658203,-80.13980865478516,201.22500610351562,132.0938262939453,-0.3231428861618042,-0.33121079206466675,-0.8864976167678833,1113,51.15785598754883,14.559525489807129,-51.16136169433594,240.78378295898438,157.91397094726562,-55.50230407714844,236.52647399902344,104.8885269165039,0.08133234083652496,0.07976537197828293,0.9934900999069214,-55.50230407714844,236.52647399902344,104.8885269165039,-67.96580505371094,203.62701416015625,100.31836700439453,0.35131463408470154,0.9273527264595032,0.1288212686777115,-67.96580505371094,203.62701416015625,100.31836700439453,-70.16292572021484,198.59890747070312,121.61904907226562,0.09988684207201004,0.22859086096286774,-0.9683846235275269,-70.16292572021484,198.59890747070312,121.61904907226562,-68.02366638183594,204.6847381591797,134.9787139892578,-0.14419789612293243,-0.41021859645843506,-0.9005151987075806,1114,40.1068115234375,12.93290901184082,-42.08602523803711,232.74664306640625,157.59820556640625,-38.948177337646484,229.70086669921875,108.38536834716797,-0.06351052224636078,0.061646975576877594,0.9960753321647644,-38.948177337646484,229.70086669921875,108.38536834716797,-51.921329498291016,205.6224822998047,102.0452880859375,0.46207088232040405,0.8576111793518066,0.22581762075424194,-51.921329498291016,205.6224822998047,102.0452880859375,-56.17524337768555,201.79029846191406,116.48153686523438,0.27391260862350464,0.24675710499286652,-0.9295605421066284,-56.17524337768555,201.79029846191406,116.48153686523438,-55.49571228027344,206.15670776367188,129.43499755859375,-0.04964984580874443,-0.31903108954429626,-0.9464428424835205
1,-70.57628631591797,233.75814819335938,124.40381622314453,-0.18634749948978424,0.09331563860177994,-0.18519309163093567,-0.6693515777587891,0.29008907079696655,-0.6839713454246521,-46.959320068359375,228.3637237548828,184.41519165039062,107.02873229980469,161.6271209716797,341.7666320800781,1110,41.38172912597656,16.309661865234375,-79.80754852294922,226.8947296142578,175.47901916503906,-79.80754852294922,226.8947296142578,175.47901916503906,0.0,0.0,0.0,-79.80754852294922,226.8947296142578,175.47901916503906,-98.52066040039062,217.270263671875,138.5166473388672,0.43997031450271606,0.22628408670425415,0.8690348267555237,-98.52066040039062,217.270263671875,138.5166473388672,-101.11822509765625,206.5469207763672,113.79422760009766,0.09594745934009552,0.39609313011169434,0.9131835699081421,-101.11822509765625,206.5469207763672,113.79422760009766,-98.32864379882812,197.64158630371094,97.72428131103516,-0.1501142680644989,0.4792180359363556,0.8647634983062744,1111,46.694664001464844,15.578988075256348,-71.76270294189453,242.9031524658203,166.1549072265625,-94.7376480102539,241.1534423828125,107.857666015625,0.3665110170841217,0.02791249379515648,0.9299948811531067,-94.7376480102539,241.1534423828125,107.857666015625,-101.25568389892578,241.0917510986328,74.37297058105469,0.19107051193714142,0.0018084259936586022,0.981574535369873,-101.25568389892578,241.0917510986328,74.37297058105469,-104.92269897460938,241.0570526123047,55.5346794128418,0.19107088446617126,0.0018079746514558792,0.9815745949745178,-104.92269897460938,241.0570526123047,55.5346794128418,-107.93048858642578,237.51698303222656,42.788368225097656,0.22170868515968323,0.26094383001327515,0.9395496845245361,1112,53.2048225402832,15.300636291503906,-62.19633102416992,242.73655700683594,161.85008239746094,-76.29658508300781,239.76707458496094,104.17656707763672,0.23719291388988495,0.04995230585336685,0.9701774716377258,-76.29658508300781,239.76707458496094,104.17656707763672,-89.63745880126953,204.2696075439453,99.00717163085938,0.34857746958732605,0.9274967908859253,0.13506872951984406,-89.63745880126953,204.2696075439453,99.00717163085938,-87.30691528320312,196.24362182617188,119.98271942138672,-0.1032162606716156,0.3554588258266449,-0.9289754033088684,-87.30691528320312,196.24362182617188,119.98271942138672,-82.43757629394531,201.16990661621094,133.1988983154297,-0.3263340890407562,-0.3301504850387573,-0.885723888874054,1113,51.15785598754883,14.559525489807129,-52.4918212890625,240.16110229492188,158.88958740234375,-57.30985641479492,236.0875244140625,105.89092254638672,0.09027119725942612,0.07632297277450562,0.9929883480072021,-57.30985641479492,236.0875244140625,105.89092254638672,-70.24723052978516,203.3772430419922,101.27994537353516,0.3646720051765442,0.922020435333252,0.12997183203697205,-70.24723052978516,203.3772430419922,101.27994537353516,-72.37069702148438,198.25840759277344,122.56648254394531,0.09653833508491516,0.2327156364917755,-0.9677416086196899,-72.37069702148438,198.25840759277344,122.56648254394531,-70.03668212890625,204.3015899658203,135.9128875732422,-0.15732558071613312,-0.4073440730571747,-0.8996219038963318,1114,40.1068115234375,12.93290901184082,-43.52821731567383,232.00352478027344,158.48350524902344,-40.82185363769531,229.03192138671875,109.24053955078125,-0.05477723479270935,0.060145728290081024,0.9966855049133301,-40.82185363769531,229.03192138671875,109.24053955078125,-53.96091079711914,205.0530242919922,102.86517333984375,0.4679800868034363,0.854067862033844,0.22707447409629822,-53.96091079711914,205.0530242919922,102.86517333984375,-58.55524444580078,201.40028381347656,117.24349975585938,0.2958325147628784,0.2352026402950287,-0.9258309602737427,-58.55524444580078,201.40028381347656,117.24349975585938,-58.06517791748047,205.90647888183594,130.15756225585938,-0.03580668941140175,-0.3292449414730072,-0.9435653686523438
1,-75.56576538085938,233.4895782470703,127.77741241455078,-0.19426850974559784,0.1062120571732521,-0.20246060192584991,-0.6732072830200195,0.2547912895679474,-0.6941710114479065,-51.03184509277344,227.7362060546875,187.46011352539062,103.84323120117188,169.1200408935547,347.15802001953125,1110,41.38172912597656,16.309661865234375,-83.94004821777344,226.11065673828125,178.92837524414062,-83.94004821777344,226.11065673828125,178.92837524414062,0.0,0.0,0.0,-83.94004821777344,226.11065673828125,178.92837524414062,-104.3807601928711,217.37405395507812,142.66714477539062,0.48058849573135376,0.2054092288017273,0.8525500893592834,-104.3807601928711,217.37405395507812,142.66714477539062,-108.32481384277344,207.16250610351562,117.90620422363281,0.14568334817886353,0.37718871235847473,0.9146064519882202,-108.32481384277344,207.16250610351562,117.90620422363281,-106.35997772216797,198.49639892578125,101.58541870117188,-0.10573266446590424,0.46634453535079956,0.8782616257667542,1111,46.694664001464844,15.578988075256348,-75.9520492553711,242.16976928710938,169.64263916015625,-99.96456909179688,241.23141479492188,111.74620819091797,0.38306307792663574,0.014969230629503727,0.9236008524894714,-99.96456909179688,241.23141479492188,111.74620819091797,-107.619140625,241.666259765625,78.50569915771484,0.22438715398311615,-0.012747104279696941,0.9744167923927307,-107.619140625,241.666259765625,78.50569915771484,-111.9255599975586,241.91090393066406,59.804779052734375,0.22438718378543854,-0.012747252359986305,0.9744166135787964,-111.9255599975586,241.91090393066406,59.804779052734375,-115.33434295654297,239.19607543945312,46.95731735229492,0.2512664794921875,0.20011405646800995,0.947005569934845,1112,53.2048225402832,15.300636291503906,-66.4645767211914,241.98843383789062,165.1671905517578,-81.60130310058594,239.76454162597656,107.72328186035156,0.25462833046913147,0.03741006925702095,0.9663150906562805,-81.60130310058594,239.76454162597656,107.72328186035156,-95.18832397460938,204.37249755859375,102.47267150878906,0.3550087511539459,0.9247417449951172,0.13719068467617035,-95.18832397460938,204.37249755859375,102.47267150878906,-92.66078186035156,196.1926727294922,123.36580657958984,-0.11194107681512833,0.3622722625732422,-0.925325870513916,-92.66078186035156,196.1926727294922,123.36580657958984,-87.59243774414062,201.10031127929688,136.513916015625,-0.3396712839603424,-0.328901082277298,-0.8811625838279724,1113,51.15785598754883,14.559525489807129,-56.83168411254883,239.38233947753906,162.0063934326172,-62.61281967163086,235.94007873535156,109.05929565429688,0.10831594467163086,0.0644945502281189,0.9920222163200378,-62.61281967163086,235.94007873535156,109.05929565429688,-75.85386657714844,203.36590576171875,104.34796142578125,0.37323182821273804,0.9181841015815735,0.13280066847801208,-75.85386657714844,203.36590576171875,104.34796142578125,-77.66738891601562,197.94400024414062,125.58806610107422,0.08244749158620834,0.24649406969547272,-0.9656309485435486,-77.66738891601562,197.94400024414062,125.58806610107422,-75.0106430053711,203.93728637695312,138.89657592773438,-0.17907942831516266,-0.4039807617664337,-0.8970674276351929,1114,40.1068115234375,12.93290901184082,-47.93255615234375,231.17063903808594,161.3501739501953,-46.11677551269531,228.73793029785156,112.03678131103516,-0.036751680076122284,0.04923839867115021,0.9981106519699097,-46.11677551269531,228.73793029785156,112.03678131103516,-59.160911560058594,204.7305450439453,105.57429504394531,0.4645991921424866,0.8550824522972107,0.23017743229866028,-59.160911560058594,204.7305450439453,105.57429504394531,-64.24962615966797,201.27902221679688,119.83538055419922,0.32766610383987427,0.22224611043930054,-0.9182818531990051,-64.24962615966797,201.27902221679688,119.83538055419922,-64.11112976074219,206.03240966796875,132.6691436767578,-0.010119223035871983,-0.34730568528175354,-0.9376973509788513
1,-77.09808349609375,234.0104522705078,129.04832458496094,-0.2107103019952774,0.11547750234603882,-0.21683382987976074,-0.6762692928314209,0.24660281836986542,-0.6941519379615784,-51.77031707763672,227.76071166992188,188.38046264648438,103.8092041015625,171.02835083007812,348.073974609375,1110,41.38172912597656,16.309661865234375,-84.77397918701172,226.4643096923828,180.28439331054688,-84.77397918701172,226.4643096923828,180.28439331054688,0.0,0.0,0.0,-84.77397918701172,226.4643096923828,180.28439331054688,-106.41730499267578,218.33792114257812,144.58346557617188,0.5088635683059692,0.19106227159500122,0.8393766283988953,-106.41730499267578,218.33792114257812,144.58346557617188,-111.42796325683594,208.44541931152344,119.88595581054688,0.18508104979991913,0.36540400981903076,0.9122635722160339,-111.42796325683594,208.44541931152344,119.88595581054688,-109.9912338256836,199.83233642578125,103.48228454589844,-0.07731396704912186,0.463491290807724,0.8827221393585205,1111,46.694664001464844,15.578988075256348,-76.68794250488281,242.4529266357422,170.96189880371094,-101.62568664550781,242.2171630859375,113.45077514648438,0.3978229761123657,0.003761052154004574,0.9174545407295227,-101.62568664550781,242.2171630859375,113.45077514648438,-109.8991928100586,242.8555145263672,80.3621826171875,0.24253062903881073,-0.018712716177105904,0.9699632525444031,-109.8991928100586,242.8555145263672,80.3621826171875,-114.55381774902344,243.2146453857422,61.746726989746094,0.2425304800271988,-0.018712610006332397,0.9699632525444031,-114.55381774902344,243.2146453857422,61.746726989746094,-118.20193481445312,240.9525604248047,48.87732696533203,0.26890823245048523,0.16674171388149261,0.9486229419708252,1112,53.2048225402832,15.300636291503906,-67.27642059326172,242.1524658203125,166.33506774902344,-83.35314178466797,240.49301147460938,109.12794494628906,0.27044081687927246,0.02791515737771988,0.9623318910598755,-83.35314178466797,240.49301147460938,109.12794494628906,-97.50145721435547,205.33401489257812,103.79480743408203,0.3696746528148651,0.9186528325080872,0.13934703171253204,-97.50145721435547,205.33401489257812,103.79480743408203,-94.92045593261719,197.0803985595703,124.65235900878906,-0.11430869996547699,0.36554035544395447,-0.9237498641014099,-94.92045593261719,197.0803985595703,124.65235900878906,-89.66476440429688,201.94692993164062,137.74208068847656,-0.3522266149520874,-0.32614582777023315,-0.8772486448287964,1113,51.15785598754883,14.559525489807129,-57.73600387573242,239.417724609375,163.00689697265625,-64.4069595336914,236.37098693847656,110.1402587890625,0.12498771399259567,0.05708399415016174,0.9905148148536682,-64.4069595336914,236.37098693847656,110.1402587890625,-78.22021484375,204.031982421875,105.45178985595703,0.3893609046936035,0.9115551710128784,0.1321561336517334,-78.22021484375,204.031982421875,105.45178985595703,-79.7977294921875,198.4754638671875,126.67594909667969,0.07171792536973953,0.2526138126850128,-0.9649055600166321,-79.7977294921875,198.4754638671875,126.67594909667969,-76.81969451904297,204.3975372314453,139.94827270507812,-0.20073610544204712,-0.39918068051338196,-0.8946284055709839,1114,40.1068115234375,12.93290901184082,-48.97573471069336,231.07484436035156,162.16354370117188,-47.97856521606445,228.9003143310547,112.81475830078125,-0.020182864740490913,0.04401282221078873,0.9988270401954651,-47.97856521606445,228.9003143310547,112.81475830078125,-61.36708450317383,205.06214904785156,106.43061065673828,0.4768652021884918,0.8490551710128784,0.2273871898651123,-61.36708450317383,205.06214904785156,106.43061065673828,-66.53910827636719,201.7099609375,120.6854248046875,0.3330303430557251,0.21584980189800262,-0.917877733707428,-66.53910827636719,201.7099609375,120.6854248046875,-66.33209991455078,206.52996826171875,133.49337768554688,-0.01512505579739809,-0.3521735966205597,-0.9358124732971191
1,-78.61073303222656,234.1768798828125,130.1061553955078,-0.23291067779064178,0.12817203998565674,-0.22977113723754883,-0.6805793642997742,0.23676706850528717,-0.693363606929779,-52.551265716552734,227.22628784179688,189.07546997070312,104.01980590820312,172.75669860839844,348.587646484375,1110,41.38172912597656,16.309661865234375,-85.66934967041016,226.39794921875,181.39614868164062,-85.66934967041016,226.39794921875,181.39614868164062,0.0,0.0,0.0,-85.66934967041016,226.39794921875,181.39614868164062,-108.50891876220703,219.14816284179688,146.256103515625,0.5369888544082642,0.17045219242572784,0.8261895179748535,-108.50891876220703,219.14816284179688,146.256103515625,-114.55938720703125,209.6764373779297,121.62657165527344,0.2234889566898346,0.3498615324497223,0.9097524285316467,-114.55938720703125,209.6764373779297,121.62657165527344,-113.71614837646484,201.17160034179688,105.1254653930664,-0.045376766473054886,0.4576663076877594,0.8879653811454773,1111,46.694664001464844,15.578988075256348,-77.38933563232422,242.2847900390625,172.06997680664062,-103.19244384765625,243.01702880859375,114.9460678100586,0.41162773966789246,-0.011681142263114452,0.9112772345542908,-103.19244384765625,243.01702880859375,114.9460678100586,-112.009033203125,243.92857360839844,82.00445556640625,0.2584506869316101,-0.026721147820353508,0.9656549096107483,-112.009033203125,243.92857360839844,82.00445556640625,-116.96920013427734,244.44139099121094,63.47168731689453,0.25845080614089966,-0.026720484718680382,0.9656547904014587,-116.96920013427734,244.44139099121094,63.47168731689453,-120.83251190185547,242.62646484375,50.594261169433594,0.28477054834365845,0.13378095626831055,0.9492145776748657,1112,53.2048225402832,15.300636291503906,-68.05722045898438,241.8225555419922,167.2978973388672,-85.02776336669922,240.9430389404297,110.33214569091797,0.28547656536102295,0.01479512918740511,0.9582714438438416,-85.02776336669922,240.9430389404297,110.33214569091797,-99.91434478759766,206.1011199951172,104.92818450927734,0.38896444439888,0.910368025302887,0.1411975473165512,-99.91434478759766,206.1011199951172,104.92818450927734,-97.31765747070312,197.7864990234375,125.7595443725586,-0.11500339955091476,0.36824214458465576,-0.9225897789001465,-97.31765747070312,197.7864990234375,125.7595443725586,-91.84666442871094,202.6083221435547,138.7773895263672,-0.3666558861732483,-0.323149710893631,-0.8724319934844971,1113,51.15785598754883,14.559525489807129,-58.62803268432617,238.9138946533203,163.8043212890625,-66.1596908569336,236.4164276123047,111.0245590209961,0.14111389219760895,0.04679279029369354,0.9888868927955627,-66.1596908569336,236.4164276123047,111.0245590209961,-80.72199249267578,204.40928649902344,106.32540130615234,0.4104745388031006,0.9022005200386047,0.13245739042758942,-80.72199249267578,204.40928649902344,106.32540130615234,-82.09391021728516,198.72708129882812,127.53054809570312,0.062370989471673965,0.25832799077033997,-0.9640417695045471,-82.09391021728516,198.72708129882812,127.53054809570312,-78.76095581054688,204.5554962158203,140.7598876953125,-0.2246595323085785,-0.3928673565387726,-0.891730546951294,1114,40.1068115234375,12.93290901184082,-50.0595817565918,230.39569091796875,162.76556396484375,-49.85414505004883,228.58203125,113.3925552368164,-0.0041580707766115665,0.03670874983072281,0.9993172883987427,-49.85414505004883,228.58203125,113.3925552368164,-63.720855712890625,205.0033721923828,107.0656967163086,0.4938971698284149,0.8398122191429138,0.22534669935703278,-63.720855712890625,205.0033721923828,107.0656967163086,-68.994140625,201.77796936035156,121.31265258789062,0.33955076336860657,0.20768609642982483,-0.9173721671104431,-68.994140625,201.77796936035156,121.31265258789062,-68.6859130859375,206.66033935546875,134.09494018554688,-0.022520605474710464,-0.35672974586486816,-0.9339361786842346
1,-80.05738067626953,234.42816162109375,130.92532348632812,-0.24778173863887787,0.14076392352581024,-0.24095532298088074,-0.684678852558136,0.23003652691841125,-0.6915909647941589,-53.37973403930664,226.8065643310547,189.55792236328125,104.13445281982422,173.88539123535156,348.6622619628906,1110,41.38172912597656,16.309661865234375,-86.57564544677734,226.2843780517578,182.23019409179688,-86.57564544677734,226.2843780517578,182.23019409179688,0.0,0.0,0.0,-86.57564544677734,226.2843780517578,182.23019409179688,-110.39549255371094,219.7899169921875,147.59689331054688,0.5600363612174988,0.15269343554973602,0.8142750859260559,-110.39549255371094,219.7899169921875,147.59689331054688,-117.32561492919922,210.747802734375,123.03780364990234,0.2559812068939209,0.3339928388595581,0.9071506857872009,-117.32561492919922,210.747802734375,123.03780364990234,-116.96263122558594,202.39089965820312,106.44381713867188,-0.019533047452569008,0.4497055411338806,0.8929632902145386,1111,46.694664001464844,15.578988075256348,-78.1946029663086,242.1394805908203,172.94027709960938,-104.70349884033203,243.74171447753906,116.1583480834961,0.42288699746131897,-0.025559868663549423,0.9058219194412231,-104.70349884033203,243.74171447753906,116.1583480834961,-113.94942474365234,244.88055419921875,83.34175109863281,0.271036297082901,-0.03338409960269928,0.9619900584220886,-113.94942474365234,244.88055419921875,83.34175109863281,-119.151123046875,245.52125549316406,64.87931823730469,0.27103590965270996,-0.033383917063474655,0.9619901180267334,-119.151123046875,245.52125549316406,64.87931823730469,-123.16609191894531,244.07701110839844,52.001373291015625,0.29594939947128296,0.1064574271440506,0.949252724647522,1112,53.2048225402832,15.300636291503906,-68.93071746826172,241.59213256835938,168.04583740234375,-86.6289291381836,241.46005249023438,111.2952880859375,0.2977173626422882,0.0022218364756554365,0.9546514749526978,-86.6289291381836,241.46005249023438,111.2952880859375,-101.99815368652344,206.8431396484375,105.79721069335938,0.4015752077102661,0.9044889211654663,0.1436566561460495,-101.99815368652344,206.8431396484375,105.79721069335938,-99.31414794921875,198.47386169433594,126.59558868408203,-0.11887060105800629,0.3706628084182739,-0.921129047870636,-99.31414794921875,198.47386169433594,126.59558868408203,-93.6566162109375,203.2830047607422,139.53817749023438,-0.37915730476379395,-0.32229986786842346,-0.8673883676528931,1113,51.15785598754883,14.559525489807129,-59.58754348754883,238.58583068847656,164.40684509277344,-67.81815338134766,236.6685333251953,111.70726013183594,0.15420955419540405,0.03592268377542496,0.9873848557472229,-67.81815338134766,236.6685333251953,111.70726013183594,-82.8804702758789,204.8995361328125,106.96841430664062,0.424568772315979,0.8954880237579346,0.13357612490653992,-82.8804702758789,204.8995361328125,106.96841430664062,-84.04283905029297,199.08799743652344,128.15103149414062,0.05284431204199791,0.2642076909542084,-0.963016927242279,-84.04283905029297,199.08799743652344,128.15103149414062,-80.42449188232422,204.84100341796875,141.3383331298828,-0.24389657378196716,-0.38778436183929443,-0.8888969421386719,1114,40.1068115234375,12.93290901184082,-51.15171432495117,229.96041870117188,163.18370056152344,-51.59414291381836,228.5897674560547,113.7979736328125,0.00895482487976551,0.02774219959974289,0.9995750188827515,-51.59414291381836,228.5897674560547,113.7979736328125,-65.77986145019531,205.19200134277344,107.50691223144531,0.5052595734596252,0.8333694934844971,0.22407177090644836,-65.77986145019531,205.19200134277344,107.50691223144531,-71.11144256591797,202.0423126220703,121.74911499023438,0.34330442547798157,0.20281076431274414,-0.9170658588409424,-71.11144256591797,202.0423126220703,121.74911499023438,-70.71593475341797,206.97238159179688,134.5106658935547,-0.02889774553477764,-0.36021506786346436,-0.9324216246604919
1,-81.46609497070312,234.73452758789062,131.76573181152344,-0.2569758892059326,0.14776399731636047,-0.250133752822876,-0.6885282397270203,0.22457779943943024,-0.6895604729652405,-54.27939987182617,226.75999450683594,190.13145446777344,104.120361328125,175.09461975097656,348.7686767578125,1110,41.38172912597656,16.309661865234375,-87.5315933227539,226.4075469970703,183.0967254638672,-87.5315933227539,226.4075469970703,183.0967254638672,0.0,0.0,0.0,-87.5315933227539,226.4075469970703,183.0967254638672,-112.19461059570312,220.41241455078125,148.9672393798828,0.5798605680465698,0.14095358550548553,0.8024299144744873,-112.19461059570312,220.41241455078125,148.9672393798828,-119.88787078857422,211.6756134033203,124.52511596679688,0.28416958451271057,0.3227153420448303,0.9028302431106567,-119.88787078857422,211.6756134033203,124.52511596679688,-119.94306182861328,203.41494750976562,107.87914276123047,0.002969965571537614,0.444526731967926,0.8957607746124268,1111,46.694664001464844,15.578988075256348,-79.11294555664062,242.23532104492188,173.79420471191406,-106.1819839477539,244.32098388671875,117.29293823242188,0.4318227469921112,-0.03327183797955513,0.9013446569442749,-106.1819839477539,244.32098388671875,117.29293823242188,-115.7333984375,245.5480194091797,84.567138671875,0.27999141812324524,-0.035969480872154236,0.9593284130096436,-115.7333984375,245.5480194091797,84.567138671875,-121.10696411132812,246.2383575439453,66.1557846069336,0.2799910604953766,-0.03597024828195572,0.9593284726142883,-121.10696411132812,246.2383575439453,66.1557846069336,-125.21945190429688,245.0477294921875,53.28266906738281,0.3031376898288727,0.0877629965543747,0.9488968253135681,1112,53.2048225402832,15.300636291503906,-69.90406799316406,241.6336669921875,168.80328369140625,-88.1773681640625,241.9116973876953,112.23580932617188,0.3073914051055908,-0.004676995798945427,0.9515717029571533,-88.1773681640625,241.9116973876953,112.23580932617188,-103.84048461914062,207.43199157714844,106.70515441894531,0.4092542827129364,0.9009041786193848,0.14450789988040924,-103.84048461914062,207.43199157714844,106.70515441894531,-101.08309936523438,199.0746307373047,127.49873352050781,-0.1221204325556755,0.3701348900794983,-0.9209161996841431,-101.08309936523438,199.0746307373047,127.49873352050781,-95.30126190185547,203.916259765625,140.3740997314453,-0.38748809695243835,-0.32447707653045654,-0.8628833293914795,1113,51.15785598754883,14.559525489807129,-60.62373733520508,238.5666961669922,165.0557403564453,-69.40409088134766,236.9621124267578,112.43447875976562,0.1645095944404602,0.03006364405155182,0.985917329788208,-69.40409088134766,236.9621124267578,112.43447875976562,-84.778564453125,205.33935546875,107.7200927734375,0.4333677887916565,0.8913660645484924,0.13288669288158417,-84.778564453125,205.33935546875,107.7200927734375,-85.76390075683594,199.4610137939453,128.89324951171875,0.04479596018791199,0.26724475622177124,-0.9625869393348694,-85.76390075683594,199.4610137939453,128.89324951171875,-81.93975067138672,205.1795196533203,142.0373992919922,-0.25776898860931396,-0.38545912504196167,-0.8859888911247253,1114,40.1068115234375,12.93290901184082,-52.27313995361328,229.87721252441406,163.7075653076172,-53.22781753540039,228.73916625976562,114.32315826416016,0.019322820007801056,0.0230342298746109,0.9995478987693787,-53.22781753540039,228.73916625976562,114.32315826416016,-67.60618591308594,205.43814086914062,108.11087036132812,0.5121211409568787,0.829923689365387,0.2212660014629364,-67.60618591308594,205.43814086914062,108.11087036132812,-72.96844482421875,202.3575897216797,122.35667419433594,0.34527987241744995,0.19835899770259857,-0.9172979593276978,-72.96844482421875,202.3575897216797,122.35667419433594,-72.51055908203125,207.34619140625,135.09336853027344,-0.03345537930727005,-0.364491730928421,-0.930605411529541
1,-82.7632064819336,235.1180419921875,132.69024658203125,-0.26556190848350525,0.15727949142456055,-0.25790953636169434,-0.6914960145950317,0.218685582280159,-0.6884837746620178,-55.15834426879883,226.66883850097656,190.80746459960938,103.92416381835938,176.35899353027344,349.1969909667969,1110,41.38172912597656,16.309661865234375,-88.45196533203125,226.4664764404297,184.01068115234375,-88.45196533203125,226.4664764404297,184.01068115234375,0.0,0.0,0.0,-88.45196533203125,226.4664764404297,184.01068115234375,-113.87684631347656,221.1084747314453,150.3373260498047,0.597773015499115,0.12597380578517914,0.7917057275772095,-113.87684631347656,221.1084747314453,150.3373260498047,-122.24279022216797,212.75588989257812,125.98202514648438,0.3090168237686157,0.30852335691452026,0.8996232151985168,-122.24279022216797,212.75588989257812,125.98202514648438,-122.66224670410156,204.6462860107422,109.2671127319336,0.022571986541152,0.4363977611064911,0.8994706273078918,1111,46.694664001464844,15.578988075256348,-79.99058532714844,242.2957305908203,174.7495574951172,-107.52717590332031,244.99974060058594,118.50098419189453,0.4392813444137573,-0.043136101216077805,0.8973132967948914,-107.52717590332031,244.99974060058594,118.50098419189453,-117.30549621582031,246.38665771484375,85.84866333007812,0.28664296865463257,-0.04065627232193947,0.9571744799613953,-117.30549621582031,246.38665771484375,85.84866333007812,-122.80671691894531,247.16693115234375,67.47865295410156,0.2866426408290863,-0.04065636545419693,0.9571744799613953,-122.80671691894531,247.16693115234375,67.47865295410156,-126.98723602294922,246.2236328125,54.60694885253906,0.30815231800079346,0.06953193247318268,0.9487926363945007,1112,53.2048225402832,15.300636291503906,-70.82991027832031,241.6591339111328,169.67495727539062,-89.58599853515625,242.4881591796875,113.27113342285156,0.31551283597946167,-0.013945771381258965,0.9488188624382019,-89.58599853515625,242.4881591796875,113.27113342285156,-105.50120544433594,208.136474609375,107.66397094726562,0.4158409535884857,0.8975589871406555,0.1465069055557251,-105.50120544433594,208.136474609375,107.66397094726562,-102.6784439086914,199.77340698242188,128.4464874267578,-0.12501581013202667,0.37038755416870117,-0.9204260110855103,-102.6784439086914,199.77340698242188,128.4464874267578,-96.78460693359375,204.6537628173828,141.2562713623047,-0.3949943780899048,-0.3270726799964905,-0.8584886789321899,1113,51.15785598754883,14.559525489807129,-61.606292724609375,238.5478057861328,165.82534790039062,-70.85081481933594,237.39239501953125,113.27185821533203,0.17320632934570312,0.021647896617650986,0.9846476316452026,-70.85081481933594,237.39239501953125,113.27185821533203,-86.50947570800781,205.91162109375,108.54248809814453,0.441378116607666,0.8873635530471802,0.133309006690979,-86.50947570800781,205.91162109375,108.54248809814453,-87.32637786865234,199.9506072998047,129.69969177246094,0.037138503044843674,0.27100324630737305,-0.9618616700172424,-87.32637786865234,199.9506072998047,129.69969177246094,-83.30689239501953,205.63299560546875,142.80116271972656,-0.2709355652332306,-0.3830244243144989,-0.8831116557121277,1114,40.1068115234375,12.93290901184082,-53.33551025390625,229.80406188964844,164.34263610839844,-54.723426818847656,229.03125,114.96145629882812,0.02809165231883526,0.0156418364495039,0.9994829893112183,-54.723426818847656,229.03125,114.96145629882812,-69.28160858154297,205.82742309570312,108.80438232421875,0.5185256600379944,0.8264617323875427,0.21929942071437836,-69.28160858154297,205.82742309570312,108.80438232421875,-74.68949890136719,202.8104248046875,123.04653930664062,0.34821805357933044,0.19426675140857697,-0.9170630574226379,-74.68949890136719,202.8104248046875,123.04653930664062,-74.1817626953125,207.85568237304688,135.75900268554688,-0.03709770739078522,-0.36863136291503906,-0.9288351535797119
1,-83.92176055908203,235.3212432861328,133.39500427246094,-0.27352970838546753,0.1650892049074173,-0.26698628067970276,-0.6938124895095825,0.21557193994522095,-0.6871339082717896,-55.84034729003906,226.47064208984375,191.2361602783203,103.77508544921875,176.87710571289062,349.31512451171875,1110,41.38172912597656,16.309661865234375,-89.16323852539062,226.42332458496094,184.720947265625,-89.16323852539062,226.42332458496094,184.720947265625,0.0,0.0,0.0,-89.16323852539062,226.42332458496094,184.720947265625,-115.35001373291016,221.6526641845703,151.54684448242188,0.6156861782073975,0.11216462403535843,0.7799676656723022,-115.35001373291016,221.6526641845703,151.54684448242188,-124.38365936279297,213.65184020996094,127.312255859375,0.33368006348609924,0.2955302298069,0.8951644897460938,-124.38365936279297,213.65184020996094,127.312255859375,-125.16908264160156,205.6733856201172,110.5474853515625,0.042265549302101135,0.4293401837348938,0.9021533131599426,1111,46.694664001464844,15.578988075256348,-80.68245697021484,242.24441528320312,175.463623046875,-108.75460815429688,245.45510864257812,119.50718688964844,0.44782501459121704,-0.051219046115875244,0.8926530480384827,-108.75460815429688,245.45510864257812,119.50718688964844,-118.7711181640625,246.98985290527344,86.93376922607422,0.29362523555755615,-0.0449896864593029,0.9548612236976624,-118.7711181640625,246.98985290527344,86.93376922607422,-124.4063491821289,247.85330200195312,68.608154296875,0.29362526535987854,-0.04499025642871857,0.9548612833023071,-124.4063491821289,247.85330200195312,68.608154296875,-128.66502380371094,247.10499572753906,55.749263763427734,0.3139132857322693,0.05515877902507782,0.9478480815887451,1112,53.2048225402832,15.300636291503906,-71.57717895507812,241.57205200195312,170.29483032226562,-90.88423156738281,242.84722900390625,114.08556365966797,0.32478106021881104,-0.021450884640216827,0.9455459713935852,-90.88423156738281,242.84722900390625,114.08556365966797,-107.02696990966797,208.60020446777344,108.4886245727539,0.42178601026535034,0.8948243856430054,0.14623978734016418,-107.02696990966797,208.60020446777344,108.4886245727539,-104.11100006103516,200.28102111816406,129.27587890625,-0.12914389371871948,0.36844402551651,-0.920635998249054,-104.11100006103516,200.28102111816406,129.27587890625,-98.09954833984375,205.22586059570312,142.0060272216797,-0.4028767943382263,-0.33139434456825256,-0.8531518578529358,1113,51.15785598754883,14.559525489807129,-62.41428756713867,238.4177703857422,166.336669921875,-72.1863784790039,237.62051391601562,113.87205505371094,0.1830909103155136,0.014937479980289936,0.9829824566841125,-72.1863784790039,237.62051391601562,113.87205505371094,-88.11042785644531,206.26376342773438,109.20540618896484,0.44885894656181335,0.8838679790496826,0.13154110312461853,-88.11042785644531,206.26376342773438,109.20540618896484,-88.72026824951172,200.26620483398438,130.35926818847656,0.02772493101656437,0.2726646065711975,-0.9617095589637756,-88.72026824951172,200.26620483398438,130.35926818847656,-84.49351501464844,205.935302734375,143.401123046875,-0.2849067151546478,-0.3821288049221039,-0.8790937066078186,1114,40.1068115234375,12.93290901184082,-54.22047805786133,229.624755859375,164.7236785888672,-56.10245132446289,229.13739013671875,115.35520935058594,0.03809143602848053,0.00986435916274786,0.9992256164550781,-56.10245132446289,229.13739013671875,115.35520935058594,-70.85102081298828,206.02195739746094,109.31996154785156,0.5253068208694458,0.8233133554458618,0.2149602770805359,-70.85102081298828,206.02195739746094,109.31996154785156,-76.24270629882812,203.0758056640625,123.58307647705078,0.34717467427253723,0.18970490992069244,-0.9184126257896423,-76.24270629882812,203.0758056640625,123.58307647705078,-75.63372802734375,208.1855010986328,136.26531982421875,-0.04449494928121567,-0.3733395040035248,-0.9266271591186523
1,-85.02336883544922,235.8845672607422,134.25035095214844,-0.27338677644729614,0.17103707790374756,-0.2703617811203003,-0.6964035034179688,0.21634486317634583,-0.6842638850212097,-56.75848388671875,226.73324584960938,191.9569549560547,103.4530258178711,176.9619140625,349.37567138671875,1110,41.38172912597656,16.309661865234375,-90.10440063476562,226.67823791503906,185.53802490234375,-90.10440063476562,226.67823791503906,185.53802490234375,0.0,0.0,0.0,-90.10440063476562,226.67823791503906,185.53802490234375,-116.76529693603516,222.28533935546875,152.6909942626953,0.6268333196640015,0.10328292101621628,0.7722775936126709,-116.76529693603516,222.28533935546875,152.6909942626953,-126.24787139892578,214.58079528808594,128.5320281982422,0.35026246309280396,0.28458648920059204,0.8923714756965637,-126.24787139892578,214.58079528808594,128.5320281982422,-127.25389862060547,206.74459838867188,111.7120361328125,0.05413677915930748,0.4216848909854889,0.905124843120575,1111,46.694664001464844,15.578988075256348,-81.66022491455078,242.55886840820312,176.34945678710938,-109.90364837646484,246.08717346191406,120.4984359741211,0.45055726170539856,-0.0562857910990715,0.8909714221954346,-109.90364837646484,246.08717346191406,120.4984359741211,-119.96330261230469,247.7240447998047,87.94329071044922,0.2948899567127228,-0.047983452677726746,0.9543256163597107,-119.96330261230469,247.7240447998047,87.94329071044922,-125.86077880859375,247.4984130859375,69.68135070800781,0.30728960037231445,0.011756602674722672,0.951543390750885,-125.86077880859375,247.4984130859375,69.68135070800781,-130.25636291503906,246.10301208496094,56.92286682128906,0.3240051865577698,0.10285712778568268,0.9404472708702087,1112,53.2048225402832,15.300636291503906,-72.57029724121094,241.92236328125,171.14920043945312,-92.04839324951172,243.5215606689453,115.00727081298828,0.3276583254337311,-0.026901518926024437,0.9444132447242737,-92.04839324951172,243.5215606689453,115.00727081298828,-108.15071868896484,209.27755737304688,109.27698516845703,0.42072999477386475,0.8947452306747437,0.14972390234470367,-108.15071868896484,209.27755737304688,109.27698516845703,-105.18429565429688,200.9651336669922,130.05979919433594,-0.1313784122467041,0.3681447505950928,-0.920439600944519,-105.18429565429688,200.9651336669922,130.05979919433594,-99.15373992919922,205.9694366455078,142.7576446533203,-0.4041568636894226,-0.3353792726993561,-0.8509864807128906,1113,51.15785598754883,14.559525489807129,-63.41775894165039,238.79678344726562,167.1445770263672,-73.34847259521484,238.30657958984375,114.70598602294922,0.18606287240982056,0.009184510447084904,0.9824948906898499,-73.34847259521484,238.30657958984375,114.70598602294922,-89.26791381835938,206.95993041992188,109.95639038085938,0.44872885942459106,0.8835829496383667,0.13387911021709442,-89.26791381835938,206.95993041992188,109.95639038085938,-89.7830810546875,200.88812255859375,131.09156799316406,0.023420855402946472,0.27604034543037415,-0.9608606696128845,-89.7830810546875,200.88812255859375,131.09156799316406,-85.49247741699219,206.54638671875,144.11727905273438,-0.28921040892601013,-0.3813982903957367,-0.8780049681663513,1114,40.1068115234375,12.93290901184082,-55.22416305541992,230.01809692382812,165.4544219970703,-57.25556945800781,229.82369995117188,116.08985137939453,0.04111598804593086,0.003934625536203384,0.9991466999053955,-57.25556945800781,229.82369995117188,116.08985137939453,-71.98348236083984,206.7011260986328,110.03155517578125,0.5245710611343384,0.8235676884651184,0.21578121185302734,-71.98348236083984,206.7011260986328,110.03155517578125,-77.4095458984375,203.748291015625,124.2802505493164,0.3493881821632385,0.190135195851326,-0.9174838662147522,-77.4095458984375,203.748291015625,124.2802505493164,-76.80833435058594,208.8878631591797,136.95079040527344,-0.04392746090888977,-0.37552231550216675,-0.9257717132568359
1,-86.01236724853516,236.24391174316406,134.99363708496094,-0.2694632411003113,0.17216023802757263,-0.2766190767288208,-0.6983368992805481,0.2181367576122284,-0.6817198395729065,-57.42253494262695,227.0677490234375,192.5364990234375,103.23375701904297,176.88417053222656,349.36993408203125,1110,41.38172912597656,16.309661865234375,-90.77267456054688,226.9089813232422,186.28883361816406,-90.77267456054688,226.9089813232422,186.28883361816406,0.0,0.0,0.0,-90.77267456054688,226.9089813232422,186.28883361816406,-117.83201599121094,222.57327270507812,153.76158142089844,0.6362013220787048,0.10193830728530884,0.7647591829299927,-117.83201599121094,222.57327270507812,153.76158142089844,-127.6375961303711,214.9591522216797,129.70309448242188,0.36219340562820435,0.2812464237213135,0.8886598348617554,-127.6375961303711,214.9591522216797,129.70309448242188,-128.71127319335938,207.1383819580078,112.88011169433594,0.05777720734477043,0.4208548963069916,0.9052861332893372,1111,46.694664001464844,15.578988075256348,-82.4494857788086,242.84609985351562,177.08767700195312,-111.01242065429688,246.3638153076172,121.39871215820312,0.4556542932987213,-0.05611686035990715,0.8883861899375916,-111.01242065429688,246.3638153076172,121.39871215820312,-121.1670913696289,247.96510314941406,88.87130737304688,0.2976752817630768,-0.04694035276770592,0.95351243019104,-121.1670913696289,247.96510314941406,88.87130737304688,-127.13472747802734,247.6011199951172,70.63441467285156,0.31094539165496826,0.018965447321534157,0.9502385854721069,-127.13472747802734,247.6011199951172,70.63441467285156,-131.55606079101562,246.19862365722656,57.88560485839844,0.32590311765670776,0.10338010638952255,0.9397338628768921,1112,53.2048225402832,15.300636291503906,-73.38529968261719,242.2609100341797,171.83670043945312,-93.17613220214844,243.88925170898438,115.80509185791016,0.3329191505908966,-0.02739178016781807,0.9425573945045471,-93.17613220214844,243.88925170898438,115.80509185791016,-109.10334014892578,209.5618438720703,110.08445739746094,0.4161544740200043,0.896924614906311,0.14947174489498138,-109.10334014892578,209.5618438720703,110.08445739746094,-106.04720306396484,201.36187744140625,130.89892578125,-0.13535170257091522,0.36316415667533875,-0.9218414425849915,-106.04720306396484,201.36187744140625,130.89892578125,-100.01789093017578,206.49655151367188,143.5452117919922,-0.40407344698905945,-0.3441164493560791,-0.8475309014320374,1113,51.15785598754883,14.559525489807129,-64.24091339111328,239.1844940185547,167.7758026123047,-74.45510864257812,238.75839233398438,115.39112091064453,0.19137419760227203,0.00798348430544138,0.9814847111701965,-74.45510864257812,238.75839233398438,115.39112091064453,-90.25869750976562,207.3431396484375,110.70840454101562,0.44546329975128174,0.8855167627334595,0.13199396431446075,-90.25869750976562,207.3431396484375,110.70840454101562,-90.5982894897461,201.28932189941406,131.852294921875,0.015438741073012352,0.27522242069244385,-0.9612566232681274,-90.5982894897461,201.28932189941406,131.852294921875,-86.23458862304688,207.00579833984375,144.8282012939453,-0.29413771629333496,-0.38532233238220215,-0.8746483325958252,1114,40.1068115234375,12.93290901184082,-56.01766586303711,230.44595336914062,166.022705078125,-58.31730270385742,230.3445587158203,116.66962432861328,0.046545013785362244,0.002052243798971176,0.9989141225814819,-58.31730270385742,230.3445587158203,116.66962432861328,-72.95411682128906,207.13925170898438,110.7076416015625,0.5213263630867004,0.8265144228935242,0.2123507708311081,-72.95411682128906,207.13925170898438,110.7076416015625,-78.3447494506836,204.22177124023438,124.97705078125,0.34710678458213806,0.1878587156534195,-0.9188176989555359,-78.3447494506836,204.22177124023438,124.97705078125,-77.72164154052734,209.44273376464844,137.6132049560547,-0.04552733525633812,-0.3814692795276642,-0.9232597351074219
1,-86.82821655273438,236.5181884765625,135.59913635253906,-0.26953577995300293,0.17344370484352112,-0.2835458219051361,-0.699542760848999,0.21925148367881775,-0.680124044418335,-57.882904052734375,227.28952026367188,192.95899963378906,103.0508041381836,176.84950256347656,349.4253234863281,1110,41.38172912597656,16.309661865234375,-91.23516845703125,227.12388610839844,186.91506958007812,-91.23516845703125,227.12388610839844,186.91506958007812,0.0,0.0,0.0,-91.23516845703125,227.12388610839844,186.91506958007812,-118.739501953125,222.9293975830078,154.74447631835938,0.6466635465621948,0.09861801564693451,0.7563735246658325,-118.739501953125,222.9293975830078,154.74447631835938,-128.9052276611328,215.41648864746094,130.80393981933594,0.3754962682723999,0.2775079011917114,0.8843030333518982,-128.9052276611328,215.41648864746094,130.80393981933594,-130.09442138671875,207.60159301757812,113.98600006103516,0.06399345397949219,0.42053884267807007,0.9050148725509644,1111,46.694664001464844,15.578988075256348,-82.98338317871094,243.0758056640625,177.67532348632812,-111.92552185058594,246.63916015625,122.18539428710938,0.4617035388946533,-0.05684491619467735,0.8852109313011169,-111.92552185058594,246.63916015625,122.18539428710938,-122.1836166381836,248.242431640625,89.69056701660156,0.3007071912288666,-0.0469985194504261,0.9525578022003174,-122.1836166381836,248.242431640625,89.69056701660156,-128.2308807373047,247.75975036621094,71.48268127441406,0.3150944113731384,0.025150245055556297,0.9487270712852478,-128.2308807373047,247.75975036621094,71.48268127441406,-132.6918487548828,246.35411071777344,58.74803161621094,0.32882460951805115,0.10361179709434509,0.9386900067329407,1112,53.2048225402832,15.300636291503906,-73.95472717285156,242.50148010253906,172.36231994628906,-94.1262435913086,244.18072509765625,116.46813201904297,0.3393229842185974,-0.028248069807887077,0.9402457475662231,-94.1262435913086,244.18072509765625,116.46813201904297,-109.98374938964844,209.8108367919922,110.80928039550781,0.4143332839012146,0.8980346322059631,0.14785747230052948,-109.98374938964844,209.8108367919922,110.80928039550781,-106.90613555908203,201.7810821533203,131.6868438720703,-0.1363029032945633,0.35562580823898315,-0.9246360063552856,-106.90613555908203,201.7810821533203,131.6868438720703,-100.88736724853516,207.0660858154297,144.2760772705078,-0.40336716175079346,-0.3541915714740753,-0.8437080979347229,1113,51.15785598754883,14.559525489807129,-64.83641815185547,239.43466186523438,168.2360382080078,-75.4056396484375,239.06077575683594,115.92144775390625,0.19802604615688324,0.0070051695220172405,0.9801716804504395,-75.4056396484375,239.06077575683594,115.92144775390625,-91.22113800048828,207.63406372070312,111.35743713378906,0.44579923152923584,0.8858401775360107,0.12864801287651062,-91.22113800048828,207.63406372070312,111.35743713378906,-91.37297058105469,201.63510131835938,132.51913452148438,0.006902707275003195,0.2727285623550415,-0.9620662927627563,-91.37297058105469,201.63510131835938,132.51913452148438,-86.8957748413086,207.409912109375,145.43038940429688,-0.3017878532409668,-0.38925430178642273,-0.8702902793884277,1114,40.1068115234375,12.93290901184082,-56.620445251464844,230.70265197753906,166.41749572753906,-59.25490188598633,230.654541015625,117.0810775756836,0.05332181975245476,0.0009737734799273312,0.9985768795013428,-59.25490188598633,230.654541015625,117.0810775756836,-73.90125274658203,207.42196655273438,111.25016021728516,0.5216660499572754,0.8274856209754944,0.2076825499534607,-73.90125274658203,207.42196655273438,111.25016021728516,-79.2354507446289,204.5743408203125,125.55484771728516,0.34347283840179443,0.18336066603660583,-0.9210891127586365,-79.2354507446289,204.5743408203125,125.55484771728516,-78.54390716552734,209.88157653808594,138.1514434814453,-0.05052756890654564,-0.38777267932891846,-0.9203690886497498
1,-87.5301742553711,236.77940368652344,136.17498779296875,-0.27297818660736084,0.1754366159439087,-0.28646233677864075,-0.700566291809082,0.219832643866539,-0.678881824016571,-58.42758560180664,227.428466796875,193.43775939941406,102.74158477783203,176.85475158691406,349.6182861328125,1110,41.38172912597656,16.309661865234375,-91.7931137084961,227.3505859375,187.4967498779297,-91.7931137084961,227.3505859375,187.4967498779297,0.0,0.0,0.0,-91.7931137084961,227.3505859375,187.4967498779297,-119.62916564941406,223.38803100585938,155.58311462402344,0.6544629335403442,0.09316498041152954,0.7503323554992676,-119.62916564941406,223.38803100585938,155.58311462402344,-130.08282470703125,216.00442504882812,131.7264862060547,0.38613173365592957,0.2727317214012146,0.8812035322189331,-130.08282470703125,216.00442504882812,131.7264862060547,-131.3385772705078,208.19090270996094,114.91273498535156,0.06757510453462601,0.4204646646976471,0.9047889113426208,1111,46.694664001464844,15.578988075256348,-83.52278900146484,243.28538513183594,178.24403381347656,-112.6408920288086,246.9912872314453,122.85559844970703,0.4645107090473175,-0.059118933975696564,0.8835919499397278,-112.6408920288086,246.9912872314453,122.85559844970703,-122.93183898925781,248.60748291015625,90.37179565429688,0.3016701936721802,-0.04737737402319908,0.9522345066070557,-122.93183898925781,248.60748291015625,90.37179565429688,-129.0173797607422,248.0480499267578,72.1788558959961,0.31708869338035583,0.02914940007030964,0.9479478597640991,-129.0173797607422,248.0480499267578,72.1788558959961,-133.49606323242188,246.65292358398438,59.449275970458984,0.33013060688972473,0.10283689945936203,0.938316822052002,1112,53.2048225402832,15.300636291503906,-74.51396179199219,242.68788146972656,172.89999389648438,-94.86878967285156,244.4827117919922,117.07591247558594,0.342406690120697,-0.030192440375685692,0.9390665888786316,-94.86878967285156,244.4827117919922,117.07591247558594,-110.81893157958984,210.1493682861328,111.45561218261719,0.4167536199092865,0.8970794677734375,0.14685013890266418,-110.81893157958984,210.1493682861328,111.45561218261719,-107.70763397216797,202.21336364746094,132.364013671875,-0.13779467344284058,0.3514736592769623,-0.9260015487670898,-107.70763397216797,202.21336364746094,132.364013671875,-101.64590454101562,207.5822296142578,144.89703369140625,-0.4062461256980896,-0.3598116636276245,-0.8399403095245361,1113,51.15785598754883,14.559525489807129,-65.41926574707031,239.59649658203125,168.74008178710938,-76.16622161865234,239.30487060546875,116.461181640625,0.20135608315467834,0.005463934503495693,0.9795029163360596,-76.16622161865234,239.30487060546875,116.461181640625,-92.09290313720703,207.92453002929688,111.96517944335938,0.44893306493759155,0.8845328092575073,0.1267309933900833,-92.09290313720703,207.92453002929688,111.96517944335938,-92.15902709960938,201.96876525878906,133.13951110839844,0.0030061695724725723,0.2707647681236267,-0.9626408815383911,-92.15902709960938,201.96876525878906,133.13951110839844,-87.59683990478516,207.77467346191406,146.00698852539062,-0.30751684308052063,-0.39135056734085083,-0.8673397302627563,1114,40.1068115234375,12.93290901184082,-57.23680114746094,230.84060668945312,166.88565063476562,-60.038002014160156,230.84718322753906,117.55838775634766,0.05669673904776573,-0.00013311013753991574,0.9983913898468018,-60.038002014160156,230.84718322753906,117.55838775634766,-74.79246520996094,207.663818359375,111.8046875,0.5255166888237,0.8257328867912292,0.20493227243423462,-74.79246520996094,207.663818359375,111.8046875,-80.06192779541016,204.85153198242188,126.14032745361328,0.33930447697639465,0.18108513951301575,-0.923082172870636,-80.06192779541016,204.85153198242188,126.14032745361328,-79.2685775756836,210.1903839111328,138.71754455566406,-0.057966072112321854,-0.39008280634880066,-0.9189534187316895
1,-88.09217834472656,236.9387664794922,136.59124755859375,-0.2737354040145874,0.1810804307460785,-0.2911089360713959,-0.7006287574768066,0.2194061577320099,-0.6789552569389343,-58.77277755737305,227.31790161132812,193.70481872558594,102.4107666015625,176.84230041503906,349.90228271484375,1110,41.38172912597656,16.309661865234375,-92.1304702758789,227.23641967773438,187.88018798828125,-92.1304702758789,227.23641967773438,187.88018798828125,0.0,0.0,0.0,-92.1304702758789,227.23641967773438,187.88018798828125,-120.30329132080078,223.56248474121094,156.22860717773438,0.6623806953430176,0.08637912571430206,0.7441709637641907,-120.30329132080078,223.56248474121094,156.22860717773438,-131.03262329101562,216.37966918945312,132.4331512451172,0.39631447196006775,0.26531508564949036,0.8789441585540771,-131.03262329101562,216.37966918945312,132.4331512451172,-132.34808349609375,208.63937377929688,115.59012603759766,0.07078813761472702,0.4165242612361908,0.9063645005226135,1111,46.694664001464844,15.578988075256348,-83.8973388671875,243.2187042236328,178.67636108398438,-113.25910186767578,247.2271270751953,123.43782043457031,0.46839773654937744,-0.06394493579864502,0.8812007308006287,-113.25910186767578,247.2271270751953,123.43782043457031,-123.58317565917969,248.95962524414062,90.97052764892578,0.30264127254486084,-0.05078668147325516,0.9517505168914795,-123.58317565917969,248.95962524414062,90.97052764892578,-129.70079040527344,248.39157104492188,72.78861999511719,0.3187600076198578,0.029598619788885117,0.9473732709884644,-129.70079040527344,248.39157104492188,72.78861999511719,-134.19277954101562,247.03707885742188,60.05934143066406,0.33111143112182617,0.09984169900417328,0.9382947087287903,1112,53.2048225402832,15.300636291503906,-74.91236114501953,242.6478729248047,173.2894287109375,-95.51331329345703,244.74571228027344,117.56627655029297,0.3465469479560852,-0.03528962284326553,0.9373686909675598,-95.51331329345703,244.74571228027344,117.56627655029297,-111.48785400390625,210.43556213378906,111.87415313720703,0.41739121079444885,0.8964737057685852,0.14872680604457855,-111.48785400390625,210.43556213378906,111.87415313720703,-108.2264404296875,202.50428771972656,132.761474609375,-0.14444300532341003,0.35126399993896484,-0.9250674843788147,-108.2264404296875,202.50428771972656,132.761474609375,-102.08382415771484,207.90484619140625,145.2413787841797,-0.4116671085357666,-0.36193573474884033,-0.8363807797431946,1113,51.15785598754883,14.559525489807129,-65.83687591552734,239.5768585205078,169.07286071777344,-76.81488037109375,239.56724548339844,116.84117889404297,0.20568503439426422,0.00018011085921898484,0.9786182045936584,-76.81488037109375,239.56724548339844,116.84117889404297,-92.76541900634766,208.20457458496094,112.30654907226562,0.44960543513298035,0.8840345144271851,0.12781977653503418,-92.76541900634766,208.20457458496094,112.30654907226562,-92.69526672363281,202.21910095214844,133.4724884033203,-0.003189307637512684,0.27211540937423706,-0.9622593522071838,-92.69526672363281,202.21910095214844,133.4724884033203,-88.04965209960938,208.0175018310547,146.3134765625,-0.31314024329185486,-0.390844464302063,-0.8655539751052856,1114,40.1068115234375,12.93290901184082,-57.66476821899414,230.8292694091797,167.1354522705078,-60.68397521972656,231.10035705566406,117.82180786132812,0.061109233647584915,-0.005486857146024704,0.9981160163879395,-60.68397521972656,231.10035705566406,117.82180786132812,-75.48957061767578,207.94825744628906,112.07353210449219,0.5273377895355225,0.8246191143989563,0.2047390192747116,-75.48957061767578,207.94825744628906,112.07353210449219,-80.66072845458984,205.10638427734375,126.43909454345703,0.33297476172447205,0.18299035727977753,-0.9250094294548035,-80.66072845458984,205.10638427734375,126.43909454345703,-79.76185607910156,210.42872619628906,139.01620483398438,-0.06567607074975967,-0.38887667655944824,-0.9189459681510925
1,-88.60633850097656,237.24505615234375,137.0703582763672,-0.2716609239578247,0.18443149328231812,-0.29185134172439575,-0.7010607123374939,0.2213992476463318,-0.6778615117073059,-59.25763702392578,227.45352172851562,194.13943481445312,102.02528381347656,176.51939392089844,350.08526611328125,1110,41.38172912597656,16.309661865234375,-92.61449432373047,227.3298797607422,188.32095336914062,-92.61449432373047,227.3298797607422,188.32095336914062,0.0,0.0,0.0,-92.61449432373047,227.3298797607422,188.32095336914062,-120.99981689453125,223.83209228515625,156.83973693847656,0.6673769354820251,0.08223766833543777,0.7401655316352844,-120.99981689453125,223.83209228515625,156.83973693847656,-131.91050720214844,216.7965545654297,133.082763671875,0.4030131995677948,0.2598749101161957,0.8775222301483154,-131.91050720214844,216.7965545654297,133.082763671875,-133.22311401367188,209.1100311279297,116.21492004394531,0.0706346333026886,0.4136309027671814,0.9077005386352539,1111,46.694664001464844,15.578988075256348,-84.41803741455078,243.36669921875,179.179443359375,-113.79804229736328,247.53041076660156,123.96209716796875,0.4686887264251709,-0.06642220169305801,0.8808625936508179,-113.79804229736328,247.53041076660156,123.96209716796875,-124.0472412109375,249.27548217773438,91.47176361083984,0.30044636130332947,-0.05115525424480438,0.9524259567260742,-124.0472412109375,249.27548217773438,91.47176361083984,-130.12864685058594,248.65753173828125,73.27934265136719,0.31687334179878235,0.032198477536439896,0.9479211568832397,-130.12864685058594,248.65753173828125,73.27934265136719,-134.5842742919922,247.312744140625,60.536258697509766,0.32843104004859924,0.09912633150815964,0.9393120408058167,1112,53.2048225402832,15.300636291503906,-75.4327621459961,242.83702087402344,173.788818359375,-96.04786682128906,245.11131286621094,118.07781982421875,0.34678491950035095,-0.03825787827372551,0.9371640086174011,-96.04786682128906,245.11131286621094,118.07781982421875,-111.94007873535156,210.7788543701172,112.29057312011719,0.4152401089668274,0.8970566391944885,0.15121224522590637,-111.94007873535156,210.7788543701172,112.29057312011719,-108.6109619140625,202.86427307128906,133.17352294921875,-0.14744161069393158,0.3505249619483948,-0.9248746037483215,-108.6109619140625,202.86427307128906,133.17352294921875,-102.46000671386719,208.3048095703125,145.6319580078125,-0.41222551465034485,-0.3646145761013031,-0.834941029548645,1113,51.15785598754883,14.559525489807129,-66.35128784179688,239.802734375,169.55857849121094,-77.33824157714844,239.97682189941406,117.32906341552734,0.2058526873588562,-0.003261721460148692,0.9785774946212769,-77.33824157714844,239.97682189941406,117.32906341552734,-93.21733856201172,208.5872039794922,112.73074340820312,0.4475919008255005,0.8847945928573608,0.12961509823799133,-93.21733856201172,208.5872039794922,112.73074340820312,-93.09626770019531,202.58270263671875,133.8910675048828,-0.005504199303686619,0.27298039197921753,-0.9620039463043213,-93.09626770019531,202.58270263671875,133.8910675048828,-88.44170379638672,208.38885498046875,146.72531127929688,-0.3137434720993042,-0.39136695861816406,-0.8650993704795837,1114,40.1068115234375,12.93290901184082,-58.16033935546875,231.0808868408203,167.58505249023438,-61.18862533569336,231.54151916503906,118.27336120605469,0.06129297614097595,-0.009323269128799438,0.9980762600898743,-61.18862533569336,231.54151916503906,118.27336120605469,-75.96648406982422,208.37655639648438,112.50562286376953,0.5263501405715942,0.8250776529312134,0.20543231070041656,-75.96648406982422,208.37655639648438,112.50562286376953,-81.0981216430664,205.5030059814453,126.87905883789062,0.33042991161346436,0.1850300133228302,-0.9255160689353943,-81.0981216430664,205.5030059814453,126.87905883789062,-80.16455841064453,210.822021484375,139.45506286621094,-0.06821068376302719,-0.38863322138786316,-0.9188641905784607
1,-88.94344329833984,237.34713745117188,137.40196228027344,-0.27145105600357056,0.18658895790576935,-0.29394203424453735,-0.7015427947044373,0.22531485557556152,-0.6760702133178711,-59.491188049316406,227.41836547851562,194.3928680419922,101.90263366699219,175.58343505859375,349.9266052246094,1110,41.38172912597656,16.309661865234375,-92.84974670410156,227.31820678710938,188.63829040527344,-92.84974670410156,227.31820678710938,188.63829040527344,0.0,0.0,0.0,-92.84974670410156,227.31820678710938,188.63829040527344,-121.43717193603516,223.95362854003906,157.3258819580078,0.6721286177635193,0.07910573482513428,0.7361965775489807,-121.43717193603516,223.95362854003906,157.3258819580078,-132.51611328125,217.0155487060547,133.61817932128906,0.4092281758785248,0.2562751770019531,0.8757027387619019,-132.51611328125,217.0155487060547,133.61817932128906,-133.84066772460938,209.34976196289062,116.7418212890625,0.07127750664949417,0.41251468658447266,0.908158004283905,1111,46.694664001464844,15.578988075256348,-84.6778793334961,243.37867736816406,179.51629638671875,-114.16462707519531,247.64968872070312,124.36408233642578,0.47039157152175903,-0.06813392043113708,0.8798235654830933,-114.16462707519531,247.64968872070312,124.36408233642578,-124.39253997802734,249.37811279296875,91.86614990234375,0.2998223602771759,-0.05066724494099617,0.9526485800743103,-124.39253997802734,249.37811279296875,91.86614990234375,-130.46669006347656,248.7151641845703,73.67288970947266,0.31649526953697205,0.034543123096227646,0.9479648470878601,-130.46669006347656,248.7151641845703,73.67288970947266,-134.91207885742188,247.36102294921875,60.92721939086914,0.32767629623413086,0.09981579333543777,0.9395025968551636,1112,53.2048225402832,15.300636291503906,-75.70262908935547,242.86485290527344,174.1074676513672,-96.42457580566406,245.25149536132812,118.44083404541016,0.34858229756355286,-0.04014783352613449,0.9364179372787476,-96.42457580566406,245.25149536132812,118.44083404541016,-112.30457305908203,210.9146728515625,112.64591979980469,0.4149208664894104,0.8971704840660095,0.15141254663467407,-112.30457305908203,210.9146728515625,112.64591979980469,-108.88833618164062,203.043212890625,133.53109741210938,-0.15130004286766052,0.34861522912979126,-0.9249733686447144,-108.88833618164062,203.043212890625,133.53109741210938,-102.69951629638672,208.53079223632812,145.9500732421875,-0.4147633910179138,-0.3677675426006317,-0.8322970867156982,1113,51.15785598754883,14.559525489807129,-66.62784576416016,239.84393310546875,169.85337829589844,-77.71410369873047,240.12713623046875,117.64532470703125,0.2077132612466812,-0.005306122358888388,0.9781754016876221,-77.71410369873047,240.12713623046875,117.64532470703125,-93.5842514038086,208.72998046875,113.0675048828125,0.4473394453525543,0.8850066065788269,0.12903720140457153,-93.5842514038086,208.72998046875,113.0675048828125,-93.38436889648438,202.74771118164062,134.2335205078125,-0.009087186306715012,0.271969735622406,-0.9622629284858704,-93.38436889648438,202.74771118164062,134.2335205078125,-88.68880462646484,208.57640075683594,147.0426025390625,-0.31650689244270325,-0.3928857743740082,-0.8634026646614075,1114,40.1068115234375,12.93290901184082,-58.436744689941406,231.130126953125,167.84523010253906,-61.558937072753906,231.69711303710938,118.5405044555664,0.0631936565041542,-0.011475885286927223,0.9979352355003357,-61.558937072753906,231.69711303710938,118.5405044555664,-76.3580322265625,208.5347442626953,112.81698608398438,0.5271065831184387,0.8249853253364563,0.20385733246803284,-76.3580322265625,208.5347442626953,112.81698608398438,-81.42813873291016,205.66836547851562,127.21367645263672,0.32646775245666504,0.18456816673278809,-0.9270131587982178,-81.42813873291016,205.66836547851562,127.21367645263672,-80.43067169189453,211.00344848632812,139.7779541015625,-0.0728798508644104,-0.38980743288993835,-0.9180079698562622
1,-89.21102142333984,237.48458862304688,137.69424438476562,-0.27371588349342346,0.1916671097278595,-0.2961637079715729,-0.7022780179977417,0.23030613362789154,-0.6736205220222473,-59.650001525878906,227.2432403564453,194.57333374023438,101.91297912597656,174.26002502441406,349.5434875488281,1110,41.38172912597656,16.309661865234375,-93.0177230834961,227.23837280273438,188.8950653076172,-93.0177230834961,227.23837280273438,188.8950653076172,0.0,0.0,0.0,-93.0177230834961,227.23837280273438,188.8950653076172,-121.83133697509766,224.1394805908203,157.7630615234375,0.6774463653564453,0.07285907864570618,0.73195481300354,-121.83133697509766,224.1394805908203,157.7630615234375,-133.09796142578125,217.3700714111328,134.09507751464844,0.4161606729030609,0.25004488229751587,0.8742355704307556,-133.09796142578125,217.3700714111328,134.09507751464844,-134.45193481445312,209.76087951660156,117.19547271728516,0.07286066561937332,0.40946948528289795,0.9094096422195435,1111,46.694664001464844,15.578988075256348,-84.83622741699219,243.32308959960938,179.8245849609375,-114.44255065917969,247.8923797607422,124.7603988647461,0.4722990393638611,-0.07289224863052368,0.8784192204475403,-114.44255065917969,247.8923797607422,124.7603988647461,-124.6856689453125,249.69729614257812,92.27141571044922,0.3002680838108063,-0.052909549325704575,0.9523862600326538,-124.6856689453125,249.69729614257812,92.27141571044922,-130.7745361328125,249.05441284179688,74.08235168457031,0.31726208329200745,0.033497609198093414,0.9477461576461792,-130.7745361328125,249.05441284179688,74.08235168457031,-135.22674560546875,247.74070739746094,61.334835052490234,0.32817918062210083,0.09683524072170258,0.9396389722824097,1112,53.2048225402832,15.300636291503906,-75.87454223632812,242.8158721923828,174.39266967773438,-96.7209243774414,245.48635864257812,118.78541564941406,0.350675493478775,-0.04492262378334999,0.935418963432312,-96.7209243774414,245.48635864257812,118.78541564941406,-112.6698989868164,211.19253540039062,112.92567443847656,0.41672322154045105,0.896047055721283,0.15310640633106232,-112.6698989868164,211.19253540039062,112.92567443847656,-109.17707824707031,203.30857849121094,133.79347229003906,-0.15469175577163696,0.3491685390472412,-0.9242032766342163,-109.17707824707031,203.30857849121094,133.79347229003906,-102.9324951171875,208.80105590820312,146.1823272705078,-0.4185006618499756,-0.36809587478637695,-0.8302786350250244,1113,51.15785598754883,14.559525489807129,-66.81546783447266,239.79632568359375,170.10426330566406,-78.022216796875,240.32981872558594,117.92389678955078,0.20997077226638794,-0.009995578788220882,0.9776565432548523,-78.022216796875,240.32981872558594,117.92389678955078,-93.95915222167969,208.97195434570312,113.30902099609375,0.4492221772670746,0.8838993906974792,0.13008175790309906,-93.95915222167969,208.97195434570312,113.30902099609375,-93.68584442138672,202.96429443359375,134.467041015625,-0.012425283901393414,0.2731238305568695,-0.9618986248970032,-93.68584442138672,202.96429443359375,134.467041015625,-88.9301986694336,208.77626037597656,147.2615203857422,-0.32055723667144775,-0.39175915718078613,-0.8624197840690613,1114,40.1068115234375,12.93290901184082,-58.64578628540039,231.07579040527344,168.0388641357422,-61.881229400634766,231.86512756347656,118.7445068359375,0.0654858872294426,-0.015976309776306152,0.9977256655693054,-61.881229400634766,231.86512756347656,118.7445068359375,-76.75945281982422,208.75270080566406,113.02420043945312,0.529924750328064,0.8232062458992004,0.2037428617477417,-76.75945281982422,208.75270080566406,113.02420043945312,-81.76814270019531,205.87353515625,127.4398193359375,0.322513222694397,0.1853915899991989,-0.9282322525978088,-81.76814270019531,205.87353515625,127.4398193359375,-80.68780517578125,211.19541931152344,140.00283813476562,-0.07893480360507965,-0.3888431787490845,-0.9179162979125977
1,-89.3914794921875,237.55264282226562,137.9474334716797,-0.2747451066970825,0.19914206862449646,-0.2992435395717621,-0.7029042840003967,0.23524387180805206,-0.6712568998336792,-59.69081115722656,226.89227294921875,194.67800903320312,102.01624298095703,172.77310180664062,349.1044006347656,1110,41.38172912597656,16.309661865234375,-93.06153869628906,226.94232177734375,189.08401489257812,-93.06153869628906,226.94232177734375,189.08401489257812,0.0,0.0,0.0,-93.06153869628906,226.94232177734375,189.08401489257812,-122.06896209716797,224.14346313476562,158.1039581298828,0.682003378868103,0.06580491364002228,0.7283825874328613,-122.06896209716797,224.14346313476562,158.1039581298828,-133.48590087890625,217.58262634277344,134.44927978515625,0.4217129647731781,0.2423407882452011,0.8737442493438721,-133.48590087890625,217.58262634277344,134.44927978515625,-134.85882568359375,210.0775604248047,117.50469207763672,0.07388046383857727,0.40386608242988586,0.9118300080299377,1111,46.694664001464844,15.578988075256348,-84.89651489257812,243.0872344970703,180.1061248779297,-114.6531753540039,248.06593322753906,125.15859985351562,0.47469738125801086,-0.07942340523004532,0.876558244228363,-114.6531753540039,248.06593322753906,125.15859985351562,-124.90220642089844,250.02279663085938,92.6802749633789,0.3004413843154907,-0.057363737374544144,0.9520736932754517,-124.90220642089844,250.02279663085938,92.6802749633789,-130.99710083007812,249.4488525390625,74.49092864990234,0.31757619976997375,0.029905520379543304,0.947761058807373,-130.99710083007812,249.4488525390625,74.49092864990234,-135.4517822265625,248.19207763671875,61.73853302001953,0.32836127281188965,0.0926387757062912,0.9399983286857605,1112,53.2048225402832,15.300636291503906,-75.95023345947266,242.6142120361328,174.6458282470703,-96.94951629638672,245.69345092773438,119.11729431152344,0.35324761271476746,-0.05179861560463905,0.9340948462486267,-96.94951629638672,245.69345092773438,119.11729431152344,-112.9186019897461,211.43186950683594,113.12516021728516,0.41724854707717896,0.8952043056488037,0.1565655767917633,-112.9186019897461,211.43186950683594,113.12516021728516,-109.32173919677734,203.49652099609375,133.95578002929688,-0.1592995822429657,0.3514445126056671,-0.922556459903717,-109.32173919677734,203.49652099609375,133.95578002929688,-103.02220916748047,208.97450256347656,146.32322692871094,-0.42218291759490967,-0.3671242296695709,-0.8288435339927673,1113,51.15785598754883,14.559525489807129,-66.90474700927734,239.6206817626953,170.3107452392578,-78.2560806274414,240.53341674804688,118.16690063476562,0.21267974376678467,-0.017101095989346504,0.9769724011421204,-78.2560806274414,240.53341674804688,118.16690063476562,-94.21717834472656,209.20208740234375,113.4562759399414,0.4499032497406006,0.8831514716148376,0.13278067111968994,-94.21717834472656,209.20208740234375,113.4562759399414,-93.84400177001953,203.12677001953125,134.5934295654297,-0.016965586692094803,0.2761998772621155,-0.9609505534172058,-93.84400177001953,203.12677001953125,134.5934295654297,-89.0274887084961,208.90115356445312,147.38217163085938,-0.32465970516204834,-0.3892255127429962,-0.8620322346687317,1114,40.1068115234375,12.93290901184082,-58.745574951171875,230.91087341308594,168.16030883789062,-62.11747741699219,232.05462646484375,118.88204193115234,0.06824782490730286,-0.02314973808825016,0.9973996877670288,-62.11747741699219,232.05462646484375,118.88204193115234,-77.05203247070312,208.98614501953125,113.13118743896484,0.5319310426712036,0.8216408491134644,0.20483087003231049,-77.05203247070312,208.98614501953125,113.13118743896484,-81.98046112060547,206.0556182861328,127.5641098022461,0.31734514236450195,0.18869876861572266,-0.9293464422225952,-81.98046112060547,206.0556182861328,127.5641098022461,-80.81102752685547,211.3373260498047,140.1361083984375,-0.08544457703828812,-0.3859075605869293,-0.9185721278190613
1,-89.48114013671875,237.62615966796875,138.1323699951172,-0.2772420048713684,0.20249886810779572,-0.30108487606048584,-0.7031611800193787,0.24088767170906067,-0.6689823865890503,-59.69126510620117,226.73196411132812,194.77052307128906,102.07489013671875,171.31442260742188,348.67364501953125,1110,41.38172912597656,16.309661865234375,-93.06721496582031,226.89198303222656,189.24905395507812,-93.06721496582031,226.89198303222656,189.24905395507812,0.0,0.0,0.0,-93.06721496582031,226.89198303222656,189.24905395507812,-122.23898315429688,224.2936248779297,158.40615844726562,0.6858673691749573,0.06109088286757469,0.7251578569412231,-122.23898315429688,224.2936248779297,158.40615844726562,-133.7916259765625,217.84938049316406,134.7853240966797,0.4267253279685974,0.23803403973579407,0.8724937438964844,-133.7916259765625,217.84938049316406,134.7853240966797,-135.19110107421875,210.3768768310547,117.82852172851562,0.07530920207500458,0.40211382508277893,0.912487268447876,1111,46.694664001464844,15.578988075256348,-84.88561248779297,243.04208374023438,180.29562377929688,-114.7464599609375,248.22772216796875,125.4238052368164,0.47635939717292786,-0.08272463083267212,0.8753504157066345,-114.7464599609375,248.22772216796875,125.4238052368164,-124.98441314697266,250.20330810546875,92.94312286376953,0.3001166880130768,-0.05791258066892624,0.9521428942680359,-124.98441314697266,250.20330810546875,92.94312286376953,-131.07626342773438,249.63685607910156,74.75251770019531,0.31741753220558167,0.029515137895941734,0.9478264451026917,-131.07626342773438,249.63685607910156,74.75251770019531,-135.52928161621094,248.39031982421875,61.99854278564453,0.328238844871521,0.09188411384820938,0.940115213394165,1112,53.2048225402832,15.300636291503906,-75.95186614990234,242.5635528564453,174.81532287597656,-97.06077575683594,245.83204650878906,119.33918762207031,0.3550916612148285,-0.054982226341962814,0.9332131743431091,-97.06077575683594,245.83204650878906,119.33918762207031,-113.1053695678711,211.6055145263672,113.34854125976562,0.4192216396331787,0.8942888975143433,0.15652677416801453,-113.1053695678711,211.6055145263672,113.34854125976562,-109.4388198852539,203.69407653808594,134.1761016845703,-0.1623859405517578,0.3503856062889099,-0.9224210977554321,-109.4388198852539,203.69407653808594,134.1761016845703,-103.0870590209961,209.18968200683594,146.5089569091797,-0.42568349838256836,-0.3683055341243744,-0.8265256285667419,1113,51.15785598754883,14.559525489807129,-66.92208862304688,239.56141662597656,170.45352172851562,-78.38074493408203,240.63356018066406,118.33619689941406,0.21469055116176605,-0.020087789744138718,0.9764754772186279,-78.38074493408203,240.63356018066406,118.33619689941406,-94.41545104980469,209.3361358642578,113.65022277832031,0.45197802782058716,0.8821956515312195,0.13208581507205963,-94.41545104980469,209.3361358642578,113.65022277832031,-93.9732666015625,203.2768096923828,134.7906494140625,-0.02010285295546055,0.2754727005958557,-0.9610986709594727,-93.9732666015625,203.2768096923828,134.7906494140625,-89.09923553466797,209.0536346435547,147.5564727783203,-0.32853683829307556,-0.38939017057418823,-0.8604875802993774,1114,40.1068115234375,12.93290901184082,-58.786590576171875,230.83934020996094,168.2635040283203,-62.25933837890625,232.11761474609375,118.99554443359375,0.07028894871473312,-0.025872474536299706,0.9971910715103149,-62.25933837890625,232.11761474609375,118.99554443359375,-77.28227996826172,209.09181213378906,113.30418395996094,0.5350791811943054,0.8201208710670471,0.20271186530590057,-77.28227996826172,209.09181213378906,113.30418395996094,-82.1504135131836,206.17596435546875,127.76052856445312,0.31346258521080017,0.18775351345539093,-0.930854320526123,-82.1504135131836,206.17596435546875,127.76052856445312,-80.89754486083984,211.46644592285156,140.32078552246094,-0.09154080599546432,-0.38654887676239014,-0.9177147746086121
1,-89.50235748291016,237.66928100585938,138.27871704101562,-0.2742280662059784,0.2068922072649002,-0.3024411201477051,-0.7032045722007751,0.24504970014095306,-0.66742342710495,-59.66304397583008,226.542724609375,194.84449768066406,102.11308288574219,170.1676788330078,348.38897705078125,1110,41.38172912597656,16.309661865234375,-93.03129577636719,226.6513214111328,189.33897399902344,-93.03129577636719,226.6513214111328,189.33897399902344,0.0,0.0,0.0,-93.03129577636719,226.6513214111328,189.33897399902344,-122.30099487304688,224.1579132080078,158.58030700683594,0.6881698369979858,0.05862336605787277,0.723177433013916,-122.30099487304688,224.1579132080078,158.58030700683594,-133.9262237548828,217.8280029296875,134.96417236328125,0.4294065237045288,0.23381085693836212,0.8723202347755432,-133.9262237548828,217.8280029296875,134.96417236328125,-135.30877685546875,210.43182373046875,117.9725570678711,0.07439858466386795,0.3980066180229187,0.9143606424331665,1111,46.694664001464844,15.578988075256348,-84.90579223632812,242.875244140625,180.46829223632812,-114.8073501586914,248.25677490234375,125.63752746582031,0.4770088791847229,-0.08584964275360107,0.8746955990791321,-114.8073501586914,248.25677490234375,125.63752746582031,-124.99423217773438,250.28128051757812,93.14380645751953,0.2986195981502533,-0.059346627444028854,0.95252525806427,-124.99423217773438,250.28128051757812,93.14380645751953,-131.04940795898438,249.7490997314453,74.93992614746094,0.31550660729408264,0.027729425579309464,0.9485181570053101,-131.04940795898438,249.7490997314453,74.93992614746094,-135.47470092773438,248.51828002929688,62.17477798461914,0.3261951506137848,0.0907256081700325,0.9409387111663818,1112,53.2048225402832,15.300636291503906,-75.97296142578125,242.4547882080078,174.98175048828125,-97.11669921875,245.95069885253906,119.53275299072266,0.3556775450706482,-0.05880780890583992,0.9327566623687744,-97.11669921875,245.95069885253906,119.53275299072266,-113.04419708251953,211.69317626953125,113.40823364257812,0.41616198420524597,0.8950984477996826,0.16002464294433594,-113.04419708251953,211.69317626953125,113.40823364257812,-109.30671691894531,203.75479125976562,134.21290588378906,-0.16552743315696716,0.3515792489051819,-0.9214079976081848,-109.30671691894531,203.75479125976562,134.21290588378906,-102.95686340332031,209.25267028808594,146.54574584960938,-0.4255552887916565,-0.368457555770874,-0.8265238404273987,1113,51.15785598754883,14.559525489807129,-66.93545532226562,239.50511169433594,170.60018920898438,-78.4204330444336,240.81797790527344,118.49417114257812,0.21518373489379883,-0.024597996845841408,0.9762637615203857,-78.4204330444336,240.81797790527344,118.49417114257812,-94.35123443603516,209.4814453125,113.71601867675781,0.44904911518096924,0.8832978010177612,0.13468407094478607,-94.35123443603516,209.4814453125,113.71601867675781,-93.8445816040039,203.37835693359375,134.84239196777344,-0.023033766075968742,0.2774623930454254,-0.960460364818573,-93.8445816040039,203.37835693359375,134.84239196777344,-88.9693374633789,209.13975524902344,147.61473083496094,-0.3286184072494507,-0.38835009932518005,-0.8609262704849243,1114,40.1068115234375,12.93290901184082,-58.7728157043457,230.82115173339844,168.3602752685547,-62.271339416503906,232.3507537841797,119.10130310058594,0.07081066071987152,-0.03095938079059124,0.9970092177391052,-62.271339416503906,232.3507537841797,119.10130310058594,-77.24781799316406,209.3018341064453,113.38115692138672,0.5334243178367615,0.8209443092346191,0.20373715460300446,-77.24781799316406,209.3018341064453,113.38115692138672,-82.06412506103516,206.33383178710938,127.84424591064453,0.3101254403591156,0.19111178815364838,-0.9312885999679565,-82.06412506103516,206.33383178710938,127.84424591064453,-80.78085327148438,211.6011199951172,140.41119384765625,-0.0937621146440506,-0.3848538398742676,-0.9182026982307434
1,-89.41340637207031,237.71560668945312,138.40440368652344,-0.27005985379219055,0.20753026008605957,-0.3031170964241028,-0.7028859853744507,0.24882136285305023,-0.6663627028465271,-59.55238342285156,226.55467224121094,194.9488983154297,102.15045166015625,169.3119354248047,348.24932861328125,1110,41.38172912597656,16.309661865234375,-92.90821838378906,226.5853729248047,189.44265747070312,-92.90821838378906,226.5853729248047,189.44265747070312,0.0,0.0,0.0,-92.90821838378906,226.5853729248047,189.44265747070312,-122.2199478149414,224.0454864501953,158.72784423828125,0.6891579627990723,0.059716127812862396,0.7221463322639465,-122.2199478149414,224.0454864501953,158.72784423828125,-133.87379455566406,217.73001098632812,135.12196350097656,0.4304637312889099,0.23327773809432983,0.8719417452812195,-133.87379455566406,217.73001098632812,135.12196350097656,-135.2345428466797,210.35821533203125,118.11799621582031,0.07322521507740021,0.39669448137283325,0.9150253534317017,1111,46.694664001464844,15.578988075256348,-84.84883880615234,242.86021423339844,180.60498046875,-114.75963592529297,248.22084045410156,125.77721405029297,0.47715631127357483,-0.08551616966724396,0.8746479153633118,-114.75963592529297,248.22084045410156,125.77721405029297,-124.8786849975586,250.20919799804688,93.26007080078125,0.2966310977935791,-0.05828696861863136,0.9532117247581482,-124.8786849975586,250.20919799804688,93.26007080078125,-130.88467407226562,249.67529296875,75.03995513916016,0.312943696975708,0.02781926840543747,0.9493641257286072,-130.88467407226562,249.67529296875,75.03995513916016,-135.27294921875,248.4352264404297,62.26292037963867,0.32346630096435547,0.0914071574807167,0.9418143033981323,1112,53.2048225402832,15.300636291503906,-75.91300201416016,242.48777770996094,175.11984252929688,-97.05799102783203,246.00076293945312,119.67240905761719,0.35569867491722107,-0.059095047414302826,0.9327305555343628,-97.05799102783203,246.00076293945312,119.67240905761719,-112.83429718017578,211.6811981201172,113.50407409667969,0.4122115671634674,0.8967195153236389,0.16116948425769806,-112.83429718017578,211.6811981201172,113.50407409667969,-109.04283142089844,203.77044677734375,134.30950927734375,-0.1679183393716812,0.350355327129364,-0.9214415550231934,-109.04283142089844,203.77044677734375,134.30950927734375,-102.7125244140625,209.3020782470703,146.63729858398438,-0.4242454767227173,-0.37071970105171204,-0.8261856436729431,1113,51.15785598754883,14.559525489807129,-66.86213684082031,239.58447265625,170.73489379882812,-78.34008026123047,240.94863891601562,118.62864685058594,0.21505196392536163,-0.025559162721037865,0.9762681126594543,-78.34008026123047,240.94863891601562,118.62864685058594,-94.13441467285156,209.54547119140625,113.83494567871094,0.44520244002342224,0.8851761221885681,0.13512234389781952,-94.13441467285156,209.54547119140625,113.83494567871094,-93.58157348632812,203.453125,134.9632568359375,-0.025133617222309113,0.2769741117954254,-0.9605486989021301,-93.58157348632812,203.453125,134.9632568359375,-88.7246322631836,209.23422241210938,147.73367309570312,-0.3273846209049225,-0.38967785239219666,-0.8607964515686035,1114,40.1068115234375,12.93290901184082,-58.66255187988281,230.9391632080078,168.4804229736328,-62.155696868896484,232.5481719970703,119.22359466552734,0.07070178538560867,-0.03256658464670181,0.9969657063484192,-62.155696868896484,232.5481719970703,119.22359466552734,-77.05221557617188,209.44349670410156,113.51959228515625,0.5305763483047485,0.822930097579956,0.20316213369369507,-77.05221557617188,209.44349670410156,113.51959228515625,-81.83277130126953,206.45814514160156,127.99095916748047,0.3078235983848572,0.19222904741764069,-0.9318222403526306,-81.83277130126953,206.45814514160156,127.99095916748047,-80.54431915283203,211.7357177734375,140.5530548095703,-0.09414065629243851,-0.38560542464256287,-0.917848527431488
1,-89.26465606689453,237.70782470703125,138.5495147705078,-0.2669462263584137,0.20753102004528046,-0.30327102541923523,-0.7024071216583252,0.25131821632385254,-0.6659305095672607,-59.405982971191406,226.54673767089844,195.09291076660156,102.18668365478516,168.72958374023438,348.2939453125,1110,41.38172912597656,16.309661865234375,-92.75030517578125,226.51800537109375,189.5753631591797,-92.75030517578125,226.51800537109375,189.5753631591797,0.0,0.0,0.0,-92.75030517578125,226.51800537109375,189.5753631591797,-122.08522033691406,223.9305877685547,158.88665771484375,0.6897030472755432,0.0608336441218853,0.7215324640274048,-122.08522033691406,223.9305877685547,158.88665771484375,-133.7515411376953,217.6137237548828,135.2873077392578,0.4309244453907013,0.23332901298999786,0.8717004060745239,-133.7515411376953,217.6137237548828,135.2873077392578,-135.0923614501953,210.25254821777344,118.27716064453125,0.07215286046266556,0.39612308144569397,0.9153581261634827,1111,46.694664001464844,15.578988075256348,-84.73683166503906,242.8260955810547,180.75726318359375,-114.63694763183594,248.1468505859375,125.9197769165039,0.4769858121871948,-0.08488009870052338,0.8748027682304382,-114.63694763183594,248.1468505859375,125.9197769165039,-124.67967224121094,250.07711791992188,93.37548065185547,0.2943936884403229,-0.05658409744501114,0.9540075659751892,-124.67967224121094,250.07711791992188,93.37548065185547,-130.63194274902344,249.5395050048828,75.13785552978516,0.31014472246170044,0.0280124694108963,0.9502764940261841,-130.63194274902344,249.5395050048828,75.13785552978516,-134.98167419433594,248.2848663330078,62.34906768798828,0.3206251859664917,0.09248128533363342,0.9426806569099426,1112,53.2048225402832,15.300636291503906,-75.79718017578125,242.48648071289062,175.27621459960938,-96.92552185058594,245.98727416992188,119.8216552734375,0.35541853308677673,-0.05888994783163071,0.9328502416610718,-96.92552185058594,245.98727416992188,119.8216552734375,-112.58621215820312,211.61680603027344,113.64215087890625,0.4091907739639282,0.8980497121810913,0.16146135330200195,-112.58621215820312,211.61680603027344,113.64215087890625,-108.75574493408203,203.7484130859375,134.45651245117188,-0.16964559257030487,0.3484792113304138,-0.9218365550041199,-108.75574493408203,203.7484130859375,134.45651245117188,-102.44265747070312,209.31629943847656,146.7768096923828,-0.42309141159057617,-0.37314939498901367,-0.8256834745407104,1113,51.15785598754883,14.559525489807129,-66.73523712158203,239.61534118652344,170.8929901123047,-78.19158935546875,240.9939422607422,118.78236389160156,0.21464738249778748,-0.025829609483480453,0.9763500094413757,-78.19158935546875,240.9939422607422,118.78236389160156,-93.88312530517578,209.5380096435547,113.9970932006836,0.44230496883392334,0.8866636753082275,0.1348847597837448,-93.88312530517578,209.5380096435547,113.9970932006836,-93.29602813720703,203.47706604003906,135.13351440429688,-0.026690980419516563,0.27554643154144287,-0.9609172344207764,-93.29602813720703,203.47706604003906,135.13351440429688,-88.45478820800781,209.28341674804688,147.89842224121094,-0.32632648944854736,-0.39138031005859375,-0.8604257702827454,1114,40.1068115234375,12.93290901184082,-58.50788497924805,230.99754333496094,168.6343231201172,-61.98164749145508,232.64291381835938,119.37732696533203,0.07030948996543884,-0.03330255299806595,0.9969692230224609,-61.98164749145508,232.64291381835938,119.37732696533203,-76.82154846191406,209.4939727783203,113.70535278320312,0.5285599231719971,0.8245069980621338,0.20202143490314484,-76.82154846191406,209.4939727783203,113.70535278320312,-81.57247924804688,206.51251220703125,128.18728637695312,0.3059157729148865,0.1919783502817154,-0.9325019121170044,-81.57247924804688,206.51251220703125,128.18728637695312,-80.2767333984375,211.81085205078125,140.73988342285156,-0.09467358887195587,-0.38712286949157715,-0.9171547293663025
1,-89.0035629272461,237.68453979492188,138.6187744140625,-0.2656221389770508,0.20389974117279053,-0.30194389820098877,-0.701770007610321,0.2534247636795044,-0.665803849697113,-59.20695495605469,226.6895294189453,195.2231903076172,102.2391357421875,168.3877410888672,348.39508056640625,1110,41.38172912597656,16.309661865234375,-92.54566955566406,226.6557159423828,189.67578125,-92.54566955566406,226.6557159423828,189.67578125,0.0,0.0,0.0,-92.54566955566406,226.6557159423828,189.67578125,-121.84764099121094,223.8993377685547,158.97032165527344,0.6889285445213318,0.06480613350868225,0.7219263911247253,-121.84764099121094,223.8993377685547,158.97032165527344,-133.480712890625,217.47215270996094,135.3843536376953,0.42969635128974915,0.2374040186405182,0.8712062239646912,-133.480712890625,217.47215270996094,135.3843536376953,-134.79766845703125,210.046142578125,118.4005355834961,0.0708686113357544,0.39961180090904236,0.9139409065246582,1111,46.694664001464844,15.578988075256348,-84.53778839111328,242.94384765625,180.8157958984375,-114.37002563476562,248.05557250976562,125.9214859008789,0.4759029746055603,-0.08154550939798355,0.8757092356681824,-114.37002563476562,248.05557250976562,125.9214859008789,-124.3178482055664,249.8300018310547,93.33920288085938,0.29161179065704346,-0.05201585590839386,0.9551213383674622,-124.3178482055664,249.8300018310547,93.33920288085938,-130.20947265625,249.23550415039062,75.08365631103516,0.30698469281196594,0.030976464971899986,0.9512102603912354,-130.20947265625,249.23550415039062,75.08365631103516,-134.5191192626953,247.91973876953125,62.287445068359375,0.3176705241203308,0.0969870388507843,0.9432279467582703,1112,53.2048225402832,15.300636291503906,-75.59043884277344,242.59613037109375,175.3478240966797,-96.64814758300781,245.8953094482422,119.85405731201172,0.3542304039001465,-0.05549841746687889,0.933509886264801,-96.64814758300781,245.8953094482422,119.85405731201172,-112.2646713256836,211.4893341064453,113.7609634399414,0.4080367088317871,0.8989773392677307,0.15920354425907135,-112.2646713256836,211.4893341064453,113.7609634399414,-108.44263458251953,203.7149200439453,134.61215209960938,-0.16927224397659302,0.34431707859039307,-0.923467755317688,-108.44263458251953,203.7149200439453,134.61215209960938,-102.14986419677734,209.3395538330078,146.91705322265625,-0.4217298924922943,-0.376952588558197,-0.824651837348938,1113,51.15785598754883,14.559525489807129,-66.51956939697266,239.72055053710938,170.98602294921875,-77.90752410888672,240.91871643066406,118.85594177246094,0.2133658528327942,-0.022448955103754997,0.9767144322395325,-77.90752410888672,240.91871643066406,118.85594177246094,-93.5577621459961,209.4274139404297,114.16901397705078,0.441140741109848,0.8876603841781616,0.13211266696453094,-93.5577621459961,209.4274139404297,114.16901397705078,-92.97689056396484,203.46566772460938,135.33380126953125,-0.026407945901155472,0.27103662490844727,-0.9622067213058472,-92.97689056396484,203.46566772460938,135.33380126953125,-88.1560287475586,209.326171875,148.0816650390625,-0.3249528408050537,-0.39503052830696106,-0.8592767715454102,1114,40.1068115234375,12.93290901184082,-58.28001022338867,231.10433959960938,168.7661895751953,-61.689491271972656,232.58702087402344,119.4995346069336,0.06900840997695923,-0.030009692534804344,0.9971644878387451,-61.689491271972656,232.58702087402344,119.4995346069336,-76.50706481933594,209.4019317626953,113.91749572753906,0.5277644395828247,0.8257941603660583,0.19881808757781982,-76.50706481933594,209.4019317626953,113.91749572753906,-81.25609588623047,206.48475646972656,128.4131317138672,0.3057935833930969,0.1878390610218048,-0.9333846569061279,-81.25609588623047,206.48475646972656,128.4131317138672,-79.96380615234375,211.84400939941406,140.94020080566406,-0.09442106634378433,-0.3915734887123108,-0.9152895212173462
1,-88.58993530273438,237.59469604492188,138.65765380859375,-0.26367416977882385,0.20034068822860718,-0.29994288086891174,-0.7010228633880615,0.2543458044528961,-0.6662395596504211,-58.8918571472168,226.77561950683594,195.34390258789062,102.38235473632812,168.26194763183594,348.61602783203125,1110,41.38172912597656,16.309661865234375,-92.22322082519531,226.7105712890625,189.73928833007812,-92.22322082519531,226.7105712890625,189.73928833007812,0.0,0.0,0.0,-92.22322082519531,226.7105712890625,189.73928833007812,-121.4197006225586,223.7513427734375,158.95233154296875,0.6864482760429382,0.06957542151212692,0.7238425016403198,-121.4197006225586,223.7513427734375,158.95233154296875,-132.95018005371094,217.1938934326172,135.35183715820312,0.4259067177772522,0.2422155737876892,0.8717424869537354,-132.95018005371094,217.1938934326172,135.35183715820312,-134.2121124267578,209.70492553710938,118.39151000976562,0.06790770590305328,0.4029998779296875,0.9126771688461304,1111,46.694664001464844,15.578988075256348,-84.2227554321289,242.98548889160156,180.848388671875,-113.9459457397461,247.8871612548828,125.8758316040039,0.4741634428501129,-0.07819462567567825,0.8769575953483582,-113.9459457397461,247.8871612548828,125.8758316040039,-123.76948547363281,249.53564453125,93.2492446899414,0.2879684567451477,-0.048323843628168106,0.956419825553894,-123.76948547363281,249.53564453125,93.2492446899414,-129.58322143554688,248.90283203125,74.97003173828125,0.30292630195617676,0.03297286853194237,0.9524434208869934,-129.58322143554688,248.90283203125,74.97003173828125,-133.84185791015625,247.52940368652344,62.162811279296875,0.313910573720932,0.10123749077320099,0.9440397024154663,1112,53.2048225402832,15.300636291503906,-75.2632064819336,242.63616943359375,175.40054321289062,-96.20769500732422,245.7377471923828,119.8525619506836,0.3523258566856384,-0.0521743968129158,0.9344220161437988,-96.20769500732422,245.7377471923828,119.8525619506836,-111.76193237304688,211.29666137695312,113.7987060546875,0.406409353017807,0.8998949527740479,0.15817835927009583,-111.76193237304688,211.29666137695312,113.7987060546875,-107.97439575195312,203.58470153808594,134.6793670654297,-0.1677442491054535,0.3415510058403015,-0.9247727990150452,-107.97439575195312,203.58470153808594,134.6793670654297,-101.71975708007812,209.24252319335938,146.98849487304688,-0.4191743731498718,-0.3791767954826355,-0.8249350786209106,1113,51.15785598754883,14.559525489807129,-66.17841339111328,239.76248168945312,171.0665740966797,-77.45696258544922,240.78863525390625,118.90904998779297,0.2113160490989685,-0.019226117059588432,0.9772287011146545,-77.45696258544922,240.78863525390625,118.90904998779297,-93.04669189453125,209.25936889648438,114.27601623535156,0.439435213804245,0.8887306451797485,0.13059355318546295,-93.04669189453125,209.25936889648438,114.27601623535156,-92.49699401855469,203.3694610595703,135.4617462158203,-0.02499069832265377,0.26777055859565735,-0.9631585478782654,-92.49699401855469,203.3694610595703,135.4617462158203,-87.71544647216797,209.2683563232422,148.20669555664062,-0.32230308651924133,-0.3976185917854309,-0.8590810298919678,1114,40.1068115234375,12.93290901184082,-57.92022705078125,231.1531219482422,168.88970947265625,-61.22690963745117,232.48516845703125,119.61175537109375,0.06692777574062347,-0.0269608311355114,0.9973935484886169,-61.22690963745117,232.48516845703125,119.61175537109375,-75.99828338623047,209.25912475585938,114.07772827148438,0.5261189341545105,0.8272528648376465,0.19710803031921387,-75.99828338623047,209.25912475585938,114.07772827148438,-80.76647186279297,206.38632202148438,128.575927734375,0.30702731013298035,0.18498195707798004,-0.9335501194000244,-80.76647186279297,206.38632202148438,128.575927734375,-79.50321197509766,211.79100036621094,141.08644104003906,-0.0922999382019043,-0.39489221572875977,-0.9140792489051819
1,-88.07109832763672,237.64578247070312,138.73704528808594,-0.26336508989334106,0.1972985416650772,-0.29705947637557983,-0.7002581357955933,0.255283385515213,-0.6666850447654724,-58.51420974731445,226.9610137939453,195.518798828125,102.58407592773438,168.2316436767578,348.8934020996094,1110,41.38172912597656,16.309661865234375,-91.8434066772461,226.9102783203125,189.84005737304688,-91.8434066772461,226.9102783203125,189.84005737304688,0.0,0.0,0.0,-91.8434066772461,226.9102783203125,189.84005737304688,-120.9588623046875,223.81932067871094,158.9893798828125,0.6845433712005615,0.07267255336046219,0.725340723991394,-120.9588623046875,223.81932067871094,158.9893798828125,-132.45025634765625,217.1837615966797,135.3916473388672,0.4244629144668579,0.2451007068157196,0.8716403245925903,-132.45025634765625,217.1837615966797,135.3916473388672,-133.71498107910156,209.65208435058594,118.45045471191406,0.06805798411369324,0.40529826283454895,0.9116476774215698,1111,46.694664001464844,15.578988075256348,-83.817626953125,243.1587371826172,180.92361450195312,-113.3916244506836,247.9029083251953,125.85684967041016,0.47178342938423157,-0.07568206638097763,0.8784604668617249,-113.3916244506836,247.9029083251953,125.85684967041016,-123.08990478515625,249.4324951171875,93.1870346069336,0.2842966616153717,-0.04483851045370102,0.957687258720398,-123.08990478515625,249.4324951171875,93.1870346069336,-128.8280487060547,248.76373291015625,74.8852310180664,0.29898759722709656,0.03484604135155678,0.9536205530166626,-128.8280487060547,248.76373291015625,74.8852310180664,-133.03860473632812,247.3352813720703,62.06813430786133,0.3103664815425873,0.10529333353042603,0.9447677135467529,1112,53.2048225402832,15.300636291503906,-74.84339904785156,242.79295349121094,175.5010528564453,-95.63731384277344,245.73475646972656,119.88785552978516,0.3497929573059082,-0.049486689269542694,0.9355191588401794,-95.63731384277344,245.73475646972656,119.88785552978516,-111.1824951171875,211.2831573486328,113.87054443359375,0.4061725437641144,0.9001691937446594,0.1572234183549881,-111.1824951171875,211.2831573486328,113.87054443359375,-107.45819854736328,203.61895751953125,134.78013610839844,-0.16494351625442505,0.3394359350204468,-0.9260544776916504,-107.45819854736328,203.61895751953125,134.78013610839844,-101.23892974853516,209.30023193359375,147.0963897705078,-0.4168037176132202,-0.38074833154678345,-0.8254122138023376,1113,51.15785598754883,14.559525489807129,-65.74714660644531,239.90603637695312,171.2000274658203,-76.8844985961914,240.78155517578125,119.00943756103516,0.20867060124874115,-0.016403812915086746,0.9778484106063843,-76.8844985961914,240.78155517578125,119.00943756103516,-92.46497344970703,209.2422332763672,114.41393280029297,0.43917444348335266,0.8890142440795898,0.1295357346534729,-92.46497344970703,209.2422332763672,114.41393280029297,-91.97403717041016,203.4119110107422,135.61756896972656,-0.022319255396723747,0.26506179571151733,-0.9639731049537659,-91.97403717041016,203.4119110107422,135.61756896972656,-87.23197937011719,209.33299255371094,148.36700439453125,-0.3196408748626709,-0.39911359548568726,-0.8593823313713074,1114,40.1068115234375,12.93290901184082,-57.48379135131836,231.289794921875,169.07052612304688,-60.65707015991211,232.47900390625,119.78014373779297,0.06422765552997589,-0.0240697730332613,0.9976449608802795,-60.65707015991211,232.47900390625,119.78014373779297,-75.41643524169922,209.2378387451172,114.27765655517578,0.5256912708282471,0.8277915120124817,0.19598467648029327,-75.41643524169922,209.2378387451172,114.27765655517578,-80.22227478027344,206.40960693359375,128.77220153808594,0.3094514310359955,0.18211185932159424,-0.9333140850067139,-80.22227478027344,206.40960693359375,128.77220153808594,-78.99366760253906,211.8483123779297,141.2714080810547,-0.08976808935403824,-0.3973785936832428,-0.9132535457611084
1,-87.45446014404297,237.5770721435547,138.7451171875,-0.26690012216567993,0.19406749308109283,-0.2946859896183014,-0.6992539763450623,0.25576621294021606,-0.6675534248352051,-58.00944137573242,227.01502990722656,195.6062469482422,102.85782623291016,168.17459106445312,349.1806335449219,1110,41.38172912597656,16.309661865234375,-91.34119415283203,227.0742645263672,189.8878936767578,-91.34119415283203,227.0742645263672,189.8878936767578,0.0,0.0,0.0,-91.34119415283203,227.0742645263672,189.8878936767578,-120.37430572509766,223.8767547607422,158.9705352783203,0.6826072335243225,0.07517772167921066,0.7269083857536316,-120.37430572509766,223.8767547607422,158.9705352783203,-131.8157501220703,217.13780212402344,135.37783813476562,0.42261797189712524,0.24891984462738037,0.8714544773101807,-131.8157501220703,217.13780212402344,135.37783813476562,-133.0785675048828,209.52590942382812,118.4723892211914,0.06795533001422882,0.40961477160453796,0.9097240567207336,1111,46.694664001464844,15.578988075256348,-83.2406234741211,243.25379943847656,180.9139404296875,-112.71710205078125,247.8755645751953,125.78451538085938,0.47022774815559387,-0.07372936606407166,0.8794600367546082,-112.71710205078125,247.8755645751953,125.78451538085938,-122.33602142333984,249.28787231445312,93.08596801757812,0.2819702625274658,-0.04140057787299156,0.958529531955719,-122.33602142333984,249.28787231445312,93.08596801757812,-128.02923583984375,248.58949279785156,74.771240234375,0.29664644598960876,0.03638925030827522,0.9542937874794006,-128.02923583984375,248.58949279785156,74.771240234375,-132.2178955078125,247.1056365966797,61.95326232910156,0.3087524473667145,0.10937728732824326,0.9448325634002686,1112,53.2048225402832,15.300636291503906,-74.26007080078125,242.83067321777344,175.50604248046875,-94.96263122558594,245.61428833007812,119.85063171386719,0.3482561707496643,-0.04682566598057747,0.9362291693687439,-94.96263122558594,245.61428833007812,119.85063171386719,-110.63533020019531,211.2028350830078,113.93529510498047,0.4095044732093811,0.8991204500198364,0.15455901622772217,-110.63533020019531,211.2028350830078,113.93529510498047,-106.97655487060547,203.60121154785156,134.8792724609375,-0.16204164922237396,0.33666446805000305,-0.9275771975517273,-106.97655487060547,203.60121154785156,134.8792724609375,-100.75574493408203,209.30020141601562,147.18655395507812,-0.4169071912765503,-0.3819357752799988,-0.8248112797737122,1113,51.15785598754883,14.559525489807129,-65.16873168945312,239.89076232910156,171.2305908203125,-76.22762298583984,240.5859375,119.02059936523438,0.2072005271911621,-0.013024874031543732,0.9782118201255798,-76.22762298583984,240.5859375,119.02059936523438,-91.92252349853516,209.08888244628906,114.52568817138672,0.44239985942840576,0.8878229260444641,0.1267002671957016,-91.92252349853516,209.08888244628906,114.52568817138672,-91.48466491699219,203.34664916992188,135.7545166015625,-0.019906198605895042,0.26105695962905884,-0.9651181697845459,-91.48466491699219,203.34664916992188,135.7545166015625,-86.74169921875,209.29534912109375,148.49073791503906,-0.3197023272514343,-0.4009755253791809,-0.8584923148155212,1114,40.1068115234375,12.93290901184082,-56.93528747558594,231.2340850830078,169.1498565673828,-60.033138275146484,232.22494506835938,119.85028839111328,0.06270097941160202,-0.02005515806376934,0.997830867767334,-60.033138275146484,232.22494506835938,119.85028839111328,-74.87447357177734,209.01673889160156,114.42982482910156,0.5286110043525696,0.8266178369522095,0.19306325912475586,-74.87447357177734,209.01673889160156,114.42982482910156,-79.70999908447266,206.27099609375,128.93035888671875,0.3113628923892975,0.17680031061172485,-0.9336996078491211,-79.70999908447266,206.27099609375,128.93035888671875,-78.47789001464844,211.758544921875,141.40785217285156,-0.0900239571928978,-0.40094733238220215,-0.9116671085357666
1,-86.74092864990234,237.48545837402344,138.62225341796875,-0.2628701627254486,0.19584155082702637,-0.29127994179725647,-0.6981434226036072,0.25507691502571106,-0.6689779758453369,-57.489463806152344,226.85684204101562,195.57008361816406,103.12232208251953,168.1749725341797,349.4721984863281,1110,41.38172912597656,16.309661865234375,-90.80547332763672,226.81060791015625,189.71556091308594,-90.80547332763672,226.81060791015625,189.71556091308594,0.0,0.0,0.0,-90.80547332763672,226.81060791015625,189.71556091308594,-119.58173370361328,223.5095672607422,158.56979370117188,0.6765682697296143,0.07761186361312866,0.7322785258293152,-119.58173370361328,223.5095672607422,158.56979370117188,-130.7773895263672,216.73416137695312,134.869873046875,0.4135392904281616,0.2502664029598236,0.8754153251647949,-130.7773895263672,216.73416137695312,134.869873046875,-131.89051818847656,209.15167236328125,117.94070434570312,0.0599001944065094,0.4080324172973633,0.9110002517700195,1111,46.694664001464844,15.578988075256348,-82.72643280029297,243.04730224609375,180.82582092285156,-111.98612213134766,247.73147583007812,125.58628845214844,0.46676936745643616,-0.0747249498963356,0.8812165260314941,-111.98612213134766,247.73147583007812,125.58628845214844,-121.42911529541016,249.1652069091797,92.83743286132812,0.2768131196498871,-0.042028576135635376,0.9600041508674622,-121.42911529541016,249.1652069091797,92.83743286132812,-127.01041412353516,248.52032470703125,74.48633575439453,0.2908151149749756,0.03360176458954811,0.9561890363693237,-127.01041412353516,248.52032470703125,74.48633575439453,-131.12469482421875,247.02525329589844,61.64558792114258,0.30326977372169495,0.11020394414663315,0.9465106725692749,1112,53.2048225402832,15.300636291503906,-73.72158813476562,242.67372131347656,175.45480346679688,-94.19852447509766,245.55348205566406,119.72087097167969,0.34446075558662415,-0.0484430156648159,0.9375500082969666,-94.19852447509766,245.55348205566406,119.72087097167969,-109.71802520751953,211.10125732421875,113.64117431640625,0.4055015444755554,0.9001855850219727,0.1588534563779831,-109.71802520751953,211.10125732421875,113.64117431640625,-106.12071990966797,203.44700622558594,134.57662963867188,-0.15931923687458038,0.3389952480792999,-0.9271997809410095,-106.12071990966797,203.44700622558594,134.57662963867188,-99.97559356689453,209.11863708496094,146.93446350097656,-0.41183504462242126,-0.3801022469997406,-0.8281992673873901,1113,51.15785598754883,14.559525489807129,-64.60150909423828,239.78028869628906,171.20895385742188,-75.44184112548828,240.5962677001953,118.95489501953125,0.20310558378696442,-0.015288267284631729,0.9790374636650085,-75.44184112548828,240.5962677001953,118.95489501953125,-91.00064086914062,209.05252075195312,114.31651306152344,0.43856340646743774,0.8891388773918152,0.1307443082332611,-91.00064086914062,209.05252075195312,114.31651306152344,-90.6268310546875,203.25564575195312,135.53170776367188,-0.016994375735521317,0.26354116201400757,-0.9644984602928162,-90.6268310546875,203.25564575195312,135.53170776367188,-85.9616928100586,209.17697143554688,148.3093719482422,-0.31445613503456116,-0.3991301357746124,-0.8612853288650513,1114,40.1068115234375,12.93290901184082,-56.32761764526367,231.16024780273438,169.13658142089844,-59.22043991088867,232.2920379638672,119.82759094238281,0.05855116993188858,-0.02290760725736618,0.9980215430259705,-59.22043991088867,232.2920379638672,119.82759094238281,-73.96163177490234,209.0451202392578,114.30072784423828,0.5250439047813416,0.8279963135719299,0.19685286283493042,-73.96163177490234,209.0451202392578,114.30072784423828,-78.84113311767578,206.2432098388672,128.7757568359375,0.3141946494579315,0.1804170459508896,-0.9320576190948486,-78.84113311767578,206.2432098388672,128.7757568359375,-77.67814636230469,211.6973419189453,141.27452087402344,-0.0849735215306282,-0.39850565791130066,-0.9132210612297058
1,-85.94895935058594,237.3749237060547,138.51132202148438,-0.25865238904953003,0.19323663413524628,-0.28742432594299316,-0.6973382830619812,0.25445666909217834,-0.6700530648231506,-56.897342681884766,226.89942932128906,195.5857391357422,103.52921295166016,168.36026000976562,349.73516845703125,1110,41.38172912597656,16.309661865234375,-90.20174407958984,226.7509307861328,189.5998992919922,-90.20174407958984,226.7509307861328,189.5998992919922,0.0,0.0,0.0,-90.20174407958984,226.7509307861328,189.5998992919922,-118.69536590576172,223.17770385742188,158.22515869140625,0.6699230670928955,0.08401133120059967,0.7376619577407837,-118.69536590576172,223.17770385742188,158.22515869140625,-129.6176300048828,216.2416229248047,134.44427490234375,0.40344077348709106,0.25620126724243164,0.8784056305885315,-129.6176300048828,216.2416229248047,134.44427490234375,-130.56947326660156,208.60781860351562,117.52835083007812,0.05122106894850731,0.41079413890838623,0.9102882146835327,1111,46.694664001464844,15.578988075256348,-82.14310455322266,243.00588989257812,180.7250518798828,-111.17342376708984,247.51084899902344,125.3497543334961,0.4631102681159973,-0.0718659982085228,0.883382260799408,-111.17342376708984,247.51084899902344,125.3497543334961,-120.43451690673828,248.84927368164062,92.54496765136719,0.27148088812828064,-0.03923475369811058,0.9616437554359436,-120.43451690673828,248.84927368164062,92.54496765136719,-125.90091705322266,248.19363403320312,74.15969848632812,0.2848283052444458,0.034162286669015884,0.9579695463180542,-125.90091705322266,248.19363403320312,74.15969848632812,-129.938720703125,246.6417236328125,61.30143356323242,0.29763263463974,0.11439366638660431,0.9478021860122681,1112,53.2048225402832,15.300636291503906,-73.11309814453125,242.65866088867188,175.39466857910156,-93.3519515991211,245.39100646972656,119.56642150878906,0.34045571088790894,-0.04596320912241936,0.9391365051269531,-93.3519515991211,245.39100646972656,119.56642150878906,-108.72374725341797,210.8826904296875,113.4299545288086,0.40164241194725037,0.9016515016555786,0.16033685207366943,-108.72374725341797,210.8826904296875,113.4299545288086,-105.20195007324219,203.24700927734375,134.38502502441406,-0.15597505867481232,0.3381727635860443,-0.9280683398246765,-105.20195007324219,203.24700927734375,134.38502502441406,-99.13906860351562,208.92855834960938,146.77886962890625,-0.40632328391075134,-0.3807670772075653,-0.8306128978729248,1113,51.15785598754883,14.559525489807129,-63.96358108520508,239.79347229003906,171.19322204589844,-74.57389068603516,240.50213623046875,118.89041137695312,0.198795884847641,-0.013277602382004261,0.9799509644508362,-74.57389068603516,240.50213623046875,118.89041137695312,-89.9965591430664,208.89859008789062,114.20458984375,0.4347260892391205,0.8908241987228394,0.13208147883415222,-89.9965591430664,208.89859008789062,114.20458984375,-89.7007827758789,203.1208038330078,135.4262237548828,-0.013446769677102566,0.2626733183860779,-0.9647911190986633,-89.7007827758789,203.1208038330078,135.4262237548828,-85.12337493896484,209.0525665283203,148.23074340820312,-0.30854272842407227,-0.3998337686061859,-0.8630958199501038,1114,40.1068115234375,12.93290901184082,-55.648799896240234,231.20140075683594,169.1689453125,-58.326019287109375,232.25900268554688,119.84613037109375,0.05418732762336731,-0.02140602469444275,0.9983012676239014,-58.326019287109375,232.25900268554688,119.84613037109375,-72.95559692382812,208.9508819580078,114.28064727783203,0.5210686326026917,0.8301764130592346,0.19822844862937927,-72.95559692382812,208.9508819580078,114.28064727783203,-77.89098358154297,206.14727783203125,128.73638916015625,0.3177931308746338,0.18052610754966736,-0.9308156967163086,-77.89098358154297,206.14727783203125,128.73638916015625,-76.81424713134766,211.6089630126953,141.2395782470703,-0.07867167145013809,-0.39905765652656555,-0.9135446548461914
1,-85.09492492675781,237.2968292236328,138.39328002929688,-0.25039440393447876,0.1921263039112091,-0.28436049818992615,-0.6965139508247375,0.2523539066314697,-0.6717036366462708,-56.217445373535156,226.94639587402344,195.57632446289062,104.01947784423828,168.89097595214844,350.10546875,1110,41.38172912597656,16.309661865234375,-89.49610137939453,226.5703125,189.4478759765625,-89.49610137939453,226.5703125,189.4478759765625,0.0,0.0,0.0,-89.49610137939453,226.5703125,189.4478759765625,-117.61970520019531,222.6233367919922,157.78538513183594,0.6612234115600586,0.09279866516590118,0.7444273829460144,-117.61970520019531,222.6233367919922,157.78538513183594,-128.14683532714844,215.4905548095703,133.88479614257812,0.38884562253952026,0.2634669542312622,0.8828274011611938,-128.14683532714844,215.4905548095703,133.88479614257812,-128.83590698242188,207.81997680664062,116.9727554321289,0.03708065673708916,0.4127728343009949,0.9100788831710815,1111,46.694664001464844,15.578988075256348,-81.52432250976562,242.899658203125,180.63131713867188,-110.33777618408203,247.25389099121094,125.1308364868164,0.4596506357192993,-0.06946150213479996,0.8853791356086731,-110.33777618408203,247.25389099121094,125.1308364868164,-119.41643524169922,248.56114196777344,92.27384185791016,0.26613301038742065,-0.03832092881202698,0.9631742835044861,-119.41643524169922,248.56114196777344,92.27384185791016,-124.76392364501953,247.92071533203125,73.85309600830078,0.27863234281539917,0.033369604498147964,0.9598180055618286,-124.76392364501953,247.92071533203125,73.85309600830078,-128.71929931640625,246.31600952148438,60.975704193115234,0.291556715965271,0.11828528344631195,0.9492119550704956,1112,53.2048225402832,15.300636291503906,-72.46783447265625,242.6300506591797,175.3415069580078,-92.47431945800781,245.2808380126953,119.42565155029297,0.3365468680858612,-0.04459125176072121,0.9406103491783142,-92.47431945800781,245.2808380126953,119.42565155029297,-107.55882263183594,210.67576599121094,113.12337493896484,0.39413589239120483,0.9041796922683716,0.1646692305803299,-107.55882263183594,210.67576599121094,113.12337493896484,-104.09075927734375,203.00027465820312,134.07286071777344,-0.15359528362751007,0.33993592858314514,-0.9278210997581482,-104.09075927734375,203.00027465820312,134.07286071777344,-98.13817596435547,208.6661834716797,146.5271759033203,-0.39893147349357605,-0.379719078540802,-0.8346658945083618,1113,51.15785598754883,14.559525489807129,-63.277320861816406,239.84197998046875,171.1778564453125,-73.65583801269531,240.53932189941406,118.8283920288086,0.19445295631885529,-0.013065469451248646,0.980824887752533,-73.65583801269531,240.53932189941406,118.8283920288086,-88.81136322021484,208.82655334472656,114.01080322265625,0.4271961748600006,0.8939032554626465,0.1357957273721695,-88.81136322021484,208.82655334472656,114.01080322265625,-88.57396697998047,203.0075225830078,135.22189331054688,-0.010792658664286137,0.26454848051071167,-0.9643120169639587,-88.57396697998047,203.0075225830078,135.22189331054688,-84.11178588867188,208.92855834960938,148.0719757080078,-0.3007757067680359,-0.3991105854511261,-0.8661667108535767,1114,40.1068115234375,12.93290901184082,-54.88672637939453,231.31768798828125,169.17991638183594,-57.348690032958984,232.42172241210938,119.84690856933594,0.04983052238821983,-0.022345826029777527,0.9985076785087585,-57.348690032958984,232.42172241210938,119.84690856933594,-71.76969909667969,209.00814819335938,114.18061828613281,0.5136399269104004,0.8339323997497559,0.20181894302368164,-71.76969909667969,209.00814819335938,114.18061828613281,-76.75331115722656,206.13893127441406,128.60690307617188,0.32089856266975403,0.18475104868412018,-0.9289193749427795,-76.75331115722656,206.13893127441406,128.60690307617188,-75.78836822509766,211.57608032226562,141.12989807128906,-0.07050348818302155,-0.39726492762565613,-0.9149917364120483
1,-84.12683868408203,237.0440216064453,138.24588012695312,-0.2506633400917053,0.18183711171150208,-0.28047192096710205,-0.6948229670524597,0.24802009761333466,-0.6750608086585999,-55.43342208862305,227.24154663085938,195.6151885986328,104.41446685791016,170.18313598632812,350.91668701171875,1110,41.38172912597656,16.309661865234375,-88.70128631591797,226.8515625,189.39456176757812,-88.70128631591797,226.8515625,189.39456176757812,0.0,0.0,0.0,-88.70128631591797,226.8515625,189.39456176757812,-116.62358856201172,222.4917755126953,157.6083221435547,0.656490683555603,0.1025044322013855,0.7473370432853699,-116.62358856201172,222.4917755126953,157.6083221435547,-127.01173400878906,215.06912231445312,133.73519897460938,0.3837118148803711,0.2741740345954895,0.8818128108978271,-127.01173400878906,215.06912231445312,133.73519897460938,-127.6701431274414,207.22268676757812,116.90279388427734,0.03543061763048172,0.42223602533340454,0.9057931900024414,1111,46.694664001464844,15.578988075256348,-80.68633270263672,243.08152770996094,180.43478393554688,-109.31795501708984,246.8852996826172,124.79991912841797,0.4567500352859497,-0.060680218040943146,0.8875231146812439,-109.31795501708984,246.8852996826172,124.79991912841797,-118.2869644165039,247.9295654296875,91.9034194946289,0.2629186809062958,-0.030611740425229073,0.9643322229385376,-118.2869644165039,247.9295654296875,91.9034194946289,-123.56544494628906,247.19943237304688,73.46611785888672,0.27503669261932373,0.0380437858402729,0.9606807231903076,-123.56544494628906,247.19943237304688,73.46611785888672,-127.4826431274414,245.4802703857422,60.59182357788086,0.2887424826622009,0.12672197818756104,0.948983371257782,1112,53.2048225402832,15.300636291503906,-71.61321258544922,242.74905395507812,175.1771697998047,-91.43814086914062,244.83737182617188,119.17288208007812,0.3334927558898926,-0.035129450261592865,0.9420979022979736,-91.43814086914062,244.83737182617188,119.17288208007812,-106.54996490478516,210.20298767089844,113.10132598876953,0.3948498070240021,0.9049456715583801,0.15864086151123047,-106.54996490478516,210.20298767089844,113.10132598876953,-103.18772888183594,202.6743927001953,134.12124633789062,-0.14890837669372559,0.3334301710128784,-0.9309406876564026,-103.18772888183594,202.6743927001953,134.12124633789062,-97.28096008300781,208.4123992919922,146.5643768310547,-0.3958607316017151,-0.3845506012439728,-0.8339155912399292,1113,51.15785598754883,14.559525489807129,-62.4119758605957,239.90980529785156,171.07217407226562,-72.62220764160156,240.07327270507812,118.68524932861328,0.19129996001720428,-0.0030627422966063023,0.9815268516540527,-72.62220764160156,240.07327270507812,118.68524932861328,-87.79510498046875,208.3380889892578,114.07434844970703,0.42768576741218567,0.8945348858833313,0.12996968626976013,-87.79510498046875,208.3380889892578,114.07434844970703,-87.6573486328125,202.68565368652344,135.33132934570312,-0.006262763403356075,0.256974458694458,-0.9663978815078735,-87.6573486328125,202.68565368652344,135.33132934570312,-83.24922943115234,208.68771362304688,148.16246032714844,-0.29713174700737,-0.4045722186565399,-0.8648895621299744,1114,40.1068115234375,12.93290901184082,-54.02285385131836,231.3578338623047,169.189697265625,-56.32585906982422,231.95225524902344,119.84024810791016,0.0466131865978241,-0.01203118171542883,0.9988405704498291,-56.32585906982422,231.95225524902344,119.84024810791016,-70.73263549804688,208.49647521972656,114.31402587890625,0.5131328701972961,0.8354354500770569,0.19683003425598145,-70.73263549804688,208.49647521972656,114.31402587890625,-75.78936004638672,205.75157165527344,128.7390594482422,0.3256062865257263,0.1767463982105255,-0.9288387298583984,-75.78936004638672,205.75157165527344,128.7390594482422,-74.89402770996094,211.28179931640625,141.22642517089844,-0.06541735678911209,-0.40406545996665955,-0.9123879671096802
1,-83.10897064208984,236.78668212890625,138.01185607910156,-0.2465776801109314,0.17659753561019897,-0.2755907475948334,-0.6924176812171936,0.2391146719455719,-0.680721640586853,-54.682945251464844,227.3502960205078,195.57833862304688,104.61160278320312,172.34063720703125,352.18212890625,1110,41.38172912597656,16.309661865234375,-87.91801452636719,226.783935546875,189.1764678955078,-87.91801452636719,226.783935546875,189.1764678955078,0.0,0.0,0.0,-87.91801452636719,226.783935546875,189.1764678955078,-115.5064468383789,222.0685577392578,157.15036010742188,0.6486409902572632,0.11086484789848328,0.752976655960083,-115.5064468383789,222.0685577392578,157.15036010742188,-125.6240234375,214.44369506835938,133.22482299804688,0.373717725276947,0.28164318203926086,0.8837489485740662,-125.6240234375,214.44369506835938,133.22482299804688,-126.13448333740234,206.51278686523438,116.4269027709961,0.027469102293252945,0.42678168416023254,0.9039373993873596,1111,46.694664001464844,15.578988075256348,-79.91170501708984,243.00538635253906,180.19357299804688,-108.26248168945312,246.48681640625,124.3940200805664,0.4522698223590851,-0.055538009852170944,0.8901503682136536,-108.26248168945312,246.48681640625,124.3940200805664,-117.06865692138672,247.4113311767578,91.44998168945312,0.25814539194107056,-0.02710134908556938,0.9657258987426758,-117.06865692138672,247.4113311767578,91.44998168945312,-122.24118041992188,246.67764282226562,72.9828109741211,0.269515722990036,0.03822902590036392,0.9622368812561035,-122.24118041992188,246.67764282226562,72.9828109741211,-126.08959197998047,244.89927673339844,60.0958251953125,0.2836722433567047,0.1310860514640808,0.9499192237854004,1112,53.2048225402832,15.300636291503906,-70.80989074707031,242.6831512451172,174.98512268066406,-90.3463134765625,244.47808837890625,118.86939239501953,0.32863956689834595,-0.0301942378282547,0.9439727067947388,-90.3463134765625,244.47808837890625,118.86939239501953,-105.31903839111328,209.78379821777344,112.7951889038086,0.3912152647972107,0.9065107703208923,0.15871000289916992,-105.31903839111328,209.78379821777344,112.7951889038086,-102.07439422607422,202.28099060058594,133.84278869628906,-0.14370043575763702,0.33228814601898193,-0.9321667551994324,-102.07439422607422,202.28099060058594,133.84278869628906,-96.2666015625,208.0269012451172,146.3287811279297,-0.38922765851020813,-0.3850804269313812,-0.8367884159088135,1113,51.15785598754883,14.559525489807129,-61.57745361328125,239.85923767089844,170.9400634765625,-71.51183319091797,239.777099609375,118.49993133544922,0.186131551861763,0.0015389471082016826,0.9825236201286316,-71.51183319091797,239.777099609375,118.49993133544922,-86.5535659790039,207.98013305664062,113.88493347167969,0.42398858070373535,0.8962764739990234,0.13008517026901245,-86.5535659790039,207.98013305664062,113.88493347167969,-86.53280639648438,202.36366271972656,135.15188598632812,-0.0009437847184017301,0.2553393840789795,-0.9668510556221008,-86.53280639648438,202.36366271972656,135.15188598632812,-82.22866821289062,208.3915557861328,148.00619506835938,-0.29012271761894226,-0.40631332993507385,-0.8664515018463135,1114,40.1068115234375,12.93290901184082,-53.14921188354492,231.3288116455078,169.13623046875,-55.19401550292969,231.7171173095703,119.77335357666016,0.04138714075088501,-0.007859366945922375,0.9991122484207153,-55.19401550292969,231.7171173095703,119.77335357666016,-69.47655487060547,208.19166564941406,114.22083282470703,0.5087078213691711,0.837916910648346,0.19776670634746552,-69.47655487060547,208.19166564941406,114.22083282470703,-74.62030029296875,205.4611053466797,128.6177978515625,0.33120954036712646,0.17582277953624725,-0.9270311594009399,-74.62030029296875,205.4611053466797,128.6177978515625,-73.84033203125,211.0120849609375,141.1036834716797,-0.05698833242058754,-0.4055819809436798,-0.9122804403305054
1,-81.98648834228516,236.3767852783203,137.70944213867188,-0.24514614045619965,0.1731782704591751,-0.2734502851963043,-0.6894028782844543,0.22764264047145844,-0.68767911195755,-53.69922637939453,227.2304229736328,195.40029907226562,104.90174102783203,174.85997009277344,353.6047058105469,1110,41.38172912597656,16.309661865234375,-86.8962173461914,226.52218627929688,188.89321899414062,-86.8962173461914,226.52218627929688,188.89321899414062,0.0,0.0,0.0,-86.8962173461914,226.52218627929688,188.89321899414062,-114.26129913330078,221.5593719482422,156.71324157714844,0.6433897018432617,0.11668241024017334,0.7565943598747253,-114.26129913330078,221.5593719482422,156.71324157714844,-124.23239135742188,213.80276489257812,132.76856994628906,0.36830705404281616,0.28650954365730286,0.8844559192657471,-124.23239135742188,213.80276489257812,132.76856994628906,-124.7092056274414,205.82284545898438,115.99288177490234,0.025658542290329933,0.42941901087760925,0.9027408361434937,1111,46.694664001464844,15.578988075256348,-78.88866424560547,242.72572326660156,179.87916564941406,-107.12110900878906,246.00729370117188,124.0075454711914,0.4503820538520813,-0.05234971642494202,0.8912999033927917,-107.12110900878906,246.00729370117188,124.0075454711914,-115.85104370117188,246.9225616455078,91.04296875,0.2559104859828949,-0.026830289512872696,0.9663280844688416,-115.85104370117188,246.9225616455078,91.04296875,-120.96886444091797,246.25308227539062,72.5581283569336,0.2666654586791992,0.03488340601325035,0.9631576538085938,-120.96886444091797,246.25308227539062,72.5581283569336,-124.78741455078125,244.46534729003906,59.66355514526367,0.28147104382514954,0.1317766308784485,0.9504783153533936,1112,53.2048225402832,15.300636291503906,-69.77510833740234,242.3982391357422,174.69163513183594,-89.19062042236328,244.00244140625,118.52816772460938,0.32660552859306335,-0.026985706761479378,0.944775402545929,-89.19062042236328,244.00244140625,118.52816772460938,-104.12549591064453,209.2930908203125,112.44682312011719,0.3902263343334198,0.9069042801856995,0.1588965803384781,-104.12549591064453,209.2930908203125,112.44682312011719,-100.95746612548828,201.772705078125,133.49981689453125,-0.14030730724334717,0.3330666720867157,-0.9324057102203369,-100.95746612548828,201.772705078125,133.49981689453125,-95.19853973388672,207.494384765625,146.01953125,-0.3859526515007019,-0.38345643877983093,-0.8390482068061829,1113,51.15785598754883,14.559525489807129,-60.530635833740234,239.57273864746094,170.67526245117188,-70.35004425048828,239.3218536376953,118.21401977539062,0.18397745490074158,0.004700607620179653,0.9829192757606506,-70.35004425048828,239.3218536376953,118.21401977539062,-85.34830474853516,207.50457763671875,113.59751892089844,0.42276322841644287,0.8968489170074463,0.13012754917144775,-85.34830474853516,207.50457763671875,113.59751892089844,-85.39533996582031,201.8951416015625,134.86627197265625,0.002138344803825021,0.2550197243690491,-0.9669334888458252,-85.39533996582031,201.8951416015625,134.86627197265625,-81.14454650878906,207.91871643066406,147.74034118652344,-0.28652697801589966,-0.40602225065231323,-0.8677834272384644,1114,40.1068115234375,12.93290901184082,-52.08878707885742,231.0465545654297,168.91549682617188,-54.02592086791992,231.28436279296875,119.54732513427734,0.03920789062976837,-0.004813275765627623,0.9992194771766663,-54.02592086791992,231.28436279296875,119.54732513427734,-68.25067901611328,207.72854614257812,113.97529602050781,0.5066499710083008,0.8389986753463745,0.1984616070985794,-68.25067901611328,207.72854614257812,113.97529602050781,-73.4490737915039,205.00184631347656,128.3533477783203,0.334728479385376,0.17557422816753387,-0.9258134365081787,-73.4490737915039,205.00184631347656,128.3533477783203,-72.74015808105469,210.55197143554688,140.84385681152344,-0.05179684981703758,-0.4055193066596985,-0.9126176834106445
1,-80.84339904785156,236.06585693359375,137.42774963378906,-0.24272753298282623,0.17157255113124847,-0.2703956961631775,-0.6863077878952026,0.21496149897575378,-0.6948187947273254,-52.74821472167969,227.1325225830078,195.2554931640625,105.14071655273438,177.67942810058594,355.1024169921875,1110,41.38172912597656,16.309661865234375,-85.90416717529297,226.24642944335938,188.6035919189453,-85.90416717529297,226.24642944335938,188.6035919189453,0.0,0.0,0.0,-85.90416717529297,226.24642944335938,188.6035919189453,-113.01602172851562,221.09605407714844,156.23927307128906,0.637436032295227,0.12109222263097763,0.7609284520149231,-113.01602172851562,221.09605407714844,156.23927307128906,-122.83341979980469,213.26724243164062,132.25462341308594,0.3626299202442169,0.2891765534877777,0.8859325051307678,-122.83341979980469,213.26724243164062,132.25462341308594,-123.27727508544922,205.28396606445312,115.47962951660156,0.023884939029812813,0.4295996427536011,0.9027034640312195,1111,46.694664001464844,15.578988075256348,-77.89994812011719,242.45851135253906,179.60194396972656,-105.95182037353516,245.63221740722656,123.63321685791016,0.44750139117240906,-0.050628986209630966,0.8928489089012146,-105.95182037353516,245.63221740722656,123.63321685791016,-114.58158111572266,246.5500946044922,90.64234161376953,0.2529739439487457,-0.026906773447990417,0.9670988917350769,-114.58158111572266,246.5500946044922,90.64234161376953,-119.63052368164062,245.94659423828125,72.13630676269531,0.26307663321495056,0.03144556283950806,0.9642623662948608,-119.63052368164062,245.94659423828125,72.13630676269531,-123.40620422363281,244.1595458984375,59.22901916503906,0.2783110439777374,0.1317259967327118,0.9514154195785522,1112,53.2048225402832,15.300636291503906,-68.76841735839844,242.14527893066406,174.4452362060547,-87.99897766113281,243.6596221923828,118.21568298339844,0.3234942853450775,-0.02547410875558853,0.9458870887756348,-87.99897766113281,243.6596221923828,118.21568298339844,-102.84915161132812,208.92434692382812,112.07514190673828,0.3880130350589752,0.9075812697410583,0.1604432314634323,-102.84915161132812,208.92434692382812,112.07514190673828,-99.76972961425781,201.35604858398438,133.12411499023438,-0.13638299703598022,0.335188627243042,-0.9322275519371033,-99.76972961425781,201.35604858398438,133.12411499023438,-94.07784271240234,207.04075622558594,145.69122314453125,-0.3814600706100464,-0.38097894191741943,-0.8422250747680664,1113,51.15785598754883,14.559525489807129,-59.50472640991211,239.33535766601562,170.4623565673828,-69.1478271484375,239.01773071289062,117.96878051757812,0.18067412078380585,0.005951090715825558,0.9835249781608582,-69.1478271484375,239.01773071289062,117.96878051757812,-84.06655883789062,207.17279052734375,113.28572082519531,0.4205213785171509,0.8976284861564636,0.13200363516807556,-84.06655883789062,207.17279052734375,113.28572082519531,-84.20039367675781,201.52578735351562,134.54417419433594,0.006084480322897434,0.2567274868488312,-0.966464638710022,-84.20039367675781,201.52578735351562,134.54417419433594,-80.02301025390625,207.52320861816406,147.4544219970703,-0.281578928232193,-0.4042596220970154,-0.8702226877212524,1114,40.1068115234375,12.93290901184082,-51.0394401550293,230.82510375976562,168.73846435546875,-52.81169891357422,231.01519775390625,119.3638916015625,0.03587079420685768,-0.003847532207146287,0.999349057674408,-52.81169891357422,231.01519775390625,119.3638916015625,-66.95512390136719,207.4269256591797,113.72251892089844,0.5037529468536377,0.8401545286178589,0.2009314000606537,-66.95512390136719,207.4269256591797,113.72251892089844,-72.22073364257812,204.66751098632812,128.06983947753906,0.33905646204948425,0.17768073081970215,-0.923834502696991,-72.22073364257812,204.66751098632812,128.06983947753906,-71.6019287109375,210.18910217285156,140.5777587890625,-0.04521295800805092,-0.4034348428249359,-0.9138906598091125
1,-79.64410400390625,235.70310974121094,137.16845703125,-0.23544681072235107,0.17098554968833923,-0.2672436833381653,-0.6838644742965698,0.20289207994937897,-0.7008310556411743,-51.75038528442383,226.95925903320312,195.12960815429688,105.57644653320312,180.28280639648438,356.3597106933594,1110,41.38172912597656,16.309661865234375,-84.85806274414062,225.77391052246094,188.30772399902344,-84.85806274414062,225.77391052246094,188.30772399902344,0.0,0.0,0.0,-84.85806274414062,225.77391052246094,188.30772399902344,-111.60203552246094,220.3571014404297,155.68186950683594,0.628786563873291,0.1273564249277115,0.7670774459838867,-111.60203552246094,220.3571014404297,155.68186950683594,-121.11369323730469,212.4283447265625,131.6070098876953,0.3513365089893341,0.29286816716194153,0.8892642855644226,-121.11369323730469,212.4283447265625,131.6070098876953,-121.38140106201172,204.45391845703125,114.82408142089844,0.014406020753085613,0.4291236102581024,0.9031308889389038,1111,46.694664001464844,15.578988075256348,-76.9269027709961,242.05389404296875,179.3641357421875,-104.75801849365234,245.11672973632812,123.27915954589844,0.4439798593521118,-0.048860322684049606,0.8947036266326904,-104.75801849365234,245.11672973632812,123.27915954589844,-113.25605010986328,246.07273864746094,90.25518798828125,0.24911242723464966,-0.028024571016430855,0.9680690765380859,-113.25605010986328,246.07273864746094,90.25518798828125,-118.21320343017578,245.55572509765625,71.72173309326172,0.25829383730888367,0.026939133182168007,0.9656907320022583,-118.21320343017578,245.55572509765625,71.72173309326172,-121.92253112792969,243.7870330810547,58.792701721191406,0.27342015504837036,0.13037297129631042,0.9530184864997864,1112,53.2048225402832,15.300636291503906,-67.771240234375,241.8110809326172,174.24656677246094,-86.76878356933594,243.27566528320312,117.9365463256836,0.3195745348930359,-0.024637073278427124,0.9472408294677734,-86.76878356933594,243.27566528320312,117.9365463256836,-101.36209106445312,208.46128845214844,111.63047790527344,0.3813016712665558,0.9096484780311584,0.1647683084011078,-101.36209106445312,208.46128845214844,111.63047790527344,-98.36248016357422,200.792724609375,132.65467834472656,-0.13284824788570404,0.3396291434764862,-0.9311301708221436,-98.36248016357422,200.792724609375,132.65467834472656,-92.78141021728516,206.41893005371094,145.29759216308594,-0.37403324246406555,-0.37705814838409424,-0.8473052978515625,1113,51.15785598754883,14.559525489807129,-58.47130584716797,239.07083129882812,170.29977416992188,-67.88522338867188,238.76397705078125,117.7645492553711,0.17638011276721954,0.005749252624809742,0.9843053221702576,-67.88522338867188,238.76397705078125,117.7645492553711,-82.56554412841797,206.8317413330078,112.92522430419922,0.4138014018535614,0.9000896215438843,0.13640843331813812,-82.56554412841797,206.8317413330078,112.92522430419922,-82.78277587890625,201.0882568359375,134.15711975097656,0.009875922463834286,0.26111382246017456,-0.9652574062347412,-82.78277587890625,201.0882568359375,134.15711975097656,-78.7246322631836,207.03720092773438,147.127685546875,-0.27354153990745544,-0.4009920358657837,-0.8742885589599609,1114,40.1068115234375,12.93290901184082,-49.940242767333984,230.62156677246094,168.6002960205078,-51.500545501708984,230.87200927734375,119.21883392333984,0.031580764800310135,-0.005068994592875242,0.9994882941246033,-51.500545501708984,230.87200927734375,119.21883392333984,-65.44129943847656,207.19752502441406,113.43595123291016,0.4965345561504364,0.8432255387306213,0.20597171783447266,-65.44129943847656,207.19752502441406,113.43595123291016,-70.77599334716797,204.34329223632812,127.73914337158203,0.3435046672821045,0.1837860345840454,-0.9209924936294556,-70.77599334716797,204.34329223632812,127.73914337158203,-70.29264068603516,209.80093383789062,140.28106689453125,-0.0353161059319973,-0.39876195788383484,-0.9163742065429688
1,-78.44694519042969,235.390869140625,136.9325408935547,-0.2275538444519043,0.17020778357982635,-0.2645266354084015,-0.6811611652374268,0.18818198144435883,-0.7075358629226685,-50.7371711730957,226.87728881835938,195.02462768554688,105.96774291992188,183.58497619628906,357.7972106933594,1110,41.38172912597656,16.309661865234375,-83.78948211669922,225.35079956054688,188.03688049316406,-83.78948211669922,225.35079956054688,188.03688049316406,0.0,0.0,0.0,-83.78948211669922,225.35079956054688,188.03688049316406,-110.17842102050781,219.62353515625,155.17579650878906,0.6204391717910767,0.1346556395292282,0.7726079821586609,-110.17842102050781,219.62353515625,155.17579650878906,-119.39250946044922,211.5752716064453,131.02499389648438,0.3403451144695282,0.29728251695632935,0.8920695781707764,-119.39250946044922,211.5752716064453,131.02499389648438,-119.49003601074219,203.60305786132812,114.2391586303711,0.005248143803328276,0.4290044605731964,0.9032871127128601,1111,46.694664001464844,15.578988075256348,-75.94547271728516,241.70249938964844,179.14744567871094,-103.57549285888672,244.635009765625,122.95616149902344,0.44077175855636597,-0.046781279146671295,0.8963992595672607,-103.57549285888672,244.635009765625,122.95616149902344,-111.96527099609375,245.5963592529297,89.90467834472656,0.24593906104564667,-0.028181126341223717,0.968875527381897,-111.96527099609375,245.5963592529297,89.90467834472656,-116.84709167480469,245.1256103515625,71.35000610351562,0.2543686032295227,0.02452849969267845,0.9667962789535522,-116.84709167480469,245.1256103515625,71.35000610351562,-120.49964141845703,243.34518432617188,58.406429290771484,0.2692350149154663,0.1312379091978073,0.9540907740592957,1112,53.2048225402832,15.300636291503906,-66.76795959472656,241.5357208251953,174.0660858154297,-85.55181121826172,242.9367218017578,117.68281555175781,0.31597986817359924,-0.023567482829093933,0.9484730958938599,-85.55181121826172,242.9367218017578,117.68281555175781,-99.86729431152344,208.03640747070312,111.21697235107422,0.3740425109863281,0.9118938446044922,0.16894297301769257,-99.86729431152344,208.03640747070312,111.21697235107422,-96.93628692626953,200.2650146484375,132.21307373046875,-0.1298098862171173,0.3441832661628723,-0.9298856258392334,-96.93628692626953,200.2650146484375,132.21307373046875,-91.46636962890625,205.82952880859375,144.931640625,-0.36658403277397156,-0.37292373180389404,-0.8523755073547363,1113,51.15785598754883,14.559525489807129,-57.43204879760742,238.87098693847656,170.1526641845703,-66.63431549072266,238.5673370361328,117.5799331665039,0.1724146008491516,0.0056892153806984425,0.9850080609321594,-66.63431549072266,238.5673370361328,117.5799331665039,-81.05615234375,206.5402374267578,112.59239959716797,0.40651512145996094,0.9027630090713501,0.14058595895767212,-81.05615234375,206.5402374267578,112.59239959716797,-81.34540557861328,200.69903564453125,133.79676818847656,0.013150203041732311,0.2655562162399292,-0.9640056490898132,-81.34540557861328,200.69903564453125,133.79676818847656,-77.40543365478516,206.60202026367188,146.82464599609375,-0.26557600498199463,-0.3978939652442932,-0.8781514167785645,1114,40.1068115234375,12.93290901184082,-48.83098220825195,230.4884796142578,168.4755859375,-50.1966552734375,230.79669189453125,119.08868408203125,0.027641430497169495,-0.006238263566046953,0.9995983839035034,-50.1966552734375,230.79669189453125,119.08868408203125,-63.92064666748047,207.0286407470703,113.172607421875,0.4888138175010681,0.8465577960014343,0.2107156664133072,-63.92064666748047,207.0286407470703,113.172607421875,-69.31712341308594,204.07510375976562,127.4323959350586,0.3474828898906708,0.19018030166625977,-0.9181976914405823,-69.31712341308594,204.07510375976562,127.4323959350586,-68.96583557128906,209.4708709716797,140.00543212890625,-0.02566683292388916,-0.3942415118217468,-0.9186484217643738
1,-77.18656158447266,235.14569091796875,136.75413513183594,-0.22554224729537964,0.16975365579128265,-0.2617496848106384,-0.6784934997558594,0.17258770763874054,-0.7140448093414307,-49.65163803100586,226.8109130859375,194.96482849121094,106.4395751953125,187.1061553955078,359.23480224609375,1110,41.38172912597656,16.309661865234375,-82.66809844970703,225.08995056152344,187.84068298339844,-82.66809844970703,225.08995056152344,187.84068298339844,0.0,0.0,0.0,-82.66809844970703,225.08995056152344,187.84068298339844,-108.78276062011719,219.1812744140625,154.7931365966797,0.6139906048774719,0.138920858502388,0.7769919633865356,-108.78276062011719,219.1812744140625,154.7931365966797,-117.7901840209961,211.0497589111328,130.59230041503906,0.3327113687992096,0.30035755038261414,0.8939175009727478,-117.7901840209961,211.0497589111328,130.59230041503906,-117.79367065429688,203.06430053710938,113.81248474121094,0.00018762439140118659,0.4297173321247101,0.9029635190963745,1111,46.694664001464844,15.578988075256348,-74.82473754882812,241.45608520507812,178.97726440429688,-102.2879638671875,244.3489990234375,122.70223236083984,0.4381110370159149,-0.04614962264895439,0.8977354764938354,-102.2879638671875,244.3489990234375,122.70223236083984,-110.59930419921875,245.275146484375,89.62993621826172,0.2436397671699524,-0.02714921347796917,0.9694858193397522,-110.59930419921875,245.275146484375,89.62993621826172,-115.4297866821289,244.8198699951172,71.06144714355469,0.25169360637664795,0.02372230589389801,0.9675161838531494,-115.4297866821289,244.8198699951172,71.06144714355469,-119.04877471923828,243.01499938964844,58.1118278503418,0.26676106452941895,0.13303972780704498,0.954535961151123,1112,53.2048225402832,15.300636291503906,-65.63148498535156,241.3055419921875,173.9239501953125,-84.24540710449219,242.68197631835938,117.48374938964844,0.31312134861946106,-0.023154225200414658,0.9494308233261108,-84.24540710449219,242.68197631835938,117.48374938964844,-98.48653411865234,207.76515197753906,110.9432373046875,0.3720996677875519,0.9123252034187317,0.17089395225048065,-98.48653411865234,207.76515197753906,110.9432373046875,-95.64502716064453,199.90869140625,131.9199676513672,-0.12584608793258667,0.34795087575912476,-0.9290279746055603,-95.64502716064453,199.90869140625,131.9199676513672,-90.23981475830078,205.4049530029297,144.6957550048828,-0.3622474670410156,-0.3683494031429291,-0.856209933757782,1113,51.15785598754883,14.559525489807129,-56.279151916503906,238.6571502685547,170.03872680664062,-65.32029724121094,238.34471130371094,117.43809509277344,0.1693958193063736,0.005853888113051653,0.9855307936668396,-65.32029724121094,238.34471130371094,117.43809509277344,-79.67315673828125,206.29791259765625,112.37869262695312,0.40457090735435486,0.9033184051513672,0.1426118016242981,-79.67315673828125,206.29791259765625,112.37869262695312,-80.04585266113281,200.39141845703125,133.56365966796875,0.01694372668862343,0.2685246169567108,-0.9631237983703613,-80.04585266113281,200.39141845703125,133.56365966796875,-76.17304992675781,206.25302124023438,146.6302947998047,-0.2610485851764679,-0.3951048254966736,-0.8807643055915833,1114,40.1068115234375,12.93290901184082,-47.65879440307617,230.2894744873047,168.38687133789062,-48.8741569519043,230.6017608642578,118.99607849121094,0.02459912933409214,-0.0063207256607711315,0.9996774196624756,-48.8741569519043,230.6017608642578,118.99607849121094,-62.5304069519043,206.81272888183594,113.0080795288086,0.486401230096817,0.847305417060852,0.2132774442434311,-62.5304069519043,206.81272888183594,113.0080795288086,-67.98822021484375,203.8115234375,127.2345199584961,0.3514326810836792,0.1932498663663864,-0.9160511493682861,-67.98822021484375,203.8115234375,127.2345199584961,-67.71880340576172,209.1646270751953,139.8278045654297,-0.019684918224811554,-0.39112409949302673,-0.9201273918151855
1,-75.9831314086914,234.94139099121094,136.63099670410156,-0.2208985984325409,0.16768400371074677,-0.25882309675216675,-0.6766338348388672,0.1574704647064209,-0.719284176826477,-48.62290954589844,226.88172912597656,194.96896362304688,107.04047393798828,190.65478515625,360.44427490234375,1110,41.38172912597656,16.309661865234375,-81.60423278808594,224.9035186767578,187.70587158203125,-81.60423278808594,224.9035186767578,187.70587158203125,0.0,0.0,0.0,-81.60423278808594,224.9035186767578,187.70587158203125,-107.39520263671875,218.7049102783203,154.45785522460938,0.6063803434371948,0.14573760330677032,0.7817054986953735,-107.39520263671875,218.7049102783203,154.45785522460938,-116.1307373046875,210.429931640625,130.20603942871094,0.32266852259635925,0.305656760931015,0.8958006501197815,-116.1307373046875,210.429931640625,130.20603942871094,-115.96800994873047,202.4024200439453,113.44709014892578,-0.008756762370467186,0.43198031187057495,0.9018406271934509,1111,46.694664001464844,15.578988075256348,-73.79890441894531,241.2957305908203,178.8571014404297,-101.07308959960938,244.02655029296875,122.48211669921875,0.43509528040885925,-0.04356378689408302,0.8993299007415771,-101.07308959960938,244.02655029296875,122.48211669921875,-109.28536987304688,244.88131713867188,89.3831558227539,0.24073584377765656,-0.02505674585700035,0.9702671766281128,-109.28536987304688,244.88131713867188,89.3831558227539,-114.05203247070312,244.41221618652344,70.79852294921875,0.24836821854114532,0.024442629888653755,0.968357264995575,-114.05203247070312,244.41221618652344,70.79852294921875,-117.62516784667969,242.55857849121094,57.84306335449219,0.2633812427520752,0.1366344541311264,0.95496666431427,1112,53.2048225402832,15.300636291503906,-64.58711242675781,241.1802215576172,173.83673095703125,-83.00509643554688,242.4320831298828,117.32937622070312,0.30982521176338196,-0.021058671176433563,0.9505602717399597,-83.00509643554688,242.4320831298828,117.32937622070312,-97.08255004882812,207.4620819091797,110.71903991699219,0.36782315373420715,0.9137147068977356,0.1727183610200882,-97.08255004882812,207.4620819091797,110.71903991699219,-94.32516479492188,199.537109375,131.6812286376953,-0.12212041765451431,0.350985050201416,-0.9283835887908936,-94.32516479492188,199.537109375,131.6812286376953,-89.00701141357422,204.9829864501953,144.51499938964844,-0.3564128875732422,-0.36497268080711365,-0.8600957989692688,1113,51.15785598754883,14.559525489807129,-55.20979690551758,238.56851196289062,169.98704528808594,-64.06168365478516,238.17530822753906,117.35478210449219,0.16584986448287964,0.0073671056888997555,0.9861235618591309,-64.06168365478516,238.17530822753906,117.35478210449219,-78.26110076904297,206.07054138183594,112.2303237915039,0.4002457559108734,0.9049524068832397,0.14444555342197418,-78.26110076904297,206.07054138183594,112.2303237915039,-78.71485137939453,200.1124725341797,133.39926147460938,0.020628685131669044,0.27086931467056274,-0.9623950719833374,-78.71485137939453,200.1124725341797,133.39926147460938,-74.93425750732422,205.94561767578125,146.50558471679688,-0.25483304262161255,-0.39318642020225525,-0.8834390640258789,1114,40.1068115234375,12.93290901184082,-46.54811096191406,230.2362518310547,168.37281799316406,-47.58845138549805,230.50363159179688,118.9777603149414,0.021056650206446648,-0.00541180744767189,0.9997636079788208,-47.58845138549805,230.50363159179688,118.9777603149414,-61.10721206665039,206.65432739257812,112.91792297363281,0.4815041124820709,0.8494519591331482,0.21583610773086548,-61.10721206665039,206.65432739257812,112.91792297363281,-66.62666320800781,203.60609436035156,127.11054229736328,0.3554016053676605,0.19627800583839417,-0.9138733744621277,-66.62666320800781,203.60609436035156,127.11054229736328,-66.46328735351562,208.92550659179688,139.71990966796875,-0.011937049217522144,-0.3886626064777374,-0.921302855014801
1,-74.74579620361328,234.78184509277344,136.53500366210938,-0.21620126068592072,0.1682891696691513,-0.2569354772567749,-0.6754051446914673,0.14350321888923645,-0.7233496308326721,-47.50670623779297,226.85203552246094,194.9532470703125,107.87401580810547,193.83831787109375,361.3638610839844,1110,41.38172912597656,16.309661865234375,-80.45832061767578,224.62350463867188,187.57591247558594,-80.45832061767578,224.62350463867188,187.57591247558594,0.0,0.0,0.0,-80.45832061767578,224.62350463867188,187.57591247558594,-105.9425048828125,218.1824951171875,154.137939453125,0.5991672277450562,0.15143674612045288,0.7861714363098145,-105.9425048828125,218.1824951171875,154.137939453125,-114.39173126220703,209.79736328125,129.82261657714844,0.31209319829940796,0.30972570180892944,0.89814692735672,-114.39173126220703,209.79736328125,129.82261657714844,-114.03081512451172,201.7529296875,113.07487487792969,-0.019421784207224846,0.43289074301719666,0.9012371897697449,1111,46.694664001464844,15.578988075256348,-72.70262145996094,241.0668487548828,178.77853393554688,-99.83819580078125,243.78155517578125,122.33592987060547,0.4328841269016266,-0.04330674186348915,0.9004086852073669,-99.83819580078125,243.78155517578125,122.33592987060547,-107.97655487060547,244.65185546875,89.21912384033203,0.23856890201568604,-0.025512095540761948,0.9707903265953064,-107.97655487060547,244.65185546875,89.21912384033203,-112.69522094726562,244.2060089111328,70.62167358398438,0.24586734175682068,0.02323095127940178,0.9690250158309937,-112.69522094726562,244.2060089111328,70.62167358398438,-116.23265075683594,242.32945251464844,57.65971755981445,0.26074936985969543,0.1383238434791565,0.9554455876350403,1112,53.2048225402832,15.300636291503906,-63.47703552246094,241.0017852783203,173.7826385498047,-81.74958038330078,242.27725219726562,117.2286148071289,0.3073786497116089,-0.021455759182572365,0.9513453245162964,-81.74958038330078,242.27725219726562,117.2286148071289,-95.66120910644531,207.26943969726562,110.46904754638672,0.36349040269851685,0.9147026538848877,0.1766175478696823,-95.66120910644531,207.26943969726562,110.46904754638672,-92.96720123291016,199.21873474121094,131.3915252685547,-0.11931353807449341,0.3565535545349121,-0.9266249537467957,-92.96720123291016,199.21873474121094,131.3915252685547,-87.72666931152344,204.5753631591797,144.2946014404297,-0.3512108325958252,-0.358991414308548,-0.8647404909133911,1113,51.15785598754883,14.559525489807129,-54.07792663574219,238.4390869140625,169.95321655273438,-62.78750228881836,238.10488891601562,117.29681396484375,0.16318351030349731,0.006261568516492844,0.9865757822990417,-62.78750228881836,238.10488891601562,117.29681396484375,-76.8306655883789,205.95289611816406,112.0395278930664,0.3958412706851959,0.906283438205719,0.14818960428237915,-76.8306655883789,205.95289611816406,112.0395278930664,-77.34305572509766,199.8893585205078,133.17715454101562,0.023294592276215553,0.27566424012184143,-0.9609716534614563,-77.34305572509766,199.8893585205078,133.17715454101562,-73.64418029785156,205.6586456298828,146.3349609375,-0.2493247389793396,-0.38888198137283325,-0.8869091868400574,1114,40.1068115234375,12.93290901184082,-45.374881744384766,230.14852905273438,168.34669494628906,-46.28459930419922,230.50367736816406,118.94961547851562,0.01841282658278942,-0.00718825776129961,0.999804675579071,-46.28459930419922,230.50367736816406,118.94961547851562,-59.66827392578125,206.60789489746094,112.7741470336914,0.47669273614883423,0.8511075377464294,0.21995460987091064,-59.66827392578125,206.60789489746094,112.7741470336914,-65.23421478271484,203.47366333007812,126.92984008789062,0.35839492082595825,0.2018154263496399,-0.9114952683448792,-65.23421478271484,203.47366333007812,126.92984008789062,-65.16387176513672,208.7272186279297,139.56764221191406,-0.005139611195772886,-0.38385093212127686,-0.9233807921409607
1,-73.51813507080078,234.64682006835938,136.5509490966797,-0.21151801943778992,0.16207610070705414,-0.2544090747833252,-0.6747536659240723,0.13087333738803864,-0.7263467907905579,-46.41103744506836,227.18309020996094,195.09361267089844,108.8198013305664,197.074951171875,362.1937255859375,1110,41.38172912597656,16.309661865234375,-79.34039306640625,224.7194366455078,187.62489318847656,-79.34039306640625,224.7194366455078,187.62489318847656,0.0,0.0,0.0,-79.34039306640625,224.7194366455078,187.62489318847656,-104.5019302368164,217.83367919921875,154.03155517578125,0.5915812849998474,0.1618933379650116,0.7898241877555847,-104.5019302368164,217.83367919921875,154.03155517578125,-112.68920135498047,209.20140075683594,129.71310424804688,0.30241721868515015,0.3188546597957611,0.8982624411582947,-112.68920135498047,209.20140075683594,129.71310424804688,-112.1784439086914,201.04689025878906,113.02259063720703,-0.027485108003020287,0.4388141632080078,0.8981574177742004,1111,46.694664001464844,15.578988075256348,-71.62828063964844,241.1515350341797,178.7683563232422,-98.60586547851562,243.46839904785156,122.23235321044922,0.4303637444972992,-0.03696009889245033,0.9018985629081726,-98.60586547851562,243.46839904785156,122.23235321044922,-106.66500091552734,244.1435546875,89.09162902832031,0.23624655604362488,-0.019791601225733757,0.9714915752410889,-106.66500091552734,244.1435546875,89.09162902832031,-111.3327407836914,243.60537719726562,70.48377227783203,0.24321381747722626,0.02804187871515751,0.9695672392845154,-111.3327407836914,243.60537719726562,70.48377227783203,-114.8329086303711,241.62295532226562,57.527462005615234,0.25800275802612305,0.1461273580789566,0.9550295472145081,1112,53.2048225402832,15.300636291503906,-62.387577056884766,241.10081481933594,173.80030822753906,-80.49580383300781,242.01571655273438,117.18649291992188,0.3046145737171173,-0.015390375629067421,0.9523513317108154,-80.49580383300781,242.01571655273438,117.18649291992188,-94.24932861328125,206.93231201171875,110.4956283569336,0.35935935378074646,0.916677713394165,0.17482244968414307,-94.24932861328125,206.93231201171875,110.4956283569336,-91.63386535644531,198.8807830810547,131.42774963378906,-0.11583493649959564,0.3565901219844818,-0.9270521998405457,-91.63386535644531,198.8807830810547,131.42774963378906,-86.47633361816406,204.2235565185547,144.3699493408203,-0.3456484079360962,-0.3580629527568817,-0.8673626780509949,1113,51.15785598754883,14.559525489807129,-52.96623229980469,238.55911254882812,170.01177978515625,-61.51646041870117,237.92462158203125,117.33201599121094,0.1601979285478592,0.011887885630130768,0.9870133399963379,-61.51646041870117,237.92462158203125,117.33201599121094,-75.40829467773438,205.69696044921875,112.13642883300781,0.39157578349113464,0.9084165096282959,0.14645050466060638,-75.40829467773438,205.69696044921875,112.13642883300781,-75.99249267578125,199.6597900390625,133.2797393798828,0.026559164747595787,0.27446550130844116,-0.9612300395965576,-75.99249267578125,199.6597900390625,133.2797393798828,-72.38020324707031,205.44888305664062,146.452880859375,-0.24348855018615723,-0.39021730422973633,-0.8879435658454895,1114,40.1068115234375,12.93290901184082,-44.223270416259766,230.2978057861328,168.47271728515625,-44.98644256591797,230.40219116210938,119.07198333740234,0.015446721576154232,-0.002112776041030884,0.999878466129303,-44.98644256591797,230.40219116210938,119.07198333740234,-58.23095703125,206.42213439941406,112.92320251464844,0.4717361629009247,0.8541090488433838,0.2190040498971939,-58.23095703125,206.42213439941406,112.92320251464844,-63.851287841796875,203.29769897460938,127.05955505371094,0.36189723014831543,0.2011846899986267,-0.9102501273155212,-63.851287841796875,203.29769897460938,127.05955505371094,-63.879451751708984,208.57064819335938,139.689453125,0.002057794015854597,-0.38526761531829834,-0.9228025078773499
1,-72.27490234375,234.52774047851562,136.57769775390625,-0.20564055442810059,0.15548795461654663,-0.24966241419315338,-0.6739403009414673,0.11887539178133011,-0.7291591763496399,-45.416500091552734,227.54620361328125,195.29379272460938,109.62721252441406,200.19825744628906,363.0409240722656,1110,41.38172912597656,16.309661865234375,-78.31843566894531,224.82785034179688,187.66964721679688,-78.31843566894531,224.82785034179688,187.66964721679688,0.0,0.0,0.0,-78.31843566894531,224.82785034179688,187.66964721679688,-103.0496597290039,217.49681091308594,153.85174560546875,0.5814641714096069,0.1723625510931015,0.7951041460037231,-103.0496597290039,217.49681091308594,153.85174560546875,-110.89757537841797,208.62405395507812,129.50796508789062,0.28988218307495117,0.3277372419834137,0.8991978168487549,-110.89757537841797,208.62405395507812,129.50796508789062,-110.15853881835938,200.3603973388672,112.87979888916016,-0.03976937010884285,0.4446876347064972,0.8948023915290833,1111,46.694664001464844,15.578988075256348,-70.6448745727539,241.25523376464844,178.77101135253906,-97.33135223388672,243.14529418945312,122.08118438720703,0.42571985721588135,-0.030151458457112312,0.9043525457382202,-97.33135223388672,243.14529418945312,122.08118438720703,-105.25035858154297,243.6612548828125,88.90383911132812,0.23213879764080048,-0.015124940313398838,0.9725651144981384,-105.25035858154297,243.6612548828125,88.90383911132812,-109.70553588867188,243.9515380859375,70.23844909667969,0.2321382313966751,-0.01512528583407402,0.972565233707428,-109.70553588867188,243.9515380859375,70.23844909667969,-113.0718994140625,242.51309204101562,57.1753044128418,0.24813972413539886,0.10603002458810806,0.9629040956497192,1112,53.2048225402832,15.300636291503906,-61.37758255004883,241.2279052734375,173.85255432128906,-79.18722534179688,241.76214599609375,117.13923645019531,0.2995918393135071,-0.008986937813460827,0.954025149345398,-79.18722534179688,241.76214599609375,117.13923645019531,-92.73696899414062,206.597412109375,110.45948791503906,0.35403475165367126,0.9188024997711182,0.174531951546669,-92.73696899414062,206.597412109375,110.45948791503906,-90.24919891357422,198.52835083007812,131.40042114257812,-0.1101795956492424,0.3573665916919708,-0.9274424910545349,-90.24919891357422,198.52835083007812,131.40042114257812,-85.21404266357422,203.845947265625,144.40106201171875,-0.3374467194080353,-0.3563753366470337,-0.8712785243988037,1113,51.15785598754883,14.559525489807129,-51.922977447509766,238.716552734375,170.12716674804688,-60.18785095214844,237.77139282226562,117.40653991699219,0.1548515111207962,0.017708612605929375,0.9877790212631226,-60.18785095214844,237.77139282226562,117.40653991699219,-73.8846206665039,205.4585418701172,112.22218322753906,0.3860774040222168,0.9108178019523621,0.14613394439220428,-73.8846206665039,205.4585418701172,112.22218322753906,-74.59104919433594,199.43182373046875,133.36474609375,0.032116085290908813,0.27399033308029175,-0.9611960649490356,-74.59104919433594,199.43182373046875,133.36474609375,-71.10516357421875,205.23599243164062,146.56529235839844,-0.23496806621551514,-0.3912332355976105,-0.8897901773452759,1114,40.1068115234375,12.93290901184082,-43.12893295288086,230.49354553222656,168.67660522460938,-43.62836456298828,230.34461975097656,119.27262115478516,0.010108573362231255,0.003014280926436186,0.9999443292617798,-43.62836456298828,230.34461975097656,119.27262115478516,-56.7033576965332,206.27755737304688,113.10099792480469,0.4656981825828552,0.8572078943252563,0.2198176085948944,-56.7033576965332,206.27755737304688,113.10099792480469,-62.383094787597656,203.12835693359375,127.20808410644531,0.3657223582267761,0.20277927815914154,-0.9083654284477234,-62.383094787597656,203.12835693359375,127.20808410644531,-62.522789001464844,208.39649963378906,139.83924865722656,0.010206746868789196,-0.3849164545536041,-0.922895073890686
1,-70.97268676757812,234.4033966064453,136.55763244628906,-0.19447892904281616,0.14940941333770752,-0.24589265882968903,-0.6725790500640869,0.10565375536680222,-0.7324443459510803,-44.33403396606445,227.93170166015625,195.4322052001953,110.39653015136719,203.62547302246094,363.9350891113281,1110,41.38172912597656,16.309661865234375,-77.17868041992188,224.80548095703125,187.64935302734375,-77.17868041992188,224.80548095703125,187.64935302734375,0.0,0.0,0.0,-77.17868041992188,224.80548095703125,187.64935302734375,-101.4765396118164,216.98370361328125,153.6278533935547,0.5712751150131226,0.18390043079853058,0.7998908758163452,-101.4765396118164,216.98370361328125,153.6278533935547,-108.9767074584961,207.89173889160156,129.25535583496094,0.2770373225212097,0.3358342945575714,0.9002587199211121,-108.9767074584961,207.89173889160156,129.25535583496094,-108.0126724243164,199.5674285888672,112.66902160644531,-0.05187710002064705,0.44795164465904236,0.8925514817237854,1111,46.694664001464844,15.578988075256348,-69.63319396972656,241.28436279296875,178.73641967773438,-96.04322814941406,242.70799255371094,121.90367126464844,0.42130979895591736,-0.022710654884576797,0.9066324234008789,-96.04322814941406,242.70799255371094,121.90367126464844,-103.80809783935547,243.10256958007812,88.68824768066406,0.22762039303779602,-0.011566681787371635,0.9736812114715576,-103.80809783935547,243.10256958007812,88.68824768066406,-108.17656707763672,243.32456970214844,70.0014419555664,0.22762030363082886,-0.011567378416657448,0.9736812114715576,-108.17656707763672,243.32456970214844,70.0014419555664,-111.4688720703125,241.80580139160156,56.92851638793945,0.24268074333667755,0.11195068806409836,0.9636249542236328,1112,53.2048225402832,15.300636291503906,-60.340702056884766,241.33929443359375,173.865966796875,-77.86005401611328,241.5011749267578,117.06002044677734,0.29470860958099365,-0.0027231357526034117,0.9555833339691162,-77.86005401611328,241.5011749267578,117.06002044677734,-91.01583099365234,206.19464111328125,110.34087371826172,0.3437410295009613,0.9225075840950012,0.17556138336658478,-91.01583099365234,206.19464111328125,110.34087371826172,-88.60541534423828,198.08853149414062,131.27655029296875,-0.10675366222858429,0.359007328748703,-0.9272094368934631,-88.60541534423828,198.08853149414062,131.27655029296875,-83.71804809570312,203.38784790039062,144.34088134765625,-0.3275425136089325,-0.35515058040618896,-0.8755478262901306,1113,51.15785598754883,14.559525489807129,-50.840824127197266,238.9162139892578,170.19772338867188,-58.8211669921875,237.7128448486328,117.43853759765625,0.14952051639556885,0.022546445950865746,0.9885014891624451,-58.8211669921875,237.7128448486328,117.43853759765625,-72.14907836914062,205.25271606445312,112.21306610107422,0.3756803274154663,0.9149694442749023,0.14729291200637817,-72.14907836914062,205.25271606445312,112.21306610107422,-72.93756103515625,199.20188903808594,133.34584045410156,0.03584647551178932,0.27508634328842163,-0.960750937461853,-72.93756103515625,199.20188903808594,133.34584045410156,-69.60664367675781,205.01617431640625,146.58189392089844,-0.2245224267244339,-0.39191529154777527,-0.8921838998794556,1114,40.1068115234375,12.93290901184082,-41.95286560058594,230.7821807861328,168.8196563720703,-42.19396209716797,230.468017578125,119.41452026367188,0.004879831802099943,0.006358713377267122,0.9999678730964661,-42.19396209716797,230.468017578125,119.41452026367188,-54.98098373413086,206.26388549804688,113.17597961425781,0.45544150471687317,0.8620902299880981,0.22220110893249512,-54.98098373413086,206.26388549804688,113.17597961425781,-60.673316955566406,203.02256774902344,127.25709533691406,0.3665335476398468,0.20871084928512573,-0.9066934585571289,-60.673316955566406,203.02256774902344,127.25709533691406,-60.925960540771484,208.2506103515625,139.90316772460938,0.018459370359778404,-0.38198626041412354,-0.923983633518219
1,-69.64946746826172,234.27700805664062,136.5720672607422,-0.1904221475124359,0.14148037135601044,-0.23990054428577423,-0.6714653372764587,0.093279168009758,-0.7351416945457458,-43.32244873046875,228.34744262695312,195.6422882080078,111.15188598632812,206.88804626464844,364.7657470703125,1110,41.38172912597656,16.309661865234375,-76.14168548583984,225.0103759765625,187.6893768310547,-76.14168548583984,225.0103759765625,187.6893768310547,0.0,0.0,0.0,-76.14168548583984,225.0103759765625,187.6893768310547,-100.09097290039062,216.78103637695312,153.51719665527344,0.5630797743797302,0.19348277151584625,0.8034336566925049,-100.09097290039062,216.78103637695312,153.51719665527344,-107.33903503417969,207.45510864257812,129.15682983398438,0.2677251994609833,0.3444763422012329,0.8998107314109802,-107.33903503417969,207.45510864257812,129.15682983398438,-106.24297332763672,199.01438903808594,112.63765716552734,-0.0589817650616169,0.45421579480171204,0.8889371156692505,1111,46.694664001464844,15.578988075256348,-68.5955810546875,241.4527587890625,178.70980834960938,-94.65568542480469,242.39613342285156,121.70579528808594,0.41572755575180054,-0.01504931878298521,0.909364640712738,-94.65568542480469,242.39613342285156,121.70579528808594,-102.25376892089844,242.5884246826172,88.45004272460938,0.22273124754428864,-0.0056368522346019745,0.9748636484146118,-102.25376892089844,242.5884246826172,88.45004272460938,-106.52841186523438,242.6966094970703,69.74053955078125,0.22273139655590057,-0.005636997986584902,0.974863588809967,-106.52841186523438,242.6966094970703,69.74053955078125,-109.75234985351562,241.07618713378906,56.662784576416016,0.237641379237175,0.11944379657506943,0.9639812111854553,1112,53.2048225402832,15.300636291503906,-59.273162841796875,241.50540161132812,173.89686584472656,-76.43878173828125,241.21713256835938,116.98353576660156,0.28875815868377686,0.004849230404943228,0.9573898315429688,-76.43878173828125,241.21713256835938,116.98353576660156,-89.45203399658203,205.84783935546875,110.31716918945312,0.3400171399116516,0.9241476058959961,0.17418235540390015,-89.45203399658203,205.84783935546875,110.31716918945312,-87.20278930664062,197.751220703125,131.27444458007812,-0.09961563348770142,0.35858696699142456,-0.9281659126281738,-87.20278930664062,197.751220703125,131.27444458007812,-82.44104766845703,203.03118896484375,144.3928985595703,-0.31912314891815186,-0.3538537621498108,-0.8791746497154236,1113,51.15785598754883,14.559525489807129,-49.74263000488281,239.08908081054688,170.30447387695312,-57.39015197753906,237.4955596923828,117.50635528564453,0.14328476786613464,0.029856376349925995,0.9892309904098511,-57.39015197753906,237.4955596923828,117.50635528564453,-70.57791137695312,204.97286987304688,112.31436157226562,0.3717297315597534,0.9167327284812927,0.1463492214679718,-70.57791137695312,204.97286987304688,112.31436157226562,-71.52056121826172,198.96234130859375,133.4523162841797,0.04285532236099243,0.2732543349266052,-0.9609866142272949,-71.52056121826172,198.96234130859375,133.4523162841797,-68.31989288330078,204.79962158203125,146.7103729248047,-0.21574284136295319,-0.393465131521225,-0.8936667442321777,1114,40.1068115234375,12.93290901184082,-40.81930160522461,230.97569274902344,169.03781127929688,-40.751617431640625,230.32046508789062,119.6354751586914,-0.001369938487187028,0.013261912390589714,0.9999111890792847,-40.751617431640625,230.32046508789062,119.6354751586914,-53.41376495361328,206.05517578125,113.37979125976562,0.4509936571121216,0.8642682433128357,0.22281163930892944,-53.41376495361328,206.05517578125,113.37979125976562,-59.153995513916016,202.79864501953125,127.43793487548828,0.36961767077445984,0.2096904069185257,-0.9052141904830933,-59.153995513916016,202.79864501953125,127.43793487548828,-59.495079040527344,208.0193328857422,140.0849609375,0.0249212384223938,-0.3814491331577301,-0.9240539073944092
1,-68.33283233642578,234.07901000976562,136.58004760742188,-0.1784038543701172,0.1361323744058609,-0.23487210273742676,-0.6704784631729126,0.0820920392870903,-0.737373411655426,-42.2922248840332,228.6071014404297,195.8189697265625,111.955078125,209.72137451171875,365.455810546875,1110,41.38172912597656,16.309661865234375,-75.04962921142578,224.8614501953125,187.6772003173828,-75.04962921142578,224.8614501953125,187.6772003173828,0.0,0.0,0.0,-75.04962921142578,224.8614501953125,187.6772003173828,-98.56625366210938,216.18002319335938,153.31690979003906,0.5529072880744934,0.2041119635105133,0.8078563809394836,-98.56625366210938,216.18002319335938,153.31690979003906,-105.47430419921875,206.6689453125,128.92935180664062,0.25516602396965027,0.35131531953811646,0.9008150696754456,-105.47430419921875,206.6689453125,128.92935180664062,-104.16107940673828,198.19175720214844,112.44473266601562,-0.07066786289215088,0.45617836713790894,0.8870779275894165,1111,46.694664001464844,15.578988075256348,-67.63319396972656,241.36720275878906,178.7058563232422,-93.33314514160156,241.87704467773438,121.53305053710938,0.4099821448326111,-0.008133325725793839,0.9120573401451111,-93.33314514160156,241.87704467773438,121.53305053710938,-100.73941802978516,241.967041015625,88.2336196899414,0.21710845828056335,-0.0026381646748632193,0.9761438965797424,-100.73941802978516,241.967041015625,88.2336196899414,-104.90614318847656,242.01766967773438,69.49954986572266,0.2171083688735962,-0.0026380205526947975,0.9761438965797424,-104.90614318847656,242.01766967773438,69.49954986572266,-108.03809356689453,240.33279418945312,56.4075927734375,0.23086079955101013,0.12419472634792328,0.9650279879570007,1112,53.2048225402832,15.300636291503906,-58.28104782104492,241.51454162597656,173.9529266357422,-75.07384490966797,240.89439392089844,116.93112182617188,0.28248655796051025,0.010432056151330471,0.9592145085334778,-75.07384490966797,240.89439392089844,116.93112182617188,-87.65921020507812,205.3938446044922,110.1419906616211,0.32883700728416443,0.9275768995285034,0.1773899644613266,-87.65921020507812,205.3938446044922,110.1419906616211,-85.50865936279297,197.23199462890625,131.0843048095703,-0.09524469077587128,0.3614761531352997,-0.9275038838386536,-85.50865936279297,197.23199462890625,131.0843048095703,-80.91949462890625,202.46458435058594,144.2830047607422,-0.3075573444366455,-0.3506785035133362,-0.8845524787902832,1113,51.15785598754883,14.559525489807129,-48.70060729980469,239.1983642578125,170.42796325683594,-55.987884521484375,237.39137268066406,117.58577728271484,0.1365351676940918,0.03385597839951515,0.990056574344635,-55.987884521484375,237.39137268066406,117.58577728271484,-68.77071380615234,204.7268829345703,112.27264404296875,0.36031579971313477,0.9207297563552856,0.14976385235786438,-68.77071380615234,204.7268829345703,112.27264404296875,-69.8184585571289,198.66444396972656,133.3908233642578,0.047633204609155655,0.27561426162719727,-0.9600874185562134,-69.8184585571289,198.66444396972656,133.3908233642578,-66.79666137695312,204.49407958984375,146.6941375732422,-0.20368599891662598,-0.3929499685764313,-0.8967176079750061,1114,40.1068115234375,12.93290901184082,-39.677528381347656,231.18417358398438,169.2388153076172,-39.28289794921875,230.4114532470703,119.8396987915039,-0.00798738095909357,0.015639979392290115,0.9998457431793213,-39.28289794921875,230.4114532470703,119.8396987915039,-51.63359451293945,206.02008056640625,113.45305633544922,0.43990057706832886,0.8687589764595032,0.22747604548931122,-51.63359451293945,206.02008056640625,113.45305633544922,-57.367366790771484,202.6369171142578,127.48390197753906,0.3692018985748291,0.2178444266319275,-0.9034566283226013,-57.367366790771484,202.6369171142578,127.48390197753906,-57.81142807006836,207.7877960205078,140.15634155273438,0.0324452742934227,-0.37634822726249695,-0.9259099960327148
1,-66.98168182373047,233.86244201660156,136.51516723632812,-0.16773802042007446,0.13135899603366852,-0.23055163025856018,-0.6692813038825989,0.07273929566144943,-0.7394400238990784,-41.19322967529297,228.79393005371094,195.8982696533203,112.77865600585938,212.0598602294922,366.01055908203125,1110,41.38172912597656,16.309661865234375,-73.88854217529297,224.69039916992188,187.59518432617188,-73.88854217529297,224.69039916992188,187.59518432617188,0.0,0.0,0.0,-73.88854217529297,224.69039916992188,187.59518432617188,-97.06452941894531,215.66314697265625,153.09286499023438,0.544898509979248,0.21224279701709747,0.8111957907676697,-97.06452941894531,215.66314697265625,153.09286499023438,-103.71611022949219,206.02084350585938,128.68553161621094,0.24569255113601685,0.35616227984428406,0.9015451073646545,-103.71611022949219,206.02084350585938,128.68553161621094,-102.28163146972656,197.53477478027344,112.21559143066406,-0.07719282805919647,0.45665621757507324,0.8862879872322083,1111,46.694664001464844,15.578988075256348,-66.58985137939453,241.25057983398438,178.6275634765625,-91.97569274902344,241.37335205078125,121.31246185302734,0.40497127175331116,-0.00195854133926332,0.9143273830413818,-91.97569274902344,241.37335205078125,121.31246185302734,-99.1889877319336,241.39308166503906,87.97057342529297,0.2114514261484146,-0.0005783563829027116,0.9773882627487183,-99.1889877319336,241.39308166503906,87.97057342529297,-103.24715423583984,241.4041748046875,69.2126235961914,0.21145188808441162,-0.0005780110950581729,0.9773882031440735,-103.24715423583984,241.4041748046875,69.2126235961914,-106.2888412475586,239.6638946533203,56.10663986206055,0.22420735657215118,0.1282786875963211,0.9660618901252747,1112,53.2048225402832,15.300636291503906,-57.21342468261719,241.482177734375,173.92611694335938,-73.6821060180664,240.56564331054688,116.8138427734375,0.27703434228897095,0.015417840331792831,0.9607363343238831,-73.6821060180664,240.56564331054688,116.8138427734375,-85.88651275634766,204.95278930664062,109.9182357788086,0.31888318061828613,0.930511474609375,0.18017207086086273,-85.88651275634766,204.95278930664062,109.9182357788086,-83.8207778930664,196.72433471679688,130.843017578125,-0.0914883092045784,0.3644259572029114,-0.926727294921875,-83.8207778930664,196.72433471679688,130.843017578125,-79.3832778930664,201.9070587158203,144.11306762695312,-0.29739293456077576,-0.34733647108078003,-0.8893339037895203,1113,51.15785598754883,14.559525489807129,-47.59059524536133,239.25543212890625,170.45945739746094,-54.56558609008789,237.25770568847656,117.58201599121094,0.13068415224552155,0.03742960840463638,0.9907172322273254,-54.56558609008789,237.25770568847656,117.58201599121094,-66.98667907714844,204.47158813476562,112.16107940673828,0.35011929273605347,0.924157977104187,0.15280252695083618,-66.98667907714844,204.47158813476562,112.16107940673828,-68.1240463256836,198.35824584960938,133.2599334716797,0.051707684993743896,0.27792850136756897,-0.9592090249061584,-68.1240463256836,198.35824584960938,133.2599334716797,-65.26173400878906,204.17068481445312,146.60597229003906,-0.19293582439422607,-0.39179083704948425,-0.8995975255966187,1114,40.1068115234375,12.93290901184082,-38.480384826660156,231.3304901123047,169.33843994140625,-37.8035774230957,230.4524688720703,119.94415283203125,-0.013698689639568329,0.017771290615200996,0.9997482299804688,-37.8035774230957,230.4524688720703,119.94415283203125,-49.8754768371582,205.9507598876953,113.4477310180664,0.42997047305107117,0.8726888298988342,0.23138609528541565,-49.8754768371582,205.9507598876953,113.4477310180664,-55.60538864135742,202.4514923095703,127.45165252685547,0.36895325779914856,0.22532042860984802,-0.9017229080200195,-55.60538864135742,202.4514923095703,127.45165252685547,-56.14739227294922,207.53164672851562,140.14878845214844,0.03960147127509117,-0.3711812496185303,-0.9277156591415405
1,-65.64771270751953,233.74266052246094,136.6113739013672,-0.15116408467292786,0.127344012260437,-0.22678640484809875,-0.6689050197601318,0.06726039946079254,-0.7402986884117126,-40.0924186706543,229.0443572998047,196.1211395263672,113.79290771484375,213.57073974609375,366.43096923828125,1110,41.38172912597656,16.309661865234375,-72.69965362548828,224.46725463867188,187.65289306640625,-72.69965362548828,224.46725463867188,187.65289306640625,0.0,0.0,0.0,-72.69965362548828,224.46725463867188,187.65289306640625,-95.43470764160156,215.0178680419922,152.97068786621094,0.5345314145088196,0.22216768562793732,0.8154248595237732,-95.43470764160156,215.0178680419922,152.97068786621094,-101.75164031982422,205.2557373046875,128.52212524414062,0.233331561088562,0.3605884909629822,0.9030682444572449,-101.75164031982422,205.2557373046875,128.52212524414062,-100.12554931640625,196.80169677734375,112.05352020263672,-0.08750396221876144,0.4549327492713928,0.8862162232398987,1111,46.694664001464844,15.578988075256348,-65.6163558959961,241.14134216308594,178.72372436523438,-90.6713638305664,240.84950256347656,121.26383209228516,0.3996935486793518,0.0046556126326322556,0.9166370630264282,-90.6713638305664,240.84950256347656,121.26383209228516,-97.68683624267578,240.82876586914062,87.87976837158203,0.20565249025821686,0.0006078782025724649,0.9786248803138733,-97.68683624267578,240.82876586914062,87.87976837158203,-101.63370513916016,240.8170928955078,69.09808349609375,0.20565268397331238,0.0006082234904170036,0.9786248207092285,-101.63370513916016,240.8170928955078,69.09808349609375,-104.57107543945312,239.048095703125,55.972164154052734,0.21651801466941833,0.13039545714855194,0.9675313830375671,1112,53.2048225402832,15.300636291503906,-56.21800994873047,241.52285766601562,174.0761260986328,-72.34163665771484,240.33499145507812,116.8704605102539,0.2712298035621643,0.019982149824500084,0.9623071551322937,-72.34163665771484,240.33499145507812,116.8704605102539,-83.9529800415039,204.56414794921875,109.77145385742188,0.303387314081192,0.9346395134925842,0.1854865998029709,-83.9529800415039,204.56414794921875,109.77145385742188,-81.92801666259766,196.2263641357422,130.6569061279297,-0.08968260139226913,0.3692679703235626,-0.9249854683876038,-81.92801666259766,196.2263641357422,130.6569061279297,-77.67759704589844,201.33795166015625,144.01548767089844,-0.28485527634620667,-0.34256914258003235,-0.8952674269676208,1113,51.15785598754883,14.559525489807129,-46.54092788696289,239.450439453125,170.6652374267578,-53.17920684814453,237.33444213867188,117.74906158447266,0.12437546998262405,0.039645541459321976,0.991442859172821,-53.17920684814453,237.33444213867188,117.74906158447266,-65.039794921875,204.3725128173828,112.14220428466797,0.3343200981616974,0.9291138052940369,0.15804319083690643,-65.039794921875,204.3725128173828,112.14220428466797,-66.2335433959961,198.15286254882812,133.20684814453125,0.054270919412374496,0.28276151418685913,-0.9576536417007446,-66.2335433959961,198.15286254882812,133.20684814453125,-63.568321228027344,203.93067932128906,146.60862731933594,-0.17965075373649597,-0.3894568979740143,-0.9033542275428772,1114,40.1068115234375,12.93290901184082,-37.298397064208984,231.67262268066406,169.59823608398438,-36.32395935058594,230.79945373535156,120.20883178710938,-0.019722772762179375,0.017673077061772346,0.9996493458747864,-36.32395935058594,230.79945373535156,120.20883178710938,-47.981605529785156,206.14300537109375,113.54351806640625,0.41521599888801575,0.8782005906105042,0.23740169405937195,-47.981605529785156,206.14300537109375,113.54351806640625,-53.65483093261719,202.45458984375,127.52195739746094,0.3653031587600708,0.23749978840351105,-0.900081992149353,-53.65483093261719,202.45458984375,127.52195739746094,-54.294944763183594,207.42347717285156,140.2584991455078,0.046769872307777405,-0.3630514144897461,-0.9305945634841919
1,-64.27283477783203,233.53773498535156,136.67344665527344,-0.13828381896018982,0.11634194105863571,-0.2209276556968689,-0.6686667799949646,0.06388355046510696,-0.7408128380775452,-39.040096282958984,229.52658081054688,196.3629913330078,114.79041290283203,214.82981872558594,366.7911071777344,1110,41.38172912597656,16.309661865234375,-71.57440185546875,224.5876007080078,187.7379150390625,-71.57440185546875,224.5876007080078,187.7379150390625,0.0,0.0,0.0,-71.57440185546875,224.5876007080078,187.7379150390625,-93.84192657470703,214.51951599121094,152.92672729492188,0.5235393047332764,0.23671415448188782,0.8184576630592346,-93.84192657470703,214.51951599121094,152.92672729492188,-99.83563232421875,204.47047424316406,128.51304626464844,0.22139231860637665,0.37118616700172424,0.9017795324325562,-99.83563232421875,204.47047424316406,128.51304626464844,-98.04944610595703,195.91526794433594,112.11341094970703,-0.09611907601356506,0.46037667989730835,0.8825047016143799,1111,46.694664001464844,15.578988075256348,-64.63060760498047,241.27447509765625,178.72349548339844,-89.27112579345703,240.21548461914062,121.0936279296875,0.39308130741119385,0.016893692314624786,0.9193484783172607,-89.27112579345703,240.21548461914062,121.0936279296875,-96.05885314941406,239.9944305419922,87.66323852539062,0.1989763379096985,0.006480008363723755,0.979982852935791,-96.05885314941406,239.9944305419922,87.66323852539062,-99.8775863647461,239.8700714111328,68.8554916381836,0.19897615909576416,0.0064797671511769295,0.979982852935791,-99.8775863647461,239.8700714111328,68.8554916381836,-102.70592498779297,238.01571655273438,55.717411041259766,0.208481103181839,0.1366872936487198,0.9684277176856995,1112,53.2048225402832,15.300636291503906,-55.20478057861328,241.73313903808594,174.13894653320312,-70.90573120117188,239.88912963867188,116.83319091796875,0.26411962509155273,0.03101971745491028,0.9639909863471985,-70.90573120117188,239.88912963867188,116.83319091796875,-82.05801391601562,203.9697265625,109.74829864501953,0.2913927137851715,0.9385210871696472,0.18511779606342316,-82.05801391601562,203.9697265625,109.74829864501953,-80.14177703857422,195.64706420898438,130.65003967285156,-0.08486724644899368,0.36859819293022156,-0.9257066249847412,-80.14177703857422,195.64706420898438,130.65003967285156,-76.0793685913086,200.74960327148438,144.0704345703125,-0.2722551226615906,-0.3419627845287323,-0.8994101285934448,1113,51.15785598754883,14.559525489807129,-45.47926712036133,239.75148010253906,170.81292724609375,-51.71504592895508,237.1295166015625,117.87045288085938,0.11683420836925507,0.04912538453936577,0.9919357895851135,-51.71504592895508,237.1295166015625,117.87045288085938,-63.13154983520508,204.0112762451172,112.26287078857422,0.3218024671077728,0.9335196614265442,0.1580635905265808,-63.13154983520508,204.0112762451172,112.26287078857422,-64.4422607421875,197.82479858398438,133.330322265625,0.05958836153149605,0.28125351667404175,-0.9577816724777222,-64.4422607421875,197.82479858398438,133.330322265625,-61.97689437866211,203.6352081298828,146.75624084472656,-0.16617940366268158,-0.3916538953781128,-0.9049815535545349,1114,40.1068115234375,12.93290901184082,-36.13570785522461,232.0785675048828,169.87396240234375,-34.7996711730957,230.8204345703125,120.50132751464844,-0.027041593566536903,0.02546480856835842,0.9993098974227905,-34.7996711730957,230.8204345703125,120.50132751464844,-46.11703109741211,206.0189666748047,113.78773498535156,0.4030957818031311,0.8833656311035156,0.239121213555336,-46.11703109741211,206.0189666748047,113.78773498535156,-51.756649017333984,202.2454833984375,127.75707244873047,0.36313897371292114,0.24297724664211273,-0.8994954824447632,-51.756649017333984,202.2454833984375,127.75707244873047,-52.4884033203125,207.1772003173828,140.5031280517578,0.05346555635333061,-0.36033540964126587,-0.9312893152236938
1,-62.90867233276367,233.3095703125,136.67564392089844,-0.1336519718170166,0.10771907866001129,-0.21612988412380219,-0.6683964729309082,0.061496566981077194,-0.7412586212158203,-37.92771530151367,229.7978973388672,196.4968719482422,115.84061431884766,215.65028381347656,367.0275573730469,1110,41.38172912597656,16.309661865234375,-70.43243408203125,224.71644592285156,187.76919555664062,-70.43243408203125,224.71644592285156,187.76919555664062,0.0,0.0,0.0,-70.43243408203125,224.71644592285156,187.76919555664062,-92.41848754882812,214.2654571533203,152.89199829101562,0.5169214606285095,0.24571670591831207,0.8200094699859619,-92.41848754882812,214.2654571533203,152.89199829101562,-98.23766326904297,204.00730895996094,128.52310180664062,0.21494561433792114,0.37891000509262085,0.9001253247261047,-98.23766326904297,204.00730895996094,128.52310180664062,-96.42606353759766,195.35597229003906,112.17678833007812,-0.0974867194890976,0.46555009484291077,0.8796360492706299,1111,46.694664001464844,15.578988075256348,-63.51178741455078,241.36326599121094,178.66334533691406,-87.85485076904297,239.76499938964844,120.91960906982422,0.3883361220359802,0.025496570393443108,0.9211649894714355,-87.85485076904297,239.76499938964844,120.91960906982422,-94.46456909179688,239.36734008789062,87.4552001953125,0.19375813007354736,0.011657035909593105,0.9809799790382385,-94.46456909179688,239.36734008789062,87.4552001953125,-98.18315887451172,239.1436309814453,68.6283187866211,0.19375818967819214,0.011656427755951881,0.9809800982475281,-98.18315887451172,239.1436309814453,68.6283187866211,-100.93548583984375,237.2161865234375,55.484615325927734,0.2028781622648239,0.1420748382806778,0.9688422083854675,1112,53.2048225402832,15.300636291503906,-54.06477737426758,241.82635498046875,174.12306213378906,-69.46688079833984,239.48275756835938,116.75448608398438,0.25909242033958435,0.03942372649908066,0.9650475978851318,-69.46688079833984,239.48275756835938,116.75448608398438,-80.45878601074219,203.5074462890625,109.70272064208984,0.28720229864120483,0.9399818778038025,0.18425224721431732,-80.45878601074219,203.5074462890625,109.70272064208984,-78.67039489746094,195.18572998046875,130.6161651611328,-0.07920514792203903,0.36855629086494446,-0.926224946975708,-78.67039489746094,195.18572998046875,130.6161651611328,-74.72554016113281,200.25282287597656,144.08497619628906,-0.26437681913375854,-0.33958712220191956,-0.9026545882225037,1113,51.15785598754883,14.559525489807129,-44.31441879272461,239.86001586914062,170.86131286621094,-50.2704963684082,236.81092834472656,117.90950012207031,0.11159367859363556,0.05712801218032837,0.992110550403595,-50.2704963684082,236.81092834472656,117.90950012207031,-61.51773452758789,203.63165283203125,112.32079315185547,0.3170314133167267,0.9352405071258545,0.15753163397312164,-61.51773452758789,203.63165283203125,112.32079315185547,-62.949195861816406,197.4850616455078,133.39207458496094,0.06507795304059982,0.2794399857521057,-0.9579551815986633,-62.949195861816406,197.4850616455078,133.39207458496094,-60.608089447021484,203.3067626953125,146.8353271484375,-0.15780363976955414,-0.3924151360988617,-0.9061502814292908,1114,40.1068115234375,12.93290901184082,-34.93467712402344,232.21913146972656,170.02783203125,-33.34284210205078,230.59237670898438,120.6735610961914,-0.032218996435403824,0.03292577713727951,0.9989383220672607,-33.34284210205078,230.59237670898438,120.6735610961914,-44.517398834228516,205.73245239257812,113.93704223632812,0.39800962805747986,0.8854479789733887,0.23993785679340363,-44.517398834228516,205.73245239257812,113.93704223632812,-50.15779113769531,201.93479919433594,127.8995132446289,0.36318886280059814,0.24453359842300415,-0.8990534543991089,-50.15779113769531,201.93479919433594,127.8995132446289,-50.94321823120117,206.85121154785156,140.64828491210938,0.05738716572523117,-0.35921725630760193,-0.9314879179000854
1,-61.56037139892578,233.0269775390625,136.59869384765625,-0.12288889288902283,0.10373616218566895,-0.2129138708114624,-0.6684612035751343,0.05994771793484688,-0.7413271069526672,-36.769954681396484,229.80908203125,196.5103759765625,117.01327514648438,216.0177764892578,367.0567932128906,1110,41.38172912597656,16.309661865234375,-69.21097564697266,224.43858337402344,187.6741943359375,-69.21097564697266,224.43858337402344,187.6741943359375,0.0,0.0,0.0,-69.21097564697266,224.43858337402344,187.6741943359375,-90.87609100341797,213.68197631835938,152.68923950195312,0.5093757510185242,0.25290217995643616,0.8225429654121399,-90.87609100341797,213.68197631835938,152.68923950195312,-96.49030303955078,203.3326416015625,128.31082153320312,0.20737479627132416,0.3822782635688782,0.9004771113395691,-96.49030303955078,203.3326416015625,128.31082153320312,-94.60790252685547,194.6942596435547,111.96564483642578,-0.10129661858081818,0.4648526608943939,0.8795743584632874,1111,46.694664001464844,15.578988075256348,-62.42555618286133,241.1418914794922,178.57000732421875,-86.50535583496094,239.19647216796875,120.72663879394531,0.384136438369751,0.031034579500555992,0.9227545857429504,-86.50535583496094,239.19647216796875,120.72663879394531,-92.92798614501953,238.76171875,87.22628021240234,0.1882738173007965,0.012744417414069176,0.9820338487625122,-92.92798614501953,238.76171875,87.22628021240234,-96.54132843017578,238.5171356201172,68.37916564941406,0.18827414512634277,0.012744068168103695,0.9820338487625122,-96.54132843017578,238.5171356201172,68.37916564941406,-99.20255279541016,236.5718536376953,55.21934127807617,0.1961628943681717,0.14338970184326172,0.970030665397644,1112,53.2048225402832,15.300636291503906,-52.96469497680664,241.6960906982422,174.06893920898438,-68.09793090820312,239.0991973876953,116.6397476196289,0.25456956028938293,0.043684642761945724,0.9660672545433044,-68.09793090820312,239.0991973876953,116.6397476196289,-78.7205810546875,203.03872680664062,109.45823669433594,0.2775542140007019,0.9422070384025574,0.18764232099056244,-78.7205810546875,203.03872680664062,109.45823669433594,-76.9465103149414,194.62704467773438,130.33688354492188,-0.07857091724872589,0.3725407123565674,-0.9246837496757507,-76.9465103149414,194.62704467773438,130.33688354492188,-73.11334991455078,199.6163787841797,143.8668212890625,-0.25689148902893066,-0.33437615633010864,-0.9067519903182983,1113,51.15785598754883,14.559525489807129,-43.180625915527344,239.8262176513672,170.85169982910156,-48.87982940673828,236.6295166015625,117.88033294677734,0.10678086429834366,0.05989372357726097,0.9924769997596741,-48.87982940673828,236.6295166015625,117.88033294677734,-59.75316619873047,203.3482666015625,112.15946960449219,0.3064919412136078,0.9381145238876343,0.16125671565532684,-59.75316619873047,203.3482666015625,112.15946960449219,-61.23893356323242,197.1333770751953,133.20693969726562,0.06754685193300247,0.2825450599193573,-0.956872820854187,-61.23893356323242,197.1333770751953,133.20693969726562,-59.04314041137695,202.91250610351562,146.69302368164062,-0.14800862967967987,-0.38954535126686096,-0.9090368151664734,1114,40.1068115234375,12.93290901184082,-33.71833801269531,232.28221130371094,170.0706024169922,-31.900190353393555,230.59225463867188,120.72625732421875,-0.036799583584070206,0.03420497849583626,0.9987370371818542,-31.900190353393555,230.59225463867188,120.72625732421875,-42.80394744873047,205.6472625732422,113.86162567138672,0.3883642852306366,0.888477623462677,0.24450084567070007,-42.80394744873047,205.6472625732422,113.86162567138672,-48.37818908691406,201.71875,127.81444549560547,0.3589295446872711,0.25295984745025635,-0.8984324336051941,-48.37818908691406,201.71875,127.81444549560547,-49.20589828491211,206.54640197753906,140.59442138671875,0.06047650799155235,-0.3527320325374603,-0.9337679743766785
1,-60.19157791137695,232.78335571289062,136.63894653320312,-0.1097388043999672,0.09609793871641159,-0.20894259214401245,-0.6694608926773071,0.05909833312034607,-0.7404927611351013,-35.62493133544922,230.06121826171875,196.6583251953125,118.38826751708984,216.46531677246094,367.0128173828125,1110,41.38172912597656,16.309661865234375,-67.993896484375,224.34336853027344,187.7162322998047,-67.993896484375,224.34336853027344,187.7162322998047,0.0,0.0,0.0,-67.993896484375,224.34336853027344,187.7162322998047,-89.23828887939453,213.10032653808594,152.62637329101562,0.49948403239250183,0.2643389403820038,0.8250094652175903,-89.23828887939453,213.10032653808594,152.62637329101562,-94.57745361328125,202.56210327148438,128.26710510253906,0.19721531867980957,0.38925546407699585,0.8997701406478882,-94.57745361328125,202.56210327148438,128.26710510253906,-92.5678482055664,193.8842010498047,111.95803833007812,-0.10814178735017776,0.46697917580604553,0.8776308298110962,1111,46.694664001464844,15.578988075256348,-61.37489318847656,241.08790588378906,178.5653839111328,-85.13136291503906,238.5582733154297,120.61101531982422,0.378978431224823,0.04035431891679764,0.924525260925293,-85.13136291503906,238.5582733154297,120.61101531982422,-91.33246612548828,237.97747802734375,87.07115936279297,0.18177996575832367,0.017025509849190712,0.9831917881965637,-91.33246612548828,237.97747802734375,87.07115936279297,-94.82117462158203,237.65074157714844,68.20182037353516,0.18178007006645203,0.0170246884226799,0.9831918478012085,-94.82117462158203,237.65074157714844,68.20182037353516,-97.37396240234375,235.63677978515625,55.03084945678711,0.18816985189914703,0.14845217764377594,0.9708521962165833,1112,53.2048225402832,15.300636291503906,-51.8989143371582,241.7410125732422,174.10960388183594,-66.70349884033203,238.6759490966797,116.61787414550781,0.24904108047485352,0.051560159772634506,0.9671195149421692,-66.70349884033203,238.6759490966797,116.61787414550781,-76.9007797241211,202.49961853027344,109.40251159667969,0.26643988490104675,0.9452340602874756,0.18852676451206207,-76.9007797241211,202.49961853027344,109.40251159667969,-75.0844497680664,194.03887939453125,130.2576904296875,-0.08044250309467316,0.37471333146095276,-0.9236443042755127,-75.0844497680664,194.03887939453125,130.2576904296875,-71.3472671508789,198.97003173828125,143.83572387695312,-0.250459223985672,-0.33047693967819214,-0.9099752902984619,1113,51.15785598754883,14.559525489807129,-42.075504302978516,239.9805450439453,170.95106506347656,-47.46215057373047,236.4573211669922,117.96770477294922,0.10092476010322571,0.06601148843765259,0.9927017092704773,-47.46215057373047,236.4573211669922,117.96770477294922,-57.877235412597656,203.036865234375,112.20590209960938,0.2935750186443329,0.9420384764671326,0.162410706281662,-57.877235412597656,203.036865234375,112.20590209960938,-59.42145919799805,196.80975341796875,133.24554443359375,0.0702044665813446,0.28310084342956543,-0.9565173387527466,-59.42145919799805,196.80975341796875,133.24554443359375,-57.39716720581055,202.58534240722656,146.75994873046875,-0.13644848763942719,-0.3893066644668579,-0.9109456539154053,1114,40.1068115234375,12.93290901184082,-32.51416015625,232.55404663085938,170.2545623779297,-30.421907424926758,230.650634765625,120.92886352539062,-0.04234752431511879,0.038525357842445374,0.9983599185943604,-30.421907424926758,230.650634765625,120.92886352539062,-40.997535705566406,205.580322265625,114.00765991210938,0.3766772150993347,0.8929412961006165,0.24651582539081573,-40.997535705566406,205.580322265625,114.00765991210938,-46.49495315551758,201.54824829101562,127.96142578125,0.3539826273918152,0.2596281170845032,-0.8984929323196411,-46.49495315551758,201.54824829101562,127.96142578125,-47.37557601928711,206.3186492919922,140.7593536376953,0.06434263288974762,-0.348548948764801,-0.9350795149803162
1,-58.92116928100586,232.7582550048828,136.7388916015625,-0.08011922985315323,0.08917620778083801,-0.20605868101119995,-0.6707698106765747,0.05820585787296295,-0.7393780946731567,-34.572265625,230.6097869873047,196.85752868652344,119.7420654296875,217.21920776367188,366.95556640625,1110,41.38172912597656,16.309661865234375,-66.75334167480469,224.12640380859375,187.77952575683594,-66.75334167480469,224.12640380859375,187.77952575683594,0.0,0.0,0.0,-66.75334167480469,224.12640380859375,187.77952575683594,-87.38258361816406,212.2171173095703,152.54273986816406,0.48502111434936523,0.28000327944755554,0.8284640312194824,-87.38258361816406,212.2171173095703,152.54273986816406,-92.27666473388672,201.51776123046875,128.16021728515625,0.18077494204044342,0.39520707726478577,0.9006285667419434,-92.27666473388672,201.51776123046875,128.16021728515625,-89.97372436523438,192.90234375,111.85681915283203,-0.12392693758010864,0.4636169970035553,0.8773263096809387,1111,46.694664001464844,15.578988075256348,-60.5762939453125,241.0513458251953,178.651611328125,-83.93082427978516,237.7918243408203,120.57048034667969,0.37256649136543274,0.05199798196554184,0.9265475273132324,-83.93082427978516,237.7918243408203,120.57048034667969,-89.82481384277344,237.1227264404297,86.9769287109375,0.17277714610099792,0.019614020362496376,0.9847655892372131,-89.82481384277344,237.1227264404297,86.9769287109375,-93.14073944091797,236.7462921142578,68.077392578125,0.1727772206068039,0.019614215940237045,0.9847655892372131,-93.14073944091797,236.7462921142578,68.077392578125,-95.52155303955078,234.68006896972656,54.882328033447266,0.17549335956573486,0.15230442583560944,0.972628116607666,1112,53.2048225402832,15.300636291503906,-51.09916687011719,241.97821044921875,174.2471160888672,-65.4926528930664,238.4453125,116.67788696289062,0.24212560057640076,0.05943001061677933,0.968423068523407,-65.4926528930664,238.4453125,116.67788696289062,-74.67855072021484,202.04310607910156,109.24343872070312,0.2400140017271042,0.9511361122131348,0.1942511945962906,-74.67855072021484,202.04310607910156,109.24343872070312,-72.66893005371094,193.4574432373047,130.0297088623047,-0.08900309354066849,0.3802461624145508,-0.9205928444862366,-72.66893005371094,193.4574432373047,130.0297088623047,-69.10010528564453,198.30044555664062,143.68455505371094,-0.23917609453201294,-0.32456913590431213,-0.9151227474212646,1113,51.15785598754883,14.559525489807129,-41.211360931396484,240.5034942626953,171.14364624023438,-46.202388763427734,236.7906951904297,118.13449096679688,0.0935124084353447,0.0695633813738823,0.9931849241256714,-46.202388763427734,236.7906951904297,118.13449096679688,-55.599464416503906,203.10362243652344,112.17833709716797,0.26487985253334045,0.9495536088943481,0.16788895428180695,-55.599464416503906,203.10362243652344,112.17833709716797,-57.10771560668945,196.7357635498047,133.1784210205078,0.06856906414031982,0.28949958086013794,-0.9547190070152283,-57.10771560668945,196.7357635498047,133.1784210205078,-55.358642578125,202.46029663085938,146.75283813476562,-0.11789720505475998,-0.3858652114868164,-0.9149908423423767,1114,40.1068115234375,12.93290901184082,-31.4334716796875,233.3590850830078,170.5052490234375,-29.016267776489258,231.48623657226562,121.1932373046875,-0.04892458766698837,0.03790675103664398,0.9980828762054443,-29.016267776489258,231.48623657226562,121.1932373046875,-38.869903564453125,206.169189453125,114.10658264160156,0.3509616255760193,0.9017292857170105,0.2524087429046631,-38.869903564453125,206.169189453125,114.10658264160156,-44.17808151245117,201.8646240234375,128.05221557617188,0.3417973816394806,0.27717405557632446,-0.8979693055152893,-44.17808151245117,201.8646240234375,128.05221557617188,-45.15095138549805,206.48312377929688,140.89907836914062,0.071082703769207,-0.3374505341053009,-0.9386556148529053
1,-57.587852478027344,232.6779022216797,136.89523315429688,-0.06421738862991333,0.08580110967159271,-0.20318882167339325,-0.6722176671028137,0.057380158454179764,-0.7381266355514526,-33.41912078857422,230.81956481933594,197.0872344970703,121.22830200195312,217.6189422607422,366.8973693847656,1110,41.38172912597656,16.309661865234375,-65.49774169921875,223.92770385742188,187.9037322998047,-65.49774169921875,223.92770385742188,187.9037322998047,0.0,0.0,0.0,-65.49774169921875,223.92770385742188,187.9037322998047,-85.67945861816406,211.67800903320312,152.52476501464844,0.4744991958141327,0.2880067229270935,0.8318068981170654,-85.67945861816406,211.67800903320312,152.52476501464844,-90.27188873291016,200.9099884033203,128.1138153076172,0.16963277757167816,0.39774349331855774,0.9016788601875305,-90.27188873291016,200.9099884033203,128.1138153076172,-87.7729721069336,192.339599609375,111.81553649902344,-0.13447284698486328,0.461193710565567,0.8770504593849182,1111,46.694664001464844,15.578988075256348,-59.54733657836914,240.94644165039062,178.7996826171875,-82.60516357421875,237.3198699951172,120.6218490600586,0.36783331632614136,0.05785340815782547,0.9280903339385986,-82.60516357421875,237.3198699951172,120.6218490600586,-88.2471923828125,236.66172790527344,86.98484802246094,0.16539113223552704,0.019292859360575676,0.9860392808914185,-88.2471923828125,236.66172790527344,86.98484802246094,-91.42137145996094,236.2914581298828,68.06086730957031,0.1653914898633957,0.019293010234832764,0.9860392808914185,-91.42137145996094,236.2914581298828,68.06086730957031,-93.67558288574219,234.2157440185547,54.845069885253906,0.16616128385066986,0.153003990650177,0.9741561412811279,1112,53.2048225402832,15.300636291503906,-50.06748962402344,242.02078247070312,174.43472290039062,-64.16332244873047,238.26068115234375,116.80626678466797,0.23711851239204407,0.06325200200080872,0.9694194197654724,-64.16332244873047,238.26068115234375,116.80626678466797,-72.81622314453125,201.7650604248047,109.19249725341797,0.2260875403881073,0.9535768032073975,0.1989365816116333,-72.81622314453125,201.7650604248047,109.19249725341797,-70.72077941894531,193.04638671875,129.9148406982422,-0.09280402958393097,0.38613685965538025,-0.9177612066268921,-70.72077941894531,193.04638671875,129.9148406982422,-67.24906921386719,197.7689208984375,143.63674926757812,-0.2326677292585373,-0.3164956867694855,-0.9196174740791321,1113,51.15785598754883,14.559525489807129,-40.14499282836914,240.70033264160156,171.37277221679688,-44.85585403442383,236.90724182128906,118.34367370605469,0.08826319128274918,0.07106775045394897,0.9935587644577026,-44.85585403442383,236.90724182128906,118.34367370605469,-53.69635772705078,203.10069274902344,112.2148208618164,0.24919141829013824,0.9529210329055786,0.1727568507194519,-53.69635772705078,203.10069274902344,112.2148208618164,-55.218955993652344,196.6119384765625,133.1768341064453,0.06922129541635513,0.2949957251548767,-0.9529878497123718,-55.218955993652344,196.6119384765625,133.1768341064453,-53.64418029785156,202.25453186035156,146.80677795410156,-0.10614864528179169,-0.3803422152996063,-0.918734073638916,1114,40.1068115234375,12.93290901184082,-30.254270553588867,233.7092742919922,170.77610778808594,-27.602018356323242,231.87167358398438,121.474853515625,-0.053682003170251846,0.03719332814216614,0.9978651404380798,-27.602018356323242,231.87167358398438,121.474853515625,-37.07694625854492,206.45361328125,114.23497772216797,0.3374730050563812,0.9053271412849426,0.2578660845756531,-37.07694625854492,206.45361328125,114.23497772216797,-42.248748779296875,201.95953369140625,128.1720733642578,0.33301597833633423,0.2893769145011902,-0.897419273853302,-42.248748779296875,201.95953369140625,128.1720733642578,-43.24650955200195,206.44300842285156,141.06478881835938,0.07290130853652954,-0.32758471369743347,-0.9420051574707031
1,-56.15488052368164,232.5517578125,137.02220153808594,-0.05216888338327408,0.07762285321950912,-0.19864420592784882,-0.673632025718689,0.0581372044980526,-0.7367767691612244,-32.238807678222656,231.1953125,197.3160858154297,122.73399353027344,217.82052612304688,366.815673828125,1110,41.38172912597656,16.309661865234375,-64.23786163330078,224.0008087158203,188.037353515625,-64.23786163330078,224.0008087158203,188.037353515625,0.0,0.0,0.0,-64.23786163330078,224.0008087158203,188.037353515625,-84.0020980834961,211.30177307128906,152.5812225341797,0.4646837115287781,0.2985713481903076,0.8336212038993835,-84.0020980834961,211.30177307128906,152.5812225341797,-88.3372573852539,200.353759765625,128.20330810546875,0.1601298302412033,0.40439191460609436,0.9004585146903992,-88.3372573852539,200.353759765625,128.20330810546875,-85.69956970214844,191.732177734375,111.95396423339844,-0.1419404149055481,0.4639483690261841,0.8744168281555176,1111,46.694664001464844,15.578988075256348,-58.43677520751953,241.03564453125,178.86724853515625,-81.13623809814453,236.8087158203125,120.58908081054688,0.36211639642715454,0.06743067502975464,0.9296907186508179,-81.13623809814453,236.8087158203125,120.58908081054688,-86.52862548828125,235.99789428710938,86.91448974609375,0.15807314217090607,0.023768527433276176,0.9871413111686707,-86.52862548828125,235.99789428710938,86.91448974609375,-89.56234741210938,235.54173278808594,67.9693603515625,0.15807294845581055,0.02376842498779297,0.9871413707733154,-89.56234741210938,235.54173278808594,67.9693603515625,-91.69766235351562,233.38369750976562,54.74700927734375,0.1573973000049591,0.15907204151153564,0.9746395349502563,1112,53.2048225402832,15.300636291503906,-48.94662857055664,242.19558715820312,174.5467987060547,-62.686241149902344,237.94284057617188,116.86659240722656,0.23112623393535614,0.07153923064470291,0.9702900648117065,-62.686241149902344,237.94284057617188,116.86659240722656,-70.95597076416016,201.36538696289062,109.21977996826172,0.2160758674144745,0.9557150602340698,0.19979995489120483,-70.95597076416016,201.36538696289062,109.21977996826172,-68.82026672363281,192.60928344726562,129.92222595214844,-0.09458708018064499,0.38779449462890625,-0.9168798327445984,-68.82026672363281,192.60928344726562,129.92222595214844,-65.43238830566406,197.25643920898438,143.69073486328125,-0.22704960405826569,-0.31144413352012634,-0.9227410554885864,1113,51.15785598754883,14.559525489807129,-38.99304962158203,240.97354125976562,171.54550170898438,-43.372920989990234,236.82350158691406,118.51476287841797,0.08206172287464142,0.07775557041168213,0.9935894012451172,-43.372920989990234,236.82350158691406,118.51476287841797,-51.778987884521484,202.91184997558594,112.35543823242188,0.23694582283496857,0.9558839201927185,0.17361582815647125,-51.778987884521484,202.91184997558594,112.35543823242188,-53.36622619628906,196.41641235351562,133.31057739257812,0.0721600279211998,0.2952996790409088,-0.9526757597923279,-53.36622619628906,196.41641235351562,133.31057739257812,-51.9590950012207,202.0404052734375,146.96652221679688,-0.09484847635030746,-0.379088431596756,-0.9204866886138916,1114,40.1068115234375,12.93290901184082,-29.01857566833496,234.0950469970703,171.0419158935547,-26.078832626342773,232.0074920654297,121.76691436767578,-0.05950085073709488,0.04225243255496025,0.9973336458206177,-26.078832626342773,232.0074920654297,121.76691436767578,-35.253700256347656,206.49139404296875,114.48554229736328,0.3267856240272522,0.9088189601898193,0.25934407114982605,-35.253700256347656,206.49139404296875,114.48554229736328,-40.333106994628906,201.91050720214844,128.4283447265625,0.32706671953201294,0.2949666678905487,-0.8977872729301453,-40.333106994628906,201.91050720214844,128.4283447265625,-41.36273193359375,206.33700561523438,141.33822631835938,0.07522948086261749,-0.323421835899353,-0.9432597160339355
1,-54.77370834350586,232.50706481933594,137.23902893066406,-0.04318442568182945,0.07776349037885666,-0.1978733241558075,-0.6753883957862854,0.05992855876684189,-0.7350232005119324,-30.908369064331055,231.18479919433594,197.54742431640625,124.46849060058594,217.3979034423828,366.6435852050781,1110,41.38172912597656,16.309661865234375,-62.854637145996094,223.78538513183594,188.22560119628906,-62.854637145996094,223.78538513183594,188.22560119628906,0.0,0.0,0.0,-62.854637145996094,223.78538513183594,188.22560119628906,-82.36231994628906,210.96987915039062,152.66941833496094,0.4586516320705414,0.30130964517593384,0.8359732627868652,-82.36231994628906,210.96987915039062,152.66941833496094,-86.52151489257812,200.03494262695312,128.25502014160156,0.15363024175167084,0.4039091467857361,0.9018067121505737,-86.52151489257812,200.03494262695312,128.25502014160156,-83.74381256103516,191.47128295898438,111.99838256835938,-0.14947496354579926,0.46083149313926697,0.8748094439506531,1111,46.694664001464844,15.578988075256348,-57.1919059753418,240.888916015625,179.09698486328125,-79.76795959472656,236.57376098632812,120.7773666381836,0.36014771461486816,0.06883812695741653,0.9303520321846008,-79.76795959472656,236.57376098632812,120.7773666381836,-85.00225830078125,235.8685302734375,87.07546997070312,0.15343892574310303,0.020673226565122604,0.9879418611526489,-85.00225830078125,235.8685302734375,87.07546997070312,-87.94703674316406,235.47178649902344,68.11497497558594,0.1534385234117508,0.020672447979450226,0.9879419803619385,-87.94703674316406,235.47178649902344,68.11497497558594,-90.00375366210938,233.33450317382812,54.87679672241211,0.15160363912582397,0.15754231810569763,0.9758056998252869,1112,53.2048225402832,15.300636291503906,-47.7061653137207,242.14158630371094,174.79278564453125,-61.32338333129883,237.8790740966797,117.08427429199219,0.22906731069087982,0.07170350104570389,0.9707660675048828,-61.32338333129883,237.8790740966797,117.08427429199219,-69.31954193115234,201.28945922851562,109.20812225341797,0.20892785489559174,0.9560328125953674,0.20579226315021515,-69.31954193115234,201.28945922851562,109.20812225341797,-67.09978485107422,192.37086486816406,129.83221435546875,-0.09830966591835022,0.3949909806251526,-0.9134096503257751,-67.09978485107422,192.37086486816406,129.83221435546875,-63.74000549316406,196.86355590820312,143.6587677001953,-0.22516627609729767,-0.3010919392108917,-0.9266303777694702,1113,51.15785598754883,14.559525489807129,-37.73775100708008,241.01390075683594,171.80380249023438,-42.003292083740234,236.9282684326172,118.75874328613281,0.07991962134838104,0.07654882967472076,0.993857741355896,-42.003292083740234,236.9282684326172,118.75874328613281,-50.09333801269531,202.9769287109375,112.39814758300781,0.2280379980802536,0.9570026397705078,0.17928914725780487,-50.09333801269531,202.9769287109375,112.39814758300781,-51.671905517578125,196.34872436523438,133.3123321533203,0.07176581770181656,0.30133554339408875,-0.9508137106895447,-51.671905517578125,196.34872436523438,133.3123321533203,-50.35825729370117,201.8596954345703,147.0235595703125,-0.08854718506336212,-0.37147003412246704,-0.9242128729820251,1114,40.1068115234375,12.93290901184082,-27.7017822265625,234.225341796875,171.30162048339844,-24.671817779541016,232.25985717773438,122.0270767211914,-0.06132696568965912,0.03978172317147255,0.9973246455192566,-24.671817779541016,232.25985717773438,122.0270767211914,-33.663665771484375,206.7234344482422,114.59029388427734,0.32026687264442444,0.9095427989959717,0.26487940549850464,-33.663665771484375,206.7234344482422,114.59029388427734,-38.593833923339844,201.98312377929688,128.5333709716797,0.31745725870132446,0.3052321970462799,-0.8978052735328674,-38.593833923339844,201.98312377929688,128.5333709716797,-39.576171875,206.27133178710938,141.4935302734375,0.07177438586950302,-0.31331732869148254,-0.9469322562217712
1,-53.31401062011719,232.21376037597656,137.25289916992188,-0.03962833806872368,0.07567422837018967,-0.19697356224060059,-0.6768454313278198,0.06308875232934952,-0.733416736125946,-29.489545822143555,230.99476623535156,197.57327270507812,126.22251892089844,216.48085021972656,366.29986572265625,1110,41.38172912597656,16.309661865234375,-61.42264175415039,223.5343780517578,188.24227905273438,-61.42264175415039,223.5343780517578,188.24227905273438,0.0,0.0,0.0,-61.42264175415039,223.5343780517578,188.24227905273438,-80.69060516357422,210.5797119140625,152.6059112548828,0.45301553606987,0.30458149313926697,0.8378586173057556,-80.69060516357422,210.5797119140625,152.6059112548828,-84.72024536132812,199.6025848388672,128.18870544433594,0.14884471893310547,0.40546733140945435,0.9019098281860352,-84.72024536132812,199.6025848388672,128.18870544433594,-81.78463745117188,191.02452087402344,111.96745300292969,-0.1579722762107849,0.4616067111492157,0.8729054927825928,1111,46.694664001464844,15.578988075256348,-55.80896759033203,240.64486694335938,179.09645080566406,-78.30348205566406,236.17086791992188,120.75729370117188,0.3588469624519348,0.07137210667133331,0.9306637644767761,-78.30348205566406,236.17086791992188,120.75729370117188,-83.40145874023438,235.4906463623047,87.03398895263672,0.14944274723529816,0.019940102472901344,0.9885693192481995,-83.40145874023438,235.4906463623047,87.03398895263672,-86.26954650878906,235.1079559326172,68.06145477294922,0.14944253861904144,0.019940195605158806,0.9885693788528442,-86.26954650878906,235.1079559326172,68.06145477294922,-88.26609802246094,232.9612579345703,54.81559753417969,0.147168830037117,0.15823635458946228,0.9763721823692322,1112,53.2048225402832,15.300636291503906,-46.32273864746094,241.924560546875,174.80126953125,-59.85935592651367,237.53518676757812,117.08331298828125,0.22771146893501282,0.07383755594491959,0.9709250926971436,-59.85935592651367,237.53518676757812,117.08331298828125,-67.7643814086914,200.9478759765625,109.10504913330078,0.2065465897321701,0.9559721946716309,0.20846021175384521,-67.7643814086914,200.9478759765625,109.10504913330078,-65.53009796142578,191.9300537109375,129.68435668945312,-0.09895309060811996,0.399385929107666,-0.9114269018173218,-65.53009796142578,191.9300537109375,129.68435668945312,-62.18972396850586,196.2978515625,143.55557250976562,-0.2238655388355255,-0.29272153973579407,-0.9296225905418396,1113,51.15785598754883,14.559525489807129,-36.347068786621094,240.82740783691406,171.82516479492188,-40.53799819946289,236.65382385253906,118.78099822998047,0.07852167636156082,0.0781966969370842,0.9938408732414246,-40.53799819946289,236.65382385253906,118.78099822998047,-48.49763488769531,202.68719482421875,112.33805847167969,0.22436212003231049,0.9574337601661682,0.18161024153232574,-48.49763488769531,202.68719482421875,112.33805847167969,-50.09538650512695,196.00376892089844,133.2332000732422,0.07263798266649246,0.3038460910320282,-0.9499480128288269,-50.09538650512695,196.00376892089844,133.2332000732422,-48.83894729614258,201.4427490234375,146.97850036621094,-0.08469094336032867,-0.3666172921657562,-0.9265091419219971,1114,40.1068115234375,12.93290901184082,-26.287017822265625,234.07308959960938,171.34375,-23.19414520263672,232.05018615722656,122.07543182373047,-0.06260023266077042,0.04094388335943222,0.9971985220909119,-23.19414520263672,232.05018615722656,122.07543182373047,-32.13105010986328,206.5120849609375,114.57845306396484,0.3183099925518036,0.9096026420593262,0.2670234441757202,-32.13105010986328,206.5120849609375,114.57845306396484,-36.959495544433594,201.69491577148438,128.53079223632812,0.3109070658683777,0.31018099188804626,-0.898401141166687,-36.959495544433594,201.69491577148438,128.53079223632812,-37.890201568603516,205.90463256835938,141.5204620361328,0.06800190359354019,-0.3075823485851288,-0.9490883350372314
1,-51.86124801635742,232.1774139404297,137.42501831054688,-0.032792992889881134,0.07212189584970474,-0.19491510093212128,-0.6784523725509644,0.06837189197540283,-0.7314558625221252,-28.14633560180664,231.1396484375,197.7812042236328,127.93540954589844,215.41030883789062,366.05670166015625,1110,41.38172912597656,16.309661865234375,-60.03981018066406,223.5559539794922,188.41305541992188,-60.03981018066406,223.5559539794922,188.41305541992188,0.0,0.0,0.0,-60.03981018066406,223.5559539794922,188.41305541992188,-78.92247772216797,210.34878540039062,152.66331481933594,0.44395676255226135,0.31051820516586304,0.8405241966247559,-78.92247772216797,210.34878540039062,152.66331481933594,-82.70446014404297,199.28419494628906,128.2459716796875,0.1396968811750412,0.40869802236557007,0.9019150137901306,-82.70446014404297,199.28419494628906,128.2459716796875,-79.5121841430664,190.68382263183594,112.08512878417969,-0.17178425192832947,0.4628072679042816,0.8696548938751221,1111,46.694664001464844,15.578988075256348,-54.51728820800781,240.6833953857422,179.24349975585938,-76.83505249023438,235.93167114257812,120.85842895507812,0.3560272455215454,0.07580254226922989,0.931395947933197,-76.83505249023438,235.93167114257812,120.85842895507812,-81.73538208007812,235.21693420410156,87.10655212402344,0.1436488926410675,0.0209518913179636,0.9894068837165833,-81.73538208007812,235.21693420410156,87.10655212402344,-84.49227905273438,234.81483459472656,68.1179428100586,0.1436489075422287,0.020951515063643456,0.9894068837165833,-84.49227905273438,234.81483459472656,68.1179428100586,-86.39796447753906,232.62875366210938,54.86513900756836,0.14047090709209442,0.16113926470279694,0.9768838286399841,1112,53.2048225402832,15.300636291503906,-45.029048919677734,242.01687622070312,174.96917724609375,-58.391258239746094,237.41085815429688,117.22746276855469,0.22477760910987854,0.07748192548751831,0.9713247418403625,-58.391258239746094,237.41085815429688,117.22746276855469,-66.08021545410156,200.79736328125,109.15872955322266,0.2009011209011078,0.9566566944122314,0.210824117064476,-66.08021545410156,200.79736328125,109.15872955322266,-63.82554244995117,191.71322631835938,129.70663452148438,-0.09985607117414474,0.4023227393627167,-0.9100357890129089,-63.82554244995117,191.71322631835938,129.70663452148438,-60.534358978271484,195.98287963867188,143.62008666992188,-0.22056907415390015,-0.28614434599876404,-0.9324540495872498,1113,51.15785598754883,14.559525489807129,-35.038856506347656,240.97970581054688,172.0203857421875,-39.06877899169922,236.6620330810547,118.97528076171875,0.07550504058599472,0.08089635521173477,0.9938584566116333,-39.06877899169922,236.6620330810547,118.97528076171875,-46.780670166015625,202.64947509765625,112.4735336303711,0.21737872064113617,0.958728015422821,0.18326781690120697,-46.780670166015625,202.64947509765625,112.4735336303711,-48.40226745605469,195.93072509765625,133.3555145263672,0.07372204214334488,0.305451899766922,-0.9493493437767029,-48.40226745605469,195.93072509765625,133.3555145263672,-47.238521575927734,201.31243896484375,147.1314697265625,-0.07844296097755432,-0.36275750398635864,-0.9285761713981628,1114,40.1068115234375,12.93290901184082,-24.932863235473633,234.29156494140625,171.57899475097656,-21.702972412109375,232.18133544921875,122.32312774658203,-0.0653734877705574,0.042711369693279266,0.9969463348388672,-21.702972412109375,232.18133544921875,122.32312774658203,-30.505422592163086,206.60984802246094,114.78101348876953,0.3135210871696472,0.9107918739318848,0.26863110065460205,-30.505422592163086,206.60984802246094,114.78101348876953,-35.21678161621094,201.71490478515625,128.74630737304688,0.3033677637577057,0.3151888847351074,-0.899235188961029,-35.21678161621094,201.71490478515625,128.74630737304688,-36.10952377319336,205.85157775878906,141.76206970214844,0.06522813439369202,-0.30224570631980896,-0.950995683670044
1,-50.32598114013672,232.06576538085938,137.5666961669922,-0.028664877638220787,0.06927657872438431,-0.19261673092842102,-0.6794037818908691,0.07395869493484497,-0.7300278544425964,-26.7318058013916,231.15049743652344,197.96255493164062,129.56881713867188,214.13589477539062,365.9095153808594,1110,41.38172912597656,16.309661865234375,-58.60011291503906,223.51559448242188,188.55133056640625,-58.60011291503906,223.51559448242188,188.55133056640625,0.0,0.0,0.0,-58.60011291503906,223.51559448242188,188.55133056640625,-77.1197738647461,210.12734985351562,152.6792449951172,0.43542182445526123,0.31477540731430054,0.8434003591537476,-77.1197738647461,210.12734985351562,152.6792449951172,-80.67455291748047,198.9975128173828,128.25743103027344,0.13130460679531097,0.41110819578170776,0.9020804166793823,-80.67455291748047,198.9975128173828,128.25743103027344,-77.24005889892578,190.37460327148438,112.15837097167969,-0.18481853604316711,0.46401989459991455,0.8663299083709717,1111,46.694664001464844,15.578988075256348,-53.12208557128906,240.6461181640625,179.36083984375,-75.27220153808594,235.6873779296875,120.92916870117188,0.3533529043197632,0.07910501211881638,0.9321395754814148,-75.27220153808594,235.6873779296875,120.92916870117188,-79.97948455810547,234.9627227783203,87.15003967285156,0.13798992335796356,0.021242637187242508,0.9902058839797974,-79.97948455810547,234.9627227783203,87.15003967285156,-82.62663269042969,234.48605346679688,68.14754486083984,0.13793042302131653,0.024836992844939232,0.9901304841041565,-82.62663269042969,234.48605346679688,68.14754486083984,-84.44611358642578,232.21319580078125,54.8972282409668,0.13411667943000793,0.16753576695919037,0.9767007827758789,1112,53.2048225402832,15.300636291503906,-43.62834548950195,242.00848388671875,175.10789489746094,-56.82522201538086,237.23223876953125,117.34199523925781,0.22199639678001404,0.08034546673297882,0.9717315435409546,-56.82522201538086,237.23223876953125,117.34199523925781,-64.39448547363281,200.6162109375,109.1722412109375,0.19777370989322662,0.9567229151725769,0.2134636491537094,-64.39448547363281,200.6162109375,109.1722412109375,-62.14808654785156,191.45887756347656,129.68853759765625,-0.09948962181806564,0.40556448698043823,-0.9086358547210693,-62.14808654785156,191.45887756347656,129.68853759765625,-58.89701461791992,195.62477111816406,143.64280700683594,-0.2178809940814972,-0.27919068932533264,-0.9351900815963745,1113,51.15785598754883,14.559525489807129,-33.62665557861328,241.0049285888672,172.18658447265625,-37.50444412231445,236.56353759765625,119.14036560058594,0.07265465706586838,0.08321437239646912,0.9938795566558838,-37.50444412231445,236.56353759765625,119.14036560058594,-45.05944061279297,202.52899169921875,112.56982421875,0.21295621991157532,0.9593477249145508,0.18520693480968475,-45.05944061279297,202.52899169921875,112.56982421875,-46.72277069091797,195.77757263183594,133.43797302246094,0.07561935484409332,0.30693724751472473,-0.9487208724021912,-46.72277069091797,195.77757263183594,133.43797302246094,-45.63673400878906,201.0975799560547,147.2442169189453,-0.0732048824429512,-0.3585979640483856,-0.9306172728538513,1114,40.1068115234375,12.93290901184082,-23.493188858032227,234.35598754882812,171.7845001220703,-20.129619598388672,232.1584930419922,122.54139709472656,-0.0680791586637497,0.04447762668132782,0.9966880083084106,-20.129619598388672,232.1584930419922,122.54139709472656,-28.86228370666504,206.57701110839844,114.95219421386719,0.3110354542732239,0.9111477732658386,0.2703082263469696,-28.86228370666504,206.57701110839844,114.95219421386719,-33.47813034057617,201.62257385253906,128.9283905029297,0.29721781611442566,0.3190199136734009,-0.8999377489089966,-33.47813034057617,201.62257385253906,128.9283905029297,-34.329833984375,205.69090270996094,141.9684295654297,0.06222962960600853,-0.29725196957588196,-0.9527689814567566
1,-48.74904251098633,231.97259521484375,137.67855834960938,-0.024933675304055214,0.06632434576749802,-0.18932625651359558,-0.6798126697540283,0.08078449964523315,-0.7289229035377502,-25.331876754760742,231.17002868652344,198.1338653564453,131.0628204345703,212.58511352539062,365.8266296386719,1110,41.38172912597656,16.309661865234375,-57.17134094238281,223.50689697265625,188.6530303955078,-57.17134094238281,223.50689697265625,188.6530303955078,0.0,0.0,0.0,-57.17134094238281,223.50689697265625,188.6530303955078,-75.28582000732422,209.96534729003906,152.6319122314453,0.4258955419063568,0.31837987899780273,0.8469045162200928,-75.28582000732422,209.96534729003906,152.6319122314453,-78.56288146972656,198.77603149414062,128.19842529296875,0.12104637920856476,0.4133050739765167,0.9025112986564636,-78.56288146972656,198.77603149414062,128.19842529296875,-74.81135559082031,190.129638671875,112.18293762207031,-0.2018788754940033,0.46528375148773193,0.8618329763412476,1111,46.694664001464844,15.578988075256348,-51.72128677368164,240.6360626220703,179.4434051513672,-73.64949035644531,235.46954345703125,120.9460678100586,0.349812775850296,0.08241962641477585,0.9331870079040527,-73.64949035644531,235.46954345703125,120.9460678100586,-78.12944030761719,234.70147705078125,87.13699340820312,0.131325826048851,0.022515198215842247,0.991083562374115,-78.12944030761719,234.70147705078125,87.13699340820312,-80.6465072631836,234.10537719726562,68.12019348144531,0.1311524659395218,0.03105994686484337,0.9908755421638489,-80.6465072631836,234.10537719726562,68.12019348144531,-82.36565399169922,231.7134246826172,54.87744903564453,0.12672093510627747,0.17631447315216064,0.976142942905426,1112,53.2048225402832,15.300636291503906,-42.21757507324219,242.02230834960938,175.22056579589844,-55.19561004638672,237.07119750976562,117.41980743408203,0.2183150202035904,0.08328702300786972,0.9723177552223206,-55.19561004638672,237.07119750976562,117.41980743408203,-62.64280319213867,200.4453125,109.18234252929688,0.1945842206478119,0.9569805264472961,0.21523284912109375,-62.64280319213867,200.4453125,109.18234252929688,-60.43205261230469,191.24085998535156,129.68142700195312,-0.09791077673435211,0.4076511859893799,-0.907873272895813,-60.43205261230469,191.24085998535156,129.68142700195312,-57.236351013183594,195.33139038085938,143.67074584960938,-0.21417005360126495,-0.2741398513317108,-0.9375385046005249,1113,51.15785598754883,14.559525489807129,-32.202274322509766,241.04739379882812,172.33641052246094,-35.87900924682617,236.474365234375,119.28704833984375,0.06888768076896667,0.08568073064088821,0.9939382672309875,-35.87900924682617,236.474365234375,119.28704833984375,-43.28725814819336,202.41456604003906,112.68047332763672,0.2088198959827423,0.9600600004196167,0.18622271716594696,-43.28725814819336,202.41456604003906,112.68047332763672,-45.00993728637695,195.65708923339844,133.54185485839844,0.07831747829914093,0.3072125017642975,-0.9484127163887024,-45.00993728637695,195.65708923339844,133.54185485839844,-44.00736999511719,200.9378204345703,147.36947631835938,-0.06757857650518417,-0.3559504747390747,-0.9320581555366516,1114,40.1068115234375,12.93290901184082,-22.044225692749023,234.43321228027344,171.9845428466797,-18.500850677490234,232.13796997070312,122.75851440429688,-0.07171845436096191,0.04645605757832527,0.9963424205780029,-18.500850677490234,232.13796997070312,122.75851440429688,-27.173280715942383,206.54232788085938,115.1479721069336,0.3088899552822113,0.9116518497467041,0.2710682153701782,-27.173280715942383,206.54232788085938,115.1479721069336,-31.709314346313477,201.55130004882812,129.1372833251953,0.29207843542099,0.32137584686279297,-0.9007816910743713,-31.709314346313477,201.55130004882812,129.1372833251953,-32.52811050415039,205.57144165039062,142.19435119628906,0.05982530117034912,-0.2937314510345459,-0.9540140628814697
1,-47.11366271972656,231.87367248535156,137.87973022460938,-0.010094458237290382,0.06043826416134834,-0.1875765323638916,-0.6801039576530457,0.08900903165340424,-0.7276922464370728,-23.832136154174805,231.4028778076172,198.37448120117188,132.6295623779297,210.92584228515625,365.7841491699219,1110,41.38172912597656,16.309661865234375,-55.54512023925781,223.44058227539062,188.85809326171875,-55.54512023925781,223.44058227539062,188.85809326171875,0.0,0.0,0.0,-55.54512023925781,223.44058227539062,188.85809326171875,-73.23200225830078,209.55398559570312,152.75595092773438,0.4158422648906708,0.3264924883842468,0.8488097190856934,-73.23200225830078,209.55398559570312,152.75595092773438,-76.2232666015625,198.27195739746094,128.32843017578125,0.11048971861600876,0.41672950983047485,0.9022906422615051,-76.2232666015625,198.27195739746094,128.32843017578125,-72.25269317626953,189.64845275878906,112.35346221923828,-0.21366636455059052,0.46405208110809326,0.8596524596214294,1111,46.694664001464844,15.578988075256348,-50.3227653503418,240.61978149414062,179.6098175048828,-72.01856231689453,234.95364379882812,121.07209014892578,0.3461052179336548,0.09038984775543213,0.9338312745094299,-72.01856231689453,234.95364379882812,121.07209014892578,-76.24518585205078,234.13291931152344,87.23165130615234,0.12389978766441345,0.02405882254242897,0.9920029640197754,-76.24518585205078,234.13291931152344,87.23165130615234,-78.61328125,233.39266967773438,68.20079040527344,0.12339026480913162,0.038570914417505264,0.9916083216667175,-78.61328125,233.39266967773438,68.20079040527344,-80.19640350341797,230.86634826660156,54.96603775024414,0.11669433861970901,0.1862189769744873,0.9755536913871765,1112,53.2048225402832,15.300636291503906,-40.829322814941406,242.13253784179688,175.4073486328125,-53.58094787597656,236.81532287597656,117.5887222290039,0.2145063728094101,0.0894455835223198,0.9726183414459229,-53.58094787597656,236.81532287597656,117.5887222290039,-60.501686096191406,200.1070098876953,109.25952911376953,0.18082870543003082,0.9591342210769653,0.2176295667886734,-60.501686096191406,200.1070098876953,109.25952911376953,-58.22868728637695,190.86349487304688,129.7342071533203,-0.10066769272089005,0.40938135981559753,-0.9067926406860352,-58.22868728637695,190.86349487304688,129.7342071533203,-55.13554382324219,194.89381408691406,143.7639923095703,-0.20729687809944153,-0.27010470628738403,-0.940250813961029,1113,51.15785598754883,14.559525489807129,-30.793230056762695,241.29598999023438,172.55215454101562,-34.262657165527344,236.5078582763672,119.50782012939453,0.06500355154275894,0.08971094340085983,0.9938442707061768,-34.262657165527344,236.5078582763672,119.50782012939453,-41.14616012573242,202.34654235839844,112.85791015625,0.1940285861492157,0.9629213213920593,0.18744419515132904,-41.14616012573242,202.34654235839844,112.85791015625,-42.83985900878906,195.5508575439453,133.70924377441406,0.07699999213218689,0.30894964933395386,-0.9479563236236572,-42.83985900878906,195.5508575439453,133.70924377441406,-41.97174835205078,200.79067993164062,147.56149291992188,-0.058515485376119614,-0.35319316387176514,-0.9337186217308044,1114,40.1068115234375,12.93290901184082,-20.53832244873047,234.83062744140625,172.24700927734375,-16.831941604614258,232.4376678466797,123.03765106201172,-0.07501774281263351,0.04843388497829437,0.9960052967071533,-16.831941604614258,232.4376678466797,123.03765106201172,-25.171720504760742,206.7383270263672,115.40486907958984,0.2970419228076935,0.9153457880020142,0.2718604803085327,-25.171720504760742,206.7383270263672,115.40486907958984,-29.54127311706543,201.6422576904297,129.40928649902344,0.2813587188720703,0.32813969254493713,-0.9017547965049744,-29.54127311706543,201.6422576904297,129.40928649902344,-30.34406852722168,205.59017944335938,142.4893798828125,0.05865614488720894,-0.2884543836116791,-0.9556953310966492
1,-45.363136291503906,231.91384887695312,138.19345092773438,-0.0053044832311570644,0.05669369921088219,-0.18239328265190125,-0.680665910243988,0.10025949776172638,-0.7257009744644165,-22.358802795410156,231.5607147216797,198.7759552001953,134.23219299316406,208.49546813964844,365.7275085449219,1110,41.38172912597656,16.309661865234375,-54.03262710571289,223.5877227783203,189.1494598388672,-54.03262710571289,223.5877227783203,189.1494598388672,0.0,0.0,0.0,-54.03262710571289,223.5877227783203,189.1494598388672,-71.32144165039062,209.52525329589844,152.9227752685547,0.40648308396339417,0.3306274116039276,0.8517376780509949,-71.32144165039062,209.52525329589844,152.9227752685547,-74.04734802246094,198.17294311523438,128.4967803955078,0.10068812966346741,0.4193257987499237,0.9022348523139954,-74.04734802246094,198.17294311523438,128.4967803955078,-69.8393325805664,189.52877807617188,112.59391784667969,-0.22644366323947906,0.4651637673377991,0.8557721376419067,1111,46.694664001464844,15.578988075256348,-48.837158203125,240.76385498046875,179.88038635253906,-70.1902084350586,234.83432006835938,121.24281311035156,0.34063759446144104,0.09459175169467926,0.935424268245697,-70.1902084350586,234.83432006835938,121.24281311035156,-74.11744689941406,233.97970581054688,87.3671646118164,0.11512358486652374,0.025052275508642197,0.9930352568626404,-74.11744689941406,233.97970581054688,87.3671646118164,-76.3118896484375,233.12074279785156,68.32048034667969,0.11434204131364822,0.04475650191307068,0.992432713508606,-76.3118896484375,233.12074279785156,68.32048034667969,-77.7610092163086,230.4611053466797,55.096500396728516,0.10681679844856262,0.1960459053516388,0.974759578704834,1112,53.2048225402832,15.300636291503906,-39.327964782714844,242.30726623535156,175.7249298095703,-51.74251937866211,236.76882934570312,117.85375213623047,0.20883628726005554,0.09316698461771011,0.9735026359558105,-51.74251937866211,236.76882934570312,117.85375213623047,-58.49102783203125,200.05609130859375,109.40355682373047,0.17632853984832764,0.9592495560646057,0.22079110145568848,-58.49102783203125,200.05609130859375,109.40355682373047,-56.301055908203125,190.73887634277344,129.85385131835938,-0.09699060767889023,0.4126456379890442,-0.9057132005691528,-56.301055908203125,190.73887634277344,129.85385131835938,-53.302978515625,194.67068481445312,143.93215942382812,-0.20092549920082092,-0.2635023891925812,-0.9435016512870789,1113,51.15785598754883,14.559525489807129,-29.272926330566406,241.50765991210938,172.92640686035156,-32.433719635009766,236.55349731445312,119.87801361083984,0.05922093987464905,0.09282168745994568,0.9939199686050415,-32.433719635009766,236.55349731445312,119.87801361083984,-39.12041473388672,202.3681640625,113.15115356445312,0.18848107755184174,0.9635983109474182,0.1896132230758667,-39.12041473388672,202.3681640625,113.15115356445312,-40.91343688964844,195.5364990234375,133.982421875,0.08151546120643616,0.3105853199958801,-0.947043776512146,-40.91343688964844,195.5364990234375,133.982421875,-40.16442108154297,200.719970703125,147.86279296875,-0.050487834960222244,-0.34939485788345337,-0.935614287853241,1114,40.1068115234375,12.93290901184082,-18.987707138061523,235.08753967285156,172.6951446533203,-15.004339218139648,232.57159423828125,123.51355743408203,-0.08062397688627243,0.050923123955726624,0.9954429268836975,-15.004339218139648,232.57159423828125,123.51355743408203,-23.22092628479004,206.84779357910156,115.82971954345703,0.2926540672779083,0.9162167906761169,0.27367889881134033,-23.22092628479004,206.84779357910156,115.82971954345703,-27.566905975341797,201.70217895507812,129.82334899902344,0.279840886592865,0.33132997155189514,-0.9010602831840515,-27.566905975341797,201.70217895507812,129.82334899902344,-28.399019241333008,205.5965576171875,142.9176483154297,0.060798268765211105,-0.28454235196113586,-0.9567335844039917
1,-43.729576110839844,231.90310668945312,138.38552856445312,-0.014657780528068542,0.07288903743028641,-0.18205730617046356,-0.6823810338973999,0.11188725382089615,-0.7223831415176392,-20.699548721313477,230.50729370117188,198.94378662109375,136.2860107421875,204.7670135498047,365.1320495605469,1110,41.38172912597656,16.309661865234375,-52.47568130493164,222.92129516601562,189.21693420410156,-52.47568130493164,222.92129516601562,189.21693420410156,0.0,0.0,0.0,-52.47568130493164,222.92129516601562,189.21693420410156,-69.69166564941406,209.41065979003906,152.7463836669922,0.40477079153060913,0.317653089761734,0.8574713468551636,-69.69166564941406,209.41065979003906,152.7463836669922,-72.1983642578125,198.33628845214844,128.16976928710938,0.09259111434221268,0.4090593159198761,0.9077981114387512,-72.1983642578125,198.33628845214844,128.16976928710938,-67.63607788085938,189.83949279785156,112.28518676757812,-0.2455078661441803,0.4572334885597229,0.8547884821891785,1111,46.694664001464844,15.578988075256348,-47.120174407958984,240.18060302734375,180.19676208496094,-68.52854919433594,235.3004150390625,121.48268127441406,0.3415200710296631,0.07785187661647797,0.9366445541381836,-68.52854919433594,235.3004150390625,121.48268127441406,-72.19706726074219,234.92674255371094,87.56932830810547,0.10753942281007767,0.010953884571790695,0.9941405057907104,-72.19706726074219,234.92674255371094,87.56932830810547,-74.24319458007812,234.15113830566406,68.5025634765625,0.10661400109529495,0.040413063019514084,0.9934787750244141,-74.24319458007812,234.15113830566406,68.5025634765625,-75.60453033447266,231.5451202392578,55.25859832763672,0.100346140563488,0.19209358096122742,0.9762329459190369,1112,53.2048225402832,15.300636291503906,-37.597042083740234,241.69515991210938,176.06265258789062,-50.06364822387695,237.1114501953125,118.11920928955078,0.20971186459064484,0.07710665464401245,0.9747182130813599,-50.06364822387695,237.1114501953125,118.11920928955078,-56.89128494262695,200.59869384765625,108.90101623535156,0.1783960461616516,0.9540243148803711,0.24085775017738342,-56.89128494262695,200.59869384765625,108.90101623535156,-55.23472595214844,190.9336395263672,129.23974609375,-0.07336650788784027,0.4280507266521454,-0.9007717967033386,-55.23472595214844,190.9336395263672,129.23974609375,-52.523189544677734,194.65737915039062,143.43226623535156,-0.18172207474708557,-0.24955803155899048,-0.9511560201644897,1113,51.15785598754883,14.559525489807129,-27.549951553344727,240.84230041503906,173.25132751464844,-30.757667541503906,236.68653869628906,120.13724517822266,0.060100097209215164,0.07786278426647186,0.9951509237289429,-30.757667541503906,236.68653869628906,120.13724517822266,-37.75271224975586,202.70228576660156,112.73867797851562,0.19717270135879517,0.9579305648803711,0.20854699611663818,-37.75271224975586,202.70228576660156,112.73867797851562,-39.6140251159668,195.56272888183594,133.46041870117188,0.08462014049291611,0.32458287477493286,-0.9420644044876099,-39.6140251159668,195.56272888183594,133.46041870117188,-38.81576919555664,200.5404815673828,147.4131622314453,-0.05380687490105629,-0.3355281352996826,-0.9404922723770142,1114,40.1068115234375,12.93290901184082,-17.32514190673828,234.33042907714844,172.92559814453125,-13.366181373596191,232.48983764648438,123.7121353149414,-0.08012997359037399,0.03725385293364525,0.9960880875587463,-13.366181373596191,232.48983764648438,123.7121353149414,-21.882741928100586,207.01258850097656,115.5484619140625,0.3033384084701538,0.9074353575706482,0.29076945781707764,-21.882741928100586,207.01258850097656,115.5484619140625,-26.14276885986328,201.62599182128906,129.47769165039062,0.2743062376976013,0.34684687852859497,-0.8969132304191589,-26.14276885986328,201.62599182128906,129.47769165039062,-26.853944778442383,205.16880798339844,142.6785125732422,0.05196203663945198,-0.2588557004928589,-0.96451735496521
1,-41.966697692871094,231.70726013183594,138.60142517089844,-0.022578813135623932,0.08033546060323715,-0.18045003712177277,-0.6842228174209595,0.12076963484287262,-0.7192035913467407,-18.976289749145508,229.77127075195312,199.15542602539062,138.4329833984375,201.987548828125,364.6122131347656,1110,41.38172912597656,16.309661865234375,-50.84117889404297,222.4907989501953,189.36854553222656,-50.84117889404297,222.4907989501953,189.36854553222656,0.0,0.0,0.0,-50.84117889404297,222.4907989501953,189.36854553222656,-67.9427490234375,209.1660919189453,152.77597045898438,0.40208080410957336,0.31328171491622925,0.860340416431427,-67.9427490234375,209.1660919189453,152.77597045898438,-70.19425201416016,198.13670349121094,128.1544647216797,0.08316483348608017,0.4073977470397949,0.9094562530517578,-70.19425201416016,198.13670349121094,128.1544647216797,-65.27154541015625,189.64804077148438,112.37347412109375,-0.26490291953086853,0.45679575204849243,0.8492137789726257,1111,46.694664001464844,15.578988075256348,-45.337852478027344,239.7605438232422,180.45799255371094,-66.71880340576172,235.4041290283203,121.6927490234375,0.34108269214630127,0.06949633359909058,0.9374609589576721,-66.71880340576172,235.4041290283203,121.6927490234375,-70.15067291259766,235.31680297851562,87.752685546875,0.10060226172208786,0.0025598870124667883,0.9949234127998352,-70.15067291259766,235.31680297851562,87.752685546875,-72.06407165527344,234.54312133789062,68.67206573486328,0.09969814866781235,0.04031288996338844,0.9942007660865784,-72.06407165527344,234.54312133789062,68.67206573486328,-73.34638214111328,231.91246032714844,55.425086975097656,0.09452107548713684,0.19391006231307983,0.9764551520347595,1112,53.2048225402832,15.300636291503906,-35.79830551147461,241.2236785888672,176.34327697753906,-48.23626708984375,237.0876007080078,118.3600082397461,0.20923000574111938,0.06957664340734482,0.9753881096839905,-48.23626708984375,237.0876007080078,118.3600082397461,-55.22295379638672,200.72506713867188,108.67884826660156,0.18255183100700378,0.9500994086265564,0.2529544532299042,-55.22295379638672,200.72506713867188,108.67884826660156,-53.91035842895508,190.80438232421875,128.91937255859375,-0.05813286080956459,0.43937212228775024,-0.8964222073554993,-53.91035842895508,190.80438232421875,128.91937255859375,-51.35138702392578,194.38084411621094,143.1779327392578,-0.17149758338928223,-0.2396879345178604,-0.9555826783180237,1113,51.15785598754883,14.559525489807129,-25.755205154418945,240.30740356445312,173.5376434326172,-28.936569213867188,236.49623107910156,120.39613342285156,0.059606362134218216,0.07140651345252991,0.9956647157669067,-28.936569213867188,236.49623107910156,120.39613342285156,-36.17995834350586,202.66299438476562,112.55744934082031,0.20417286455631256,0.9536736011505127,0.22095273435115814,-36.17995834350586,202.66299438476562,112.55744934082031,-38.136932373046875,195.34115600585938,133.20663452148438,0.08896918594837189,0.3328700363636017,-0.9387663006782532,-38.136932373046875,195.34115600585938,133.20663452148438,-37.324195861816406,200.18556213378906,147.2053985595703,-0.05478296056389809,-0.32653990387916565,-0.9435945153236389,1114,40.1068115234375,12.93290901184082,-15.582391738891602,233.71604919433594,173.18373107910156,-11.58318042755127,232.13922119140625,123.96436309814453,-0.08094464242458344,0.03191523998975754,0.9962074756622314,-11.58318042755127,232.13922119140625,123.96436309814453,-20.341888427734375,206.84912109375,115.48124694824219,0.31196311116218567,0.9007697105407715,0.30214723944664,-20.341888427734375,206.84912109375,115.48124694824219,-24.541040420532227,201.2985076904297,129.36448669433594,0.27038654685020447,0.35740816593170166,-0.8939521908760071,-24.541040420532227,201.2985076904297,129.36448669433594,-25.167633056640625,204.5730743408203,142.638671875,0.04578191041946411,-0.23925578594207764,-0.9698766469955444
1,-40.133792877197266,231.55455017089844,138.89712524414062,-0.026066582649946213,0.08230801671743393,-0.176606684923172,-0.6859237551689148,0.12599775195121765,-0.7166820764541626,-17.313209533691406,229.43247985839844,199.5005645751953,140.48736572265625,200.4459991455078,364.37725830078125,1110,41.38172912597656,16.309661865234375,-49.22393798828125,222.30332946777344,189.61973571777344,-49.22393798828125,222.30332946777344,189.61973571777344,0.0,0.0,0.0,-49.22393798828125,222.30332946777344,189.61973571777344,-66.1188735961914,208.9642333984375,152.9365234375,0.39722248911857605,0.3136199712753296,0.8624712824821472,-66.1188735961914,208.9642333984375,152.9365234375,-68.03460693359375,197.8719482421875,128.31484985351562,0.07076232880353928,0.40972089767456055,0.9094621539115906,-68.03460693359375,197.8719482421875,128.31484985351562,-62.64219665527344,189.34243774414062,112.71039581298828,-0.290179044008255,0.45899420976638794,0.8397145867347717,1111,46.694664001464844,15.578988075256348,-43.62399673461914,239.564208984375,180.75228881835938,-64.81133270263672,235.36724853515625,121.90538024902344,0.3379940092563629,0.06695260852575302,0.9387637376785278,-64.81133270263672,235.36724853515625,121.90538024902344,-67.94351959228516,235.4049835205078,87.9362564086914,0.09181732684373856,-0.0011061682598665357,0.9957752823829651,-67.94351959228516,235.4049835205078,87.9362564086914,-69.68801879882812,234.56570434570312,68.84223175048828,0.09089762717485428,0.043730881065130234,0.9948996305465698,-69.68801879882812,234.56570434570312,68.84223175048828,-70.85832977294922,231.86550903320312,55.5988655090332,0.08626534789800644,0.1990353912115097,0.976188063621521,1112,53.2048225402832,15.300636291503906,-34.064395904541016,240.99697875976562,176.673583984375,-46.310829162597656,236.98565673828125,118.64080047607422,0.20600812137126923,0.0674780085682869,0.976220965385437,-46.310829162597656,236.98565673828125,118.64080047607422,-53.421119689941406,200.73123168945312,108.64916229248047,0.18578141927719116,0.9472747445106506,0.2610667943954468,-53.421119689941406,200.73123168945312,108.64916229248047,-52.254947662353516,190.6142578125,128.80130004882812,-0.05164799094200134,0.4480654299259186,-0.8925076127052307,-52.254947662353516,190.6142578125,128.80130004882812,-49.74335479736328,194.08047485351562,143.095458984375,-0.16832245886325836,-0.23229967057704926,-0.9579689502716064,1113,51.15785598754883,14.559525489807129,-24.014863967895508,240.0466766357422,173.9025115966797,-27.0208797454834,236.31893920898438,120.74488067626953,0.05632101744413376,0.06984326988458633,0.9959667921066284,-27.0208797454834,236.31893920898438,120.74488067626953,-34.34579086303711,202.5794219970703,112.58457946777344,0.20647075772285461,0.9510318636894226,0.23001828789710999,-34.34579086303711,202.5794219970703,112.58457946777344,-36.423667907714844,195.1451416015625,133.1817169189453,0.09446573257446289,0.33798184990882874,-0.9363998174667358,-36.423667907714844,195.1451416015625,133.1817169189453,-35.656761169433594,199.90634155273438,147.21157836914062,-0.05169377848505974,-0.3209313452243805,-0.9456906318664551,1114,40.1068115234375,12.93290901184082,-13.865691184997559,233.41758728027344,173.57589721679688,-9.69682788848877,231.89187622070312,124.36901092529297,-0.0843784511089325,0.030880631878972054,0.9959551692008972,-9.69682788848877,231.89187622070312,124.36901092529297,-18.561580657958984,206.72235107421875,115.64093017578125,0.31574001908302307,0.8964746594429016,0.3108721077442169,-18.561580657958984,206.72235107421875,115.64093017578125,-22.7216739654541,201.0420379638672,129.48341369628906,0.2678714692592621,0.3657595217227936,-0.8913276791572571,-22.7216739654541,201.0420379638672,129.48341369628906,-23.318191528320312,204.10400390625,142.8096160888672,0.04358451068401337,-0.22372230887413025,-0.973677933216095
1,-38.312400817871094,231.5130615234375,139.23516845703125,-0.022412756457924843,0.08177328109741211,-0.1722041815519333,-0.6882439255714417,0.1290571689605713,-0.7139078974723816,-15.707221984863281,229.40626525878906,199.90716552734375,142.62713623046875,199.7159423828125,364.1456604003906,1110,41.38172912597656,16.309661865234375,-47.608638763427734,222.22610473632812,189.9138641357422,-47.608638763427734,222.22610473632812,189.9138641357422,0.0,0.0,0.0,-47.608638763427734,222.22610473632812,189.9138641357422,-64.18916320800781,208.74307250976562,153.1399383544922,0.3898303508758545,0.31700417399406433,0.8646042943000793,-64.18916320800781,208.74307250976562,153.1399383544922,-65.72161102294922,197.57022094726562,128.52786254882812,0.05660474672913551,0.412696897983551,0.9091078639030457,-65.72161102294922,197.57022094726562,128.52786254882812,-59.82373046875,189.03152465820312,113.1124267578125,-0.3173794746398926,0.45948827266693115,0.8295425772666931,1111,46.694664001464844,15.578988075256348,-42.02421188354492,239.50633239746094,181.07440185546875,-62.92280197143555,235.24652099609375,122.12882995605469,0.33338770270347595,0.06795524060726166,0.9403375387191772,-62.92280197143555,235.24652099609375,122.12882995605469,-65.69193267822266,235.33465576171875,88.12828063964844,0.08117465674877167,-0.0025835938286036253,0.9966964721679688,-65.69193267822266,235.33465576171875,88.12828063964844,-67.22596740722656,234.3949432373047,69.02086639404297,0.07993129640817642,0.04896397888660431,0.9955970644950867,-67.22596740722656,234.3949432373047,69.02086639404297,-68.24092864990234,231.6070098876953,55.78287124633789,0.0748143270611763,0.20550279319286346,0.975792646408081,1112,53.2048225402832,15.300636291503906,-32.45044708251953,240.9710235595703,177.04049682617188,-44.412689208984375,236.92616271972656,118.95079040527344,0.20122748613357544,0.06804219633340836,0.9771785140037537,-44.412689208984375,236.92616271972656,118.95079040527344,-51.37233352661133,200.70217895507812,108.74495697021484,0.18184523284435272,0.9464792013168335,0.2666633427143097,-51.37233352661133,200.70217895507812,108.74495697021484,-50.30004119873047,190.4364471435547,128.8269500732422,-0.04749021306633949,0.454653799533844,-0.8894011974334717,-50.30004119873047,190.4364471435547,128.8269500732422,-47.875144958496094,193.83815002441406,143.1515655517578,-0.16251198947429657,-0.2279757410287857,-0.9600088000297546,1113,51.15785598754883,14.559525489807129,-22.38502311706543,240.0541229248047,174.3162384033203,-25.130678176879883,236.32266235351562,121.1447982788086,0.05144288390874863,0.06991303712129593,0.9962257146835327,-25.130678176879883,236.32266235351562,121.1447982788086,-32.293025970458984,202.60072326660156,112.77043151855469,0.20188862085342407,0.950536847114563,0.23605239391326904,-32.293025970458984,202.60072326660156,112.77043151855469,-34.455745697021484,195.0939483642578,133.33250427246094,0.09832292795181274,0.34127774834632874,-0.9348059296607971,-34.455745697021484,195.0939483642578,133.33250427246094,-33.779029846191406,199.8162384033203,147.38015747070312,-0.04561437666416168,-0.31830835342407227,-0.9468891620635986,1114,40.1068115234375,12.93290901184082,-12.212677955627441,233.45849609375,174.0363311767578,-7.809251308441162,231.95220947265625,124.84928131103516,-0.08912605047225952,0.030487479642033577,0.9955536723136902,-7.809251308441162,231.95220947265625,124.84928131103516,-16.631053924560547,206.82278442382812,115.96359252929688,0.31421032547950745,0.8950466513633728,0.31648579239845276,-16.631053924560547,206.82278442382812,115.96359252929688,-20.685405731201172,201.01576232910156,129.7848663330078,0.2610625624656677,0.37391823530197144,-0.8899615406990051,-20.685405731201172,201.01576232910156,129.7848663330078,-21.244064331054688,203.8922576904297,143.15396118164062,0.040818359702825546,-0.21017098426818848,-0.9768121838569641
1,-36.48342514038086,231.35720825195312,139.53196716308594,-0.01228459645062685,0.08170510083436966,-0.17124144732952118,-0.6908339262008667,0.12850375473499298,-0.7115021347999573,-13.935164451599121,229.3232879638672,200.21897888183594,144.99502563476562,199.76028442382812,363.90399169921875,1110,41.38172912597656,16.309661865234375,-45.77619552612305,221.89239501953125,190.17840576171875,-45.77619552612305,221.89239501953125,190.17840576171875,0.0,0.0,0.0,-45.77619552612305,221.89239501953125,190.17840576171875,-62.11258316040039,208.237548828125,153.35861206054688,0.3840901553630829,0.32104355096817017,0.8656822443008423,-62.11258316040039,208.237548828125,153.35861206054688,-63.338340759277344,197.03488159179688,128.742919921875,0.04527641460299492,0.413798451423645,0.9092419743537903,-63.338340759277344,197.03488159179688,128.742919921875,-57.002750396728516,188.5637969970703,113.46446228027344,-0.34093359112739563,0.4558497369289398,0.8221710920333862,1111,46.694664001464844,15.578988075256348,-40.34904861450195,239.242431640625,181.37779235839844,-61.09954833984375,234.87351989746094,122.38790130615234,0.33102527260780334,0.06969568133354187,0.9410445690155029,-61.09954833984375,234.87351989746094,122.38790130615234,-63.577049255371094,235.03797912597656,88.36514282226562,0.0726257935166359,-0.004820979665964842,0.9973476529121399,-63.577049255371094,235.03797912597656,88.36514282226562,-64.93204498291016,234.00633239746094,69.24893951416016,0.0706024318933487,0.05375424027442932,0.9960550665855408,-64.93204498291016,234.00633239746094,69.24893951416016,-65.79891204833984,231.1373291015625,56.017738342285156,0.06389807164669037,0.21147853136062622,0.9752916693687439,1112,53.2048225402832,15.300636291503906,-30.78326416015625,240.80946350097656,177.36346435546875,-42.601539611816406,236.74331665039062,119.24578094482422,0.19880570471286774,0.06840026378631592,0.9776491522789001,-42.601539611816406,236.74331665039062,119.24578094482422,-49.195796966552734,200.52073669433594,108.79529571533203,0.17229823768138885,0.946442723274231,0.2730557918548584,-49.195796966552734,200.52073669433594,108.79529571533203,-48.0859489440918,190.09275817871094,128.79147338867188,-0.049153491854667664,0.4618394076824188,-0.8856005072593689,-48.0859489440918,190.09275817871094,128.79147338867188,-45.72901916503906,193.41822814941406,143.14529418945312,-0.15795710682868958,-0.22286689281463623,-0.9619667530059814,1113,51.15785598754883,14.559525489807129,-20.704368591308594,239.99774169921875,174.65570068359375,-23.31838035583496,236.32875061035156,121.4732666015625,0.048976391553878784,0.06874258816242218,0.9964314699172974,-23.31838035583496,236.32875061035156,121.4732666015625,-30.116710662841797,202.588134765625,112.87366485595703,0.19162778556346893,0.9510628581047058,0.24240107834339142,-30.116710662841797,202.588134765625,112.87366485595703,-32.2517204284668,194.9700164794922,133.3976593017578,0.0970631092786789,0.34633952379226685,-0.9330742955207825,-32.2517204284668,194.9700164794922,133.3976593017578,-31.655187606811523,199.6380157470703,147.46705627441406,-0.04020964726805687,-0.3146492540836334,-0.9483559727668762,1114,40.1068115234375,12.93290901184082,-10.466151237487793,233.50453186035156,174.3829803466797,-5.9607439041137695,232.12527465820312,125.20143127441406,-0.09119013696908951,0.027916377410292625,0.9954421520233154,-5.9607439041137695,232.12527465820312,125.20143127441406,-14.599675178527832,206.98699951171875,116.16244506835938,0.30769699811935425,0.895362138748169,0.3219459652900696,-14.599675178527832,206.98699951171875,116.16244506835938,-18.470895767211914,201.0134735107422,129.96524047851562,0.24927079677581787,0.38463979959487915,-0.8887723088264465,-18.470895767211914,201.0134735107422,129.96524047851562,-18.967973709106445,203.69610595703125,143.37701416015625,0.03631894662976265,-0.19600625336170197,-0.9799298048019409
1,-34.60541534423828,231.27288818359375,139.92477416992188,-0.005594133865088224,0.07940836995840073,-0.16566258668899536,-0.6943674087524414,0.12838777899742126,-0.7080751657485962,-12.33095645904541,229.39724731445312,200.701904296875,147.41213989257812,199.86093139648438,363.5985412597656,1110,41.38172912597656,16.309661865234375,-44.14570999145508,221.8085479736328,190.52525329589844,-44.14570999145508,221.8085479736328,190.52525329589844,0.0,0.0,0.0,-44.14570999145508,221.8085479736328,190.52525329589844,-60.114013671875,207.98060607910156,153.6087188720703,0.37543603777885437,0.32511329650878906,0.867956817150116,-60.114013671875,207.98060607910156,153.6087188720703,-60.9669189453125,196.70901489257812,129.0087432861328,0.03150416910648346,0.41634416580200195,0.9086610674858093,-60.9669189453125,196.70901489257812,129.0087432861328,-54.120323181152344,188.25669860839844,113.94181823730469,-0.36843231320381165,0.45484012365341187,0.810788631439209,1111,46.694664001464844,15.578988075256348,-38.773170471191406,239.18186950683594,181.73709106445312,-59.13864517211914,234.6165008544922,122.62801361083984,0.3248830735683441,0.07282967865467072,0.9429457783699036,-59.13864517211914,234.6165008544922,122.62801361083984,-61.21299743652344,234.76605224609375,88.57823181152344,0.060807835310697556,-0.004383969120681286,0.9981397986412048,-61.21299743652344,234.76605224609375,88.57823181152344,-62.33002853393555,233.62960815429688,69.45258331298828,0.05820320174098015,0.059214722365140915,0.9965470433235168,-62.33002853393555,233.62960815429688,69.45258331298828,-63.016571044921875,230.67068481445312,56.23060607910156,0.05060608685016632,0.2181067168712616,0.9746119379997253,1112,53.2048225402832,15.300636291503906,-29.19317054748535,240.80372619628906,177.77882385253906,-40.633914947509766,236.5976104736328,119.59559631347656,0.19245491921901703,0.07075480371713638,0.9787517189979553,-40.633914947509766,236.5976104736328,119.59559631347656,-46.95132827758789,200.36532592773438,109.00860595703125,0.1650647073984146,0.9466962218284607,0.276622474193573,-46.95132827758789,200.36532592773438,109.00860595703125,-45.91947555541992,189.86019897460938,128.96853637695312,-0.045699212700128555,0.46525636315345764,-0.8839954733848572,-45.91947555541992,189.86019897460938,128.96853637695312,-43.67695236206055,193.15345764160156,143.3480987548828,-0.15028971433639526,-0.22070802748203278,-0.9636913537979126,1113,51.15785598754883,14.559525489807129,-19.093223571777344,240.05154418945312,175.13302612304688,-21.362390518188477,236.30543518066406,121.94013214111328,0.0425153411924839,0.07018747925758362,0.9966274499893188,-21.362390518188477,236.30543518066406,121.94013214111328,-27.88843536376953,202.54452514648438,113.21023559570312,0.18395274877548218,0.9516348838806152,0.24607376754283905,-27.88843536376953,202.54452514648438,113.21023559570312,-30.11003875732422,194.8854522705078,133.70977783203125,0.10099990665912628,0.3482015132904053,-0.9319629073143005,-30.11003875732422,194.8854522705078,133.70977783203125,-29.635986328125,199.5341796875,147.79022216796875,-0.03195376321673393,-0.31334999203681946,-0.9491000175476074,1114,40.1068115234375,12.93290901184082,-8.813438415527344,233.6217803955078,174.92990112304688,-4.001887798309326,232.21417236328125,125.77816772460938,-0.09738654643297195,0.028490208089351654,0.9948388338088989,-4.001887798309326,232.21417236328125,125.77816772460938,-12.50423526763916,207.06825256347656,116.63153839111328,0.30283209681510925,0.8956339955329895,0.3257797658443451,-12.50423526763916,207.06825256347656,116.63153839111328,-16.293630599975586,200.99029541015625,130.41143798828125,0.24400192499160767,0.39136406779289246,-0.8872977495193481,-16.293630599975586,200.99029541015625,130.41143798828125,-16.790966033935547,203.53341674804688,143.850341796875,0.03633778914809227,-0.1858130395412445,-0.9819128513336182
1,-32.79716491699219,231.2853546142578,140.3485107421875,-0.007407680619508028,0.07986483722925186,-0.16425085067749023,-0.6967917680740356,0.13017557561397552,-0.7053620219230652,-10.562225341796875,229.35267639160156,201.1320343017578,149.7386016845703,199.40505981445312,363.4045104980469,1110,41.38172912597656,16.309661865234375,-42.4195671081543,221.83140563964844,190.9353790283203,-42.4195671081543,221.83140563964844,190.9353790283203,0.0,0.0,0.0,-42.4195671081543,221.83140563964844,190.9353790283203,-58.272071838378906,208.03233337402344,153.95819091796875,0.37271353602409363,0.3244345784187317,0.8693829774856567,-58.272071838378906,208.03233337402344,153.95819091796875,-58.966217041015625,196.75125122070312,129.35757446289062,0.025639977306127548,0.4166947901248932,0.9086848497390747,-58.966217041015625,196.75125122070312,129.35757446289062,-51.814762115478516,188.2939910888672,114.43572998046875,-0.38483738899230957,0.4551059901714325,0.8029811978340149,1111,46.694664001464844,15.578988075256348,-37.002689361572266,239.19580078125,182.15675354003906,-57.30204772949219,234.6785888671875,123.02124786376953,0.3238283693790436,0.0720614641904831,0.9433674812316895,-57.30204772949219,234.6785888671875,123.02124786376953,-59.12709426879883,234.8587188720703,88.95734405517578,0.05349966138601303,-0.005280355457216501,0.9985539317131042,-59.12709426879883,234.8587188720703,88.95734405517578,-60.101890563964844,233.6394805908203,69.82901763916016,0.05079202726483345,0.06352874636650085,0.9966866970062256,-60.101890563964844,233.6394805908203,69.82901763916016,-60.69213104248047,230.6082763671875,56.618770599365234,0.04350752383470535,0.2234346717596054,0.9737474322319031,1112,53.2048225402832,15.300636291503906,-27.414602279663086,240.7999267578125,178.21087646484375,-38.789737701416016,236.624755859375,120.01255798339844,0.1913512498140335,0.0702342540025711,0.9790055751800537,-38.789737701416016,236.624755859375,120.01255798339844,-45.17304611206055,200.4448699951172,109.28680419921875,0.16678644716739655,0.94532710313797,0.28024813532829285,-45.17304611206055,200.4448699951172,109.28680419921875,-44.20491027832031,189.84463500976562,129.1995849609375,-0.04287729412317276,0.4694686233997345,-0.8819074630737305,-44.20491027832031,189.84463500976562,129.1995849609375,-41.98049545288086,193.07489013671875,143.5962371826172,-0.14907614886760712,-0.21648570895195007,-0.9648368954658508,1113,51.15785598754883,14.559525489807129,-17.31277084350586,240.02883911132812,175.57772827148438,-19.521791458129883,236.29534912109375,122.38142395019531,0.041388437151908875,0.06995105743408203,0.9966914653778076,-19.521791458129883,236.29534912109375,122.38142395019531,-26.09259796142578,202.5738067626953,113.53370666503906,0.18521443009376526,0.9505250453948975,0.24939478933811188,-26.09259796142578,202.5738067626953,113.53370666503906,-28.362873077392578,194.87332153320312,134.01239013671875,0.10321266204118729,0.35008424520492554,-0.9310146570205688,-28.362873077392578,194.87332153320312,134.01239013671875,-27.90321922302246,199.49351501464844,148.10269165039062,-0.03098323568701744,-0.3114268183708191,-0.9497649669647217,1114,40.1068115234375,12.93290901184082,-7.045056343078613,233.57945251464844,175.3865966796875,-2.1740171909332275,232.1702880859375,126.24076843261719,-0.09859059751033783,0.0285217072814703,0.9947192072868347,-2.1740171909332275,232.1702880859375,126.24076843261719,-10.779313087463379,207.0891876220703,117.01280212402344,0.30649885535240173,0.8933252692222595,0.3286767899990082,-10.779313087463379,207.0891876220703,117.01280212402344,-14.488926887512207,200.93014526367188,130.7783966064453,0.2388647496700287,0.39658525586128235,-0.8863767385482788,-14.488926887512207,200.93014526367188,130.7783966064453,-14.915225982666016,203.33883666992188,144.24449157714844,0.03114750050008297,-0.17599080502986908,-0.9838988780975342
1,-30.981050491333008,231.23287963867188,140.77456665039062,-0.005003662314265966,0.08016826212406158,-0.16547411680221558,-0.6986443400382996,0.1329422891139984,-0.7030095458030701,-8.669024467468262,229.27369689941406,201.5238800048828,152.05799865722656,198.6895751953125,363.255126953125,1110,41.38172912597656,16.309661865234375,-40.52827072143555,221.7196807861328,191.36456298828125,-40.52827072143555,221.7196807861328,191.36456298828125,0.0,0.0,0.0,-40.52827072143555,221.7196807861328,191.36456298828125,-56.34111404418945,207.94064331054688,154.36294555664062,0.3717811405658722,0.32396364212036133,0.8699576258659363,-56.34111404418945,207.94064331054688,154.36294555664062,-56.96155548095703,196.68612670898438,129.74818420410156,0.02291753515601158,0.4157133400440216,0.9092069268226624,-56.96155548095703,196.68612670898438,129.74818420410156,-49.56129455566406,188.26881408691406,114.92539978027344,-0.398226261138916,0.45295631885528564,0.7976505160331726,1111,46.694664001464844,15.578988075256348,-35.16352462768555,239.10360717773438,182.59262084960938,-55.51197052001953,234.57733154296875,123.47468566894531,0.32461148500442505,0.0722060576081276,0.9430873394012451,-55.51197052001953,234.57733154296875,123.47468566894531,-57.14788055419922,234.74899291992188,89.401123046875,0.04795527830719948,-0.005032103508710861,0.9988368153572083,-57.14788055419922,234.74899291992188,89.401123046875,-58.00734329223633,233.4059295654297,70.27556610107422,0.04478255286812782,0.06998070329427719,0.9965426921844482,-58.00734329223633,233.4059295654297,70.27556610107422,-58.51011276245117,230.2755584716797,57.0848388671875,0.03705989569425583,0.2307443767786026,0.9723083972930908,1112,53.2048225402832,15.300636291503906,-25.583486557006836,240.7343292236328,178.63809204101562,-37.00763702392578,236.5716094970703,120.44849395751953,0.19217582046985626,0.07002481818199158,0.9788590669631958,-37.00763702392578,236.5716094970703,120.44849395751953,-43.32032012939453,200.41558837890625,109.60113525390625,0.16494107246398926,0.9447033405303955,0.2834254503250122,-43.32032012939453,200.41558837890625,109.60113525390625,-42.31675720214844,189.74835205078125,129.47634887695312,-0.04444630444049835,0.47243598103523254,-0.8802435398101807,-42.31675720214844,189.74835205078125,129.47634887695312,-40.08871078491211,192.94586181640625,143.87974548339844,-0.14931954443454742,-0.21429120004177094,-0.9652889966964722,1113,51.15785598754883,14.559525489807129,-15.482464790344238,239.9901885986328,175.99411010742188,-17.736520767211914,236.28842163085938,122.7974853515625,0.04223223030567169,0.06935669481754303,0.9966975450515747,-17.736520767211914,236.28842163085938,122.7974853515625,-24.22518539428711,202.57888793945312,113.84407806396484,0.1828991323709488,0.9501869082450867,0.2523740231990814,-24.22518539428711,202.57888793945312,113.84407806396484,-26.461328506469727,194.82696533203125,134.30709838867188,0.10166095197200775,0.3524228036403656,-0.9303027391433716,-26.461328506469727,194.82696533203125,134.30709838867188,-26.0030517578125,199.4182586669922,148.40689086914062,-0.03089040331542492,-0.3094787299633026,-0.9504045248031616,1114,40.1068115234375,12.93290901184082,-5.198956489562988,233.56646728515625,175.78799438476562,-0.37461864948272705,232.20379638671875,126.63624572753906,-0.0976453498005867,0.02758067101240158,0.994839072227478,-0.37461864948272705,232.20379638671875,126.63624572753906,-9.004868507385254,207.1533203125,117.3486099243164,0.30738770961761475,0.8922346830368042,0.33080214262008667,-9.004868507385254,207.1533203125,117.3486099243164,-12.563570976257324,200.8916015625,131.1077117919922,0.22914759814739227,0.40319690108299255,-0.8859592080116272,-12.563570976257324,200.8916015625,131.1077117919922,-12.88452434539795,203.16053771972656,144.60098266601562,0.023450413718819618,-0.16577951610088348,-0.9858840107917786
1,-29.22124671936035,231.3547821044922,141.47511291503906,-0.026638047769665718,0.08040723949670792,-0.16915389895439148,-0.6999541521072388,0.13986806571483612,-0.7003578543663025,-6.622788429260254,229.17869567871094,202.1156005859375,154.4055633544922,197.0012664794922,363.23681640625,1110,41.38172912597656,16.309661865234375,-38.69374465942383,222.21527099609375,192.1479949951172,-38.69374465942383,222.21527099609375,192.1479949951172,0.0,0.0,0.0,-38.69374465942383,222.21527099609375,192.1479949951172,-55.11201477050781,208.6015167236328,155.34942626953125,0.3860154449939728,0.3200775384902954,0.8651834726333618,-55.11201477050781,208.6015167236328,155.34942626953125,-56.02545166015625,197.21836853027344,130.80303955078125,0.03374004736542702,0.4204646646976471,0.9066813588142395,-56.02545166015625,197.21836853027344,130.80303955078125,-48.452537536621094,188.58250427246094,116.19473266601562,-0.4075172543525696,0.46471720933914185,0.7861091494560242,1111,46.694664001464844,15.578988075256348,-33.009132385253906,239.45204162597656,183.28753662109375,-53.76912307739258,235.1614532470703,124.29524230957031,0.3311767280101776,0.06844622641801834,0.9410830140113831,-53.76912307739258,235.1614532470703,124.29524230957031,-55.36427307128906,235.56907653808594,90.22175598144531,0.0467604398727417,-0.01194912288337946,0.9988346695899963,-55.36427307128906,235.56907653808594,90.22175598144531,-56.23130416870117,234.3522491455078,71.08808898925781,0.04517689347267151,0.06340312212705612,0.9969649910926819,-56.23130416870117,234.3522491455078,71.08808898925781,-56.779850006103516,231.10679626464844,57.92703628540039,0.04043415188789368,0.239227294921875,0.9701213240623474,1112,53.2048225402832,15.300636291503906,-23.418237686157227,240.86582946777344,179.27622985839844,-35.24332809448242,236.75238037109375,121.16326141357422,0.19892030954360962,0.06919597089290619,0.9775696992874146,-35.24332809448242,236.75238037109375,121.16326141357422,-42.407012939453125,200.81060791015625,110.13407135009766,0.18717652559280396,0.9391055703163147,0.2881764769554138,-42.407012939453125,200.81060791015625,110.13407135009766,-41.5682487487793,189.9891357421875,129.93341064453125,-0.03714760020375252,0.4792666733264923,-0.8768828511238098,-41.5682487487793,189.9891357421875,129.93341064453125,-39.23250198364258,192.89566040039062,144.38133239746094,-0.15653744339942932,-0.19478993117809296,-0.9682731032371521,1113,51.15785598754883,14.559525489807129,-13.349749565124512,239.89862060546875,176.58084106445312,-15.970107078552246,236.06802368164062,123.41011810302734,0.049095287919044495,0.07177045941352844,0.9962121844291687,-15.970107078552246,236.06802368164062,123.41011810302734,-23.195457458496094,202.54879760742188,114.30765533447266,0.20366443693637848,0.9448225498199463,0.25657549500465393,-23.195457458496094,202.54879760742188,114.30765533447266,-25.54924201965332,194.60897827148438,134.6852569580078,0.10700926184654236,0.36096516251564026,-0.9264196157455444,-25.54924201965332,194.60897827148438,134.6852569580078,-24.989421844482422,198.92637634277344,148.86767578125,-0.0377349779009819,-0.291016548871994,-0.9559735655784607,1114,40.1068115234375,12.93290901184082,-3.206063985824585,233.2574005126953,176.34190368652344,1.3218114376068115,231.6286163330078,127.17005157470703,-0.09164489805698395,0.032966841012239456,0.9952458739280701,1.3218114376068115,231.6286163330078,127.17005157470703,-7.8999247550964355,206.78955078125,117.88304138183594,0.3284548819065094,0.88470458984375,0.3307797908782959,-7.8999247550964355,206.78955078125,117.88304138183594,-11.527917861938477,200.43446350097656,131.58111572265625,0.23360911011695862,0.4092086851596832,-0.8820289373397827,-11.527917861938477,200.43446350097656,131.58111572265625,-11.781638145446777,202.46627807617188,145.11354064941406,0.01853805035352707,-0.14845436811447144,-0.9887455105781555
1,-27.311243057250977,231.0056610107422,141.73602294921875,-0.026686571538448334,0.07788918912410736,-0.16581878066062927,-0.6987717747688293,0.14480383694171906,-0.7005354166030884,-4.897210121154785,228.91226196289062,202.43955993652344,155.859130859375,195.59933471679688,363.60162353515625,1110,41.38172912597656,16.309661865234375,-36.95260238647461,221.9969024658203,192.4004669189453,-36.95260238647461,221.9969024658203,192.4004669189453,0.0,0.0,0.0,-36.95260238647461,221.9969024658203,192.4004669189453,-53.1563606262207,208.40902709960938,155.49740600585938,0.3809720575809479,0.319469153881073,0.8676403760910034,-53.1563606262207,208.40902709960938,155.49740600585938,-54.18636703491211,197.07839965820312,130.9313507080078,0.03804583474993706,0.41852477192878723,0.9074080586433411,-54.18636703491211,197.07839965820312,130.9313507080078,-46.35087203979492,188.43069458007812,116.4692611694336,-0.4216473698616028,0.46535441279411316,0.7782407999038696,1111,46.694664001464844,15.578988075256348,-31.233747482299805,239.20956420898438,183.51522827148438,-51.8015022277832,234.77615356445312,124.4661865234375,0.3281100392341614,0.07072461396455765,0.9419882893562317,-51.8015022277832,234.77615356445312,124.4661865234375,-53.07819747924805,235.25868225097656,90.38025665283203,0.0374252088367939,-0.01414490770548582,0.9991993308067322,-53.07819747924805,235.25868225097656,90.38025665283203,-53.769500732421875,234.22015380859375,71.22893524169922,0.03602054715156555,0.054112814366817474,0.9978849291801453,-53.769500732421875,234.22015380859375,71.22893524169922,-54.196990966796875,231.06253051757812,58.042049407958984,0.03151094913482666,0.23275317251682281,0.9720252156257629,1112,53.2048225402832,15.300636291503906,-21.62932586669922,240.6103973388672,179.53182983398438,-33.26506042480469,236.3537139892578,121.39097595214844,0.19573505222797394,0.07160546630620956,0.9780390858650208,-33.26506042480469,236.3537139892578,121.39097595214844,-40.41592025756836,200.4405059814453,110.26087951660156,0.1868414431810379,0.938359260559082,0.29081302881240845,-40.41592025756836,200.4405059814453,110.26087951660156,-39.67219161987305,189.551025390625,130.02670288085938,-0.03293861448764801,0.48227861523628235,-0.8753983974456787,-39.67219161987305,189.551025390625,130.02670288085938,-37.38589859008789,192.47100830078125,144.47982788085938,-0.15322308242321014,-0.1956917941570282,-0.9686213731765747,1113,51.15785598754883,14.559525489807129,-11.552348136901855,239.6334228515625,176.87193298339844,-13.999515533447266,235.6693572998047,123.70274353027344,0.04585038498044014,0.07427114993333817,0.9961835145950317,-13.999515533447266,235.6693572998047,123.70274353027344,-21.198579788208008,202.1479949951172,114.58733367919922,0.2029235064983368,0.944882869720459,0.25694045424461365,-21.198579788208008,202.1479949951172,114.58733367919922,-23.630931854248047,194.21580505371094,134.9586944580078,0.11058107018470764,0.36061805486679077,-0.9261351823806763,-23.630931854248047,194.21580505371094,134.9586944580078,-23.130041122436523,198.51007080078125,149.15032958984375,-0.03376282379031181,-0.28945741057395935,-0.9565951824188232,1114,40.1068115234375,12.93290901184082,-1.4099448919296265,232.98863220214844,176.6830291748047,3.2786366939544678,231.23435974121094,127.53055572509766,-0.09489761292934418,0.03550674393773079,0.9948536157608032,3.2786366939544678,231.23435974121094,127.53055572509766,-5.974414825439453,206.41505432128906,118.22189331054688,0.3295702636241913,0.8840007781982422,0.3315509855747223,-5.974414825439453,206.41505432128906,118.22189331054688,-9.568706512451172,200.01596069335938,131.90835571289062,0.23143909871578217,0.41204237937927246,-0.8812814354896545,-9.568706512451172,200.01596069335938,131.90835571289062,-9.822737693786621,201.92135620117188,145.4591522216797,0.01856076903641224,-0.1392175704240799,-0.9900879263877869
1,-25.45094871520996,230.73033142089844,142.10487365722656,-0.026621324941515923,0.07196363061666489,-0.16223590075969696,-0.6948961019515991,0.14707255363464355,-0.7039098739624023,-3.2638964653015137,228.9313507080078,202.89723205566406,156.600830078125,195.09649658203125,364.8356018066406,1110,41.38172912597656,16.309661865234375,-35.271236419677734,222.0231475830078,192.7876739501953,-35.271236419677734,222.0231475830078,192.7876739501953,0.0,0.0,0.0,-35.271236419677734,222.0231475830078,192.7876739501953,-51.11473083496094,208.3030242919922,155.7772674560547,0.3725017309188843,0.32257843017578125,0.870164155960083,-51.11473083496094,208.3030242919922,155.7772674560547,-52.14943313598633,196.93101501464844,131.2305450439453,0.038219302892684937,0.4200534522533417,0.906694233417511,-52.14943313598633,196.93101501464844,131.2305450439453,-44.14152526855469,188.22540283203125,116.89820098876953,-0.4309249818325043,0.46847012639045715,0.7712582349777222,1111,46.694664001464844,15.578988075256348,-29.517850875854492,239.18191528320312,183.82086181640625,-49.879905700683594,234.40309143066406,124.72748565673828,0.324828565120697,0.0762348622083664,0.9426954388618469,-49.879905700683594,234.40309143066406,124.72748565673828,-50.87971115112305,234.75015258789062,90.63066101074219,0.029308421537280083,-0.010173793882131577,0.9995185732841492,-50.87971115112305,234.75015258789062,90.63066101074219,-51.418853759765625,233.79867553710938,71.46993255615234,0.02809217944741249,0.049576982855796814,0.9983752369880676,-51.418853759765625,233.79867553710938,71.46993255615234,-51.7427864074707,230.72914123535156,58.25931930541992,0.023877562955021858,0.2262600064277649,0.9737741947174072,1112,53.2048225402832,15.300636291503906,-19.899274826049805,240.55740356445312,179.8628692626953,-31.332502365112305,235.95904541015625,121.70784759521484,0.19232846796512604,0.07735306024551392,0.9782772064208984,-31.332502365112305,235.95904541015625,121.70784759521484,-38.465110778808594,200.04371643066406,110.57289123535156,0.1863645613193512,0.9384146928787231,0.2909400165081024,-38.465110778808594,200.04371643066406,110.57289123535156,-37.82407760620117,189.1327362060547,130.3304443359375,-0.028390398249030113,0.48323094844818115,-0.8750324249267578,-37.82407760620117,189.1327362060547,130.3304443359375,-35.60093307495117,192.03903198242188,144.79617309570312,-0.14899098873138428,-0.19477450847625732,-0.9694660902023315,1113,51.15785598754883,14.559525489807129,-9.81325626373291,239.56288146972656,177.2440643310547,-12.075299263000488,235.2848663330078,124.09100341796875,0.04238186776638031,0.08015332370996475,0.9958811402320862,-12.075299263000488,235.2848663330078,124.09100341796875,-19.242219924926758,201.73031616210938,115.0728530883789,0.2020174115896225,0.9458181262016296,0.25419890880584717,-19.242219924926758,201.73031616210938,115.0728530883789,-21.759918212890625,193.85911560058594,135.45748901367188,0.11446117609739304,0.3578454554080963,-0.9267390966415405,-21.759918212890625,193.85911560058594,135.45748901367188,-21.321683883666992,198.1780548095703,149.64370727539062,-0.029539436101913452,-0.29112058877944946,-0.9562301635742188,1114,40.1068115234375,12.93290901184082,0.3283957839012146,232.9152374267578,177.12991333007812,5.188461780548096,230.8694305419922,128.00538635253906,-0.09836850315332413,0.04140745475888252,0.9942882061004639,5.188461780548096,230.8694305419922,128.00538635253906,-4.06829833984375,206.033203125,118.74568939208984,0.3297024071216583,0.8846036791801453,0.32980701327323914,-4.06829833984375,206.033203125,118.74568939208984,-7.663021087646484,199.64634704589844,132.43775939941406,0.23146678507328033,0.41125425696372986,-0.88164222240448,-7.663021087646484,199.64634704589844,132.43775939941406,-7.9388108253479,201.51296997070312,145.9935302734375,0.020150547847151756,-0.13638460636138916,-0.9904509782791138
1,-23.533885955810547,230.61875915527344,142.6079559326172,-0.0524090938270092,0.07468055933713913,-0.16023094952106476,-0.6895224452018738,0.1494605839252472,-0.7086750864982605,-1.4272829294204712,228.47813415527344,203.43533325195312,157.20118713378906,194.09388732910156,366.469970703125,1110,41.38172912597656,16.309661865234375,-33.581756591796875,222.24168395996094,193.30177307128906,-33.581756591796875,222.24168395996094,193.30177307128906,0.0,0.0,0.0,-33.581756591796875,222.24168395996094,193.30177307128906,-49.631385803222656,208.85040283203125,156.25975036621094,0.3773482143878937,0.3148469030857086,0.8709074258804321,-49.631385803222656,208.85040283203125,156.25975036621094,-50.676063537597656,197.41903686523438,131.74102783203125,0.03858775645494461,0.4222458004951477,0.9056597352027893,-50.676063537597656,197.41903686523438,131.74102783203125,-42.693695068359375,188.49212646484375,117.5311050415039,-0.42955100536346436,0.4803791344165802,0.7646710872650146,1111,46.694664001464844,15.578988075256348,-27.386520385742188,239.23321533203125,184.31094360351562,-47.85783004760742,234.89520263671875,125.22132110595703,0.3265714943408966,0.06920276582241058,0.9426356554031372,-47.85783004760742,234.89520263671875,125.22132110595703,-48.75503921508789,235.43612670898438,91.1241683959961,0.026300905272364616,-0.01585671864449978,0.9995283484458923,-48.75503921508789,235.43612670898438,91.1241683959961,-49.26641845703125,234.52224731445312,71.96084594726562,0.026645556092262268,0.04761793464422226,0.9985101819038391,-49.26641845703125,234.52224731445312,71.96084594726562,-49.63316345214844,231.35955810546875,58.77334976196289,0.027033336460590363,0.2331266850233078,0.9720706343650818,1112,53.2048225402832,15.300636291503906,-17.73517417907715,240.35433959960938,180.35250854492188,-29.276086807250977,235.96774291992188,122.20240783691406,0.19413995742797852,0.07379084080457687,0.978194534778595,-29.276086807250977,235.96774291992188,122.20240783691406,-37.349151611328125,200.3289337158203,110.82379913330078,0.21093732118606567,0.9311897158622742,0.2973063290119171,-37.349151611328125,200.3289337158203,110.82379913330078,-37.047027587890625,189.21902465820312,130.4783172607422,-0.013380618765950203,0.4920411705970764,-0.8704690933227539,-37.047027587890625,189.21902465820312,130.4783172607422,-34.790557861328125,191.84591674804688,144.9922332763672,-0.15122446417808533,-0.17604948580265045,-0.9726960062980652,1113,51.15785598754883,14.559525489807129,-7.677847862243652,239.09613037109375,177.7367706298828,-10.042978286743164,234.8004608154297,124.5896224975586,0.04431332275271416,0.08048409968614578,0.9957703948020935,-10.042978286743164,234.8004608154297,124.5896224975586,-18.052143096923828,201.47821044921875,115.42009735107422,0.22575818002223969,0.9392703175544739,0.25846582651138306,-18.052143096923828,201.47821044921875,115.42009735107422,-20.82573890686035,193.4864501953125,135.72445678710938,0.12609493732452393,0.36332637071609497,-0.9230894446372986,-20.82573890686035,193.4864501953125,135.72445678710938,-20.34117889404297,197.5723876953125,149.97804260253906,-0.03266202285885811,-0.2754147946834564,-0.9607704877853394,1114,40.1068115234375,12.93290901184082,2.2889444828033447,232.1889190673828,177.6339111328125,7.100644588470459,229.9468231201172,128.51318359375,-0.09738955646753311,0.0453803725540638,0.9942111968994141,7.100644588470459,229.9468231201172,128.51318359375,-2.814079523086548,205.3748016357422,119.22978210449219,0.3531375229358673,0.8751935362815857,0.3306513726711273,-2.814079523086548,205.3748016357422,119.22978210449219,-6.574660778045654,198.9573211669922,132.86285400390625,0.2421465814113617,0.41322627663612366,-0.8778434991836548,-6.574660778045654,198.9573211669922,132.86285400390625,-6.8230133056640625,200.6781768798828,146.4384307861328,0.01814584992825985,-0.1257341206073761,-0.9918979406356812
1,-21.56717872619629,230.64801025390625,143.0653533935547,-0.06564770638942719,0.07954560220241547,-0.1560724675655365,-0.6839954853057861,0.15292516350746155,-0.7132769823074341,0.2981337308883667,228.1189422607422,203.9744873046875,157.6551055908203,192.93765258789062,368.0678405761719,1110,41.38172912597656,16.309661865234375,-31.88874626159668,222.26734924316406,193.7035675048828,-31.88874626159668,222.26734924316406,193.7035675048828,0.0,0.0,0.0,-31.88874626159668,222.26734924316406,193.7035675048828,-47.8411979675293,209.21665954589844,156.4983673095703,0.3750635087490082,0.3068391978740692,0.8747440576553345,-47.8411979675293,209.21665954589844,156.4983673095703,-48.76948928833008,197.8629150390625,131.93893432617188,0.034288741648197174,0.41937869787216187,0.9071635603904724,-48.76948928833008,197.8629150390625,131.93893432617188,-40.77284240722656,188.8800506591797,117.7723617553711,-0.43031924962997437,0.48339006304740906,0.7623381614685059,1111,46.694664001464844,15.578988075256348,-25.437026977539062,239.19873046875,184.77987670898438,-45.7757453918457,235.2989501953125,125.61396026611328,0.32445627450942993,0.06221179664134979,0.9438526034355164,-45.7757453918457,235.2989501953125,125.61396026611328,-46.50742721557617,236.08889770507812,91.51771545410156,0.021448615938425064,-0.023156622424721718,0.9995017051696777,-46.50742721557617,236.08889770507812,91.51771545410156,-46.94358444213867,235.2355194091797,72.34974670410156,0.022726096212863922,0.04446551948785782,0.9987524747848511,-46.94358444213867,235.2355194091797,72.34974670410156,-47.29362869262695,232.0232696533203,59.17377853393555,0.02580229379236698,0.2367798238992691,0.9712206721305847,1112,53.2048225402832,15.300636291503906,-15.758879661560059,240.20086669921875,180.8551025390625,-27.171709060668945,236.12985229492188,122.65678405761719,0.1919853240251541,0.06848214566707611,0.9790055751800537,-27.171709060668945,236.12985229492188,122.65678405761719,-35.69377899169922,200.68243408203125,111.0108871459961,0.22266915440559387,0.9261888861656189,0.30429014563560486,-35.69377899169922,200.68243408203125,111.0108871459961,-35.6341552734375,189.40280151367188,130.57073974609375,-0.0026406445540487766,0.4995579421520233,-0.8662763833999634,-35.6341552734375,189.40280151367188,130.57073974609375,-33.415706634521484,191.80894470214844,145.12872314453125,-0.14867639541625977,-0.161255344748497,-0.9756495952606201,1113,51.15785598754883,14.559525489807129,-5.711056709289551,238.8147430419922,178.2676544189453,-7.963753700256348,234.69749450683594,125.10150146484375,0.04220676049590111,0.0771411880850792,0.9961264729499817,-7.963753700256348,234.69749450683594,125.10150146484375,-16.38313102722168,201.52890014648438,115.7442855834961,0.23732106387615204,0.9349392056465149,0.2637563645839691,-16.38313102722168,201.52890014648438,115.7442855834961,-19.360139846801758,193.39266967773438,135.9622802734375,0.13534261286258698,0.3698943555355072,-0.9191629886627197,-19.360139846801758,193.39266967773438,135.9622802734375,-18.912416458129883,197.26588439941406,150.27633666992188,-0.03017902560532093,-0.26107603311538696,-0.9648463129997253,1114,40.1068115234375,12.93290901184082,4.162297248840332,231.77442932128906,178.17698669433594,9.100467681884766,229.60299682617188,129.06564331054688,-0.09994935989379883,0.04395014047622681,0.9940214157104492,9.100467681884766,229.60299682617188,129.06564331054688,-1.1733280420303345,205.20225524902344,119.72111511230469,0.3659267723560333,0.8690930604934692,0.3328286111354828,-1.1733280420303345,205.20225524902344,119.72111511230469,-5.015964508056641,198.6999969482422,133.29098510742188,0.247430220246315,0.4186852276325226,-0.873773992061615,-5.015964508056641,198.6999969482422,133.29098510742188,-5.2452006340026855,200.27792358398438,146.88424682617188,0.016749117523431778,-0.11529107391834259,-0.9931905269622803
1,-19.591806411743164,230.52830505371094,143.4968719482422,-0.04253189638257027,0.0790625810623169,-0.14972206950187683,-0.6782850623130798,0.15127472579479218,-0.719058632850647,1.7976804971694946,228.18939208984375,204.576416015625,157.84092712402344,193.38780212402344,369.9998779296875,1110,41.38172912597656,16.309661865234375,-30.131601333618164,221.7571563720703,194.0238800048828,-30.131601333618164,221.7571563720703,194.0238800048828,0.0,0.0,0.0,-30.131601333618164,221.7571563720703,194.0238800048828,-45.17335510253906,208.57516479492188,156.4871063232422,0.3536517024040222,0.30992621183395386,0.882539689540863,-45.17335510253906,208.57516479492188,156.4871063232422,-45.704524993896484,197.4065704345703,131.8311767578125,0.019620085135102272,0.41253989934921265,0.9107282757759094,-45.704524993896484,197.4065704345703,131.8311767578125,-37.50779342651367,188.68453979492188,117.61604309082031,-0.44108614325523376,0.4693537652492523,0.7649510502815247,1111,46.694664001464844,15.578988075256348,-23.991424560546875,238.8577423095703,185.2036590576172,-43.756954193115234,234.68763732910156,125.86217498779297,0.3153124153614044,0.06652418524026871,0.946653425693512,-43.756954193115234,234.68763732910156,125.86217498779297,-44.1312370300293,235.63377380371094,91.76410675048828,0.01097177341580391,-0.027735162526369095,0.9995550513267517,-44.1312370300293,235.63377380371094,91.76410675048828,-44.337093353271484,234.9036407470703,72.58719635009766,0.010726203210651875,0.0380437932908535,0.9992184638977051,-44.337093353271484,234.9036407470703,72.58719635009766,-44.46898651123047,231.7510528564453,59.3928337097168,0.00972204003483057,0.2323819398880005,0.9725760817527771,1112,53.2048225402832,15.300636291503906,-14.306869506835938,240.0901336669922,181.36109924316406,-25.153051376342773,235.94692993164062,123.05960083007812,0.1824532300233841,0.06969650089740753,0.9807411432266235,-25.153051376342773,235.94692993164062,123.05960083007812,-32.77674102783203,200.3408660888672,111.27569580078125,0.1991957575082779,0.9303338527679443,0.30789604783058167,-32.77674102783203,200.3408660888672,111.27569580078125,-32.635459899902344,188.94444274902344,130.76730346679688,-0.0062571302987635136,0.5047305822372437,-0.8632542490959167,-32.635459899902344,188.94444274902344,130.76730346679688,-30.59156608581543,191.34317016601562,145.35205078125,-0.1369779407978058,-0.16075822710990906,-0.9774425029754639,1113,51.15785598754883,14.559525489807129,-4.20969820022583,238.93898010253906,178.85171508789062,-5.938107013702393,234.94007873535156,125.65691375732422,0.032383646816015244,0.07492382824420929,0.9966633319854736,-5.938107013702393,234.94007873535156,125.65691375732422,-13.54307746887207,201.59136962890625,116.24271392822266,0.21436496078968048,0.9400161504745483,0.26536259055137634,-13.54307746887207,201.59136962890625,116.24271392822266,-16.496082305908203,193.34164428710938,136.41818237304688,0.13425138592720032,0.375054270029068,-0.9172300100326538,-16.496082305908203,193.34164428710938,136.41818237304688,-16.261045455932617,197.1425323486328,150.75668334960938,-0.015842774882912636,-0.25620073080062866,-0.9664937257766724,1114,40.1068115234375,12.93290901184082,5.820389270782471,232.123291015625,178.82078552246094,11.20403003692627,230.2189483642578,129.74517822265625,-0.10896573215723038,0.0385441929101944,0.9932979345321655,11.20403003692627,230.2189483642578,129.74517822265625,1.4670604467391968,205.6283721923828,120.3237533569336,0.3468061685562134,0.875853955745697,0.33556726574897766,1.4670604467391968,205.6283721923828,120.3237533569336,-2.220067024230957,198.97085571289062,133.8614501953125,0.2374168485403061,0.4286823570728302,-0.871702253818512,-2.220067024230957,198.97085571289062,133.8614501953125,-2.5189170837402344,200.373046875,147.4726104736328,0.021835457533597946,-0.10245098918676376,-0.9944983720779419
1,-17.626768112182617,230.64816284179688,144.16293334960938,-0.024086499586701393,0.07772424817085266,-0.14391224086284637,-0.6720571517944336,0.14503730833530426,-0.7261565923690796,3.3215227127075195,228.5587158203125,205.4052734375,157.93202209472656,195.19207763671875,372.4616394042969,1110,41.38172912597656,16.309661865234375,-28.370681762695312,221.61672973632812,194.6010284423828,-28.370681762695312,221.61672973632812,194.6010284423828,0.0,0.0,0.0,-28.370681762695312,221.61672973632812,194.6010284423828,-42.56645202636719,208.26083374023438,156.79721069335938,0.3337615132331848,0.3140149414539337,0.8888182044029236,-42.56645202636719,208.26083374023438,156.79721069335938,-42.722801208496094,197.20144653320312,132.0868682861328,0.005775142926722765,0.40850576758384705,0.9127374887466431,-42.722801208496094,197.20144653320312,132.0868682861328,-34.41038131713867,188.6717071533203,117.82232666015625,-0.44731178879737854,0.45900627970695496,0.7676101326942444,1111,46.694664001464844,15.578988075256348,-22.474727630615234,238.83726501464844,185.84779357910156,-41.73516082763672,234.39939880371094,126.35983276367188,0.307254821062088,0.0707956925034523,0.9489902257919312,-41.73516082763672,234.39939880371094,126.35983276367188,-41.83265686035156,235.40298461914062,92.2614974975586,0.002858011517673731,-0.029419247061014175,0.9995630979537964,-41.83265686035156,235.40298461914062,92.2614974975586,-41.861412048339844,234.76556396484375,73.08019256591797,0.0014982969732955098,0.03321297839283943,0.9994471669197083,-41.861412048339844,234.76556396484375,73.08019256591797,-41.82372283935547,231.67800903320312,59.8698616027832,-0.00277812872081995,0.22758835554122925,0.9737535119056702,1112,53.2048225402832,15.300636291503906,-12.78643798828125,240.2484893798828,182.0768280029297,-23.137149810791016,235.99578857421875,123.6932144165039,0.1741185337305069,0.07153846323490143,0.9821226596832275,-23.137149810791016,235.99578857421875,123.6932144165039,-30.034191131591797,200.25979614257812,111.85504150390625,0.18020950257778168,0.9337286949157715,0.30931398272514343,-30.034191131591797,200.25979614257812,111.85504150390625,-29.83283042907715,188.8213348388672,131.3214874267578,-0.00891796313226223,0.5065922737121582,-0.8621396422386169,-29.83283042907715,188.8213348388672,131.3214874267578,-27.938066482543945,191.22886657714844,145.92489624023438,-0.1269836276769638,-0.1613484025001526,-0.9786939024925232,1113,51.15785598754883,14.559525489807129,-2.652475118637085,239.28201293945312,179.63885498046875,-3.926417589187622,235.32955932617188,126.42776489257812,0.02386872097849846,0.07405358552932739,0.9969685673713684,-3.926417589187622,235.32955932617188,126.42776489257812,-10.879752159118652,201.8284912109375,117.05070495605469,0.1959969699382782,0.9443106055259705,0.264315664768219,-10.879752159118652,201.8284912109375,117.05070495605469,-13.82197380065918,193.53549194335938,137.2100067138672,0.13376112282276154,0.37702152132987976,-0.9164947867393494,-13.82197380065918,193.53549194335938,137.2100067138672,-13.760189056396484,197.31088256835938,151.55702209472656,-0.0041646347381174564,-0.25448229908943176,-0.9670684933662415,1114,40.1068115234375,12.93290901184082,7.498122215270996,232.6471405029297,179.6713409423828,13.267745018005371,230.91033935546875,130.63339233398438,-0.11677806824445724,0.03515312448143959,0.9925357103347778,13.267745018005371,230.91033935546875,130.63339233398438,3.9946835041046143,206.15126037597656,121.18531799316406,0.3302830457687378,0.881855845451355,0.3365165591239929,3.9946835041046143,206.15126037597656,121.18531799316406,0.3881714344024658,199.42333984375,134.7099151611328,0.23222598433494568,0.43321579694747925,-0.8708588480949402,0.3881714344024658,199.42333984375,134.7099151611328,-0.0028561654035001993,200.74366760253906,148.32693481445312,0.028570381924510002,-0.09646958112716675,-0.9949257969856262
1,-15.552308082580566,230.80026245117188,144.77125549316406,-0.015921209007501602,0.09781212359666824,-0.14074665307998657,-0.6681464910507202,0.13349488377571106,-0.7319558262825012,5.1370625495910645,227.78372192382812,206.08567810058594,158.84788513183594,197.07247924804688,374.4761962890625,1110,41.38172912597656,16.309661865234375,-26.427326202392578,220.61444091796875,194.96070861816406,-26.427326202392578,220.61444091796875,194.96070861816406,0.0,0.0,0.0,-26.427326202392578,220.61444091796875,194.96070861816406,-40.391517639160156,208.0685577392578,156.79489135742188,0.328316867351532,0.2949705421924591,0.8973295092582703,-40.391517639160156,208.0685577392578,156.79489135742188,-40.432220458984375,197.60321044921875,131.8267059326172,0.0015034590614959598,0.38656342029571533,0.9222615361213684,-40.432220458984375,197.60321044921875,131.8267059326172,-32.02314376831055,189.46026611328125,117.39376831054688,-0.4525132179260254,0.4381919801235199,0.7766720652580261,1111,46.694664001464844,15.578988075256348,-20.632356643676758,238.0627899169922,186.59996032714844,-39.61777877807617,234.740966796875,126.95101165771484,0.3028676211833954,0.052991852164268494,0.9515582919120789,-39.61777877807617,234.740966796875,126.95101165771484,-39.636573791503906,236.29718017578125,92.873291015625,0.0005509594921022654,-0.045619044452905655,0.9989588260650635,-39.636573791503906,236.29718017578125,92.873291015625,-39.60595703125,235.77615356445312,73.6884765625,-0.0015952950343489647,0.027148239314556122,0.9996302127838135,-39.60595703125,235.77615356445312,73.6884765625,-39.51091003417969,232.91021728515625,60.4285888671875,-0.007006058003753424,0.21125251054763794,0.97740638256073,1112,53.2048225402832,15.300636291503906,-10.940424919128418,239.62948608398438,182.90042114257812,-21.022377014160156,236.5388641357422,124.39681243896484,0.16959746181964874,0.051990095525979996,0.9841411113739014,-21.022377014160156,236.5388641357422,124.39681243896484,-27.589706420898438,201.01217651367188,111.7676010131836,0.17159464955329895,0.928260087966919,0.3299826979637146,-27.589706420898438,201.01217651367188,111.7676010131836,-27.38395118713379,189.12814331054688,130.96522521972656,-0.009112590923905373,0.5263260006904602,-0.8502339720726013,-27.38395118713379,189.12814331054688,130.96522521972656,-25.57817840576172,191.1546630859375,145.63758850097656,-0.1210196241736412,-0.13581368327140808,-0.9833152294158936,1113,51.15785598754883,14.559525489807129,-0.7894256114959717,238.7942352294922,180.4849395751953,-1.818136215209961,235.96463012695312,127.19702911376953,0.019274026155471802,0.05301576852798462,0.9984077215194702,-1.818136215209961,235.96463012695312,127.19702911376953,-8.484793663024902,202.5786895751953,117.22039031982422,0.1879163235425949,0.941065788269043,0.2812163829803467,-8.484793663024902,202.5786895751953,117.22039031982422,-11.427363395690918,193.91534423828125,137.22329711914062,0.13377685844898224,0.3938581645488739,-0.9093840718269348,-11.427363395690918,193.91534423828125,137.22329711914062,-11.469035148620605,197.3152618408203,151.66397094726562,0.0028089075349271297,-0.22917331755161285,-0.9733815789222717,1114,40.1068115234375,12.93290901184082,9.413023948669434,232.2396240234375,180.41900634765625,15.393328666687012,231.5913543701172,131.37982177734375,-0.12104228883981705,0.013121077790856361,0.992560625076294,15.393328666687012,231.5913543701172,131.37982177734375,6.223025798797607,206.94895935058594,121.53472900390625,0.32662302255630493,0.8776997923851013,0.35065731406211853,6.223025798797607,206.94895935058594,121.53472900390625,2.8026392459869385,199.95645141601562,134.9731903076172,0.22024127840995789,0.45025286078453064,-0.8653126955032349,2.8026392459869385,199.95645141601562,134.9731903076172,2.5083258152008057,200.9597625732422,148.61965942382812,0.021503975614905357,-0.07330680638551712,-0.9970775842666626
1,-13.489789009094238,230.8927459716797,145.46202087402344,0.00956354197114706,0.11804340779781342,-0.1407957673072815,-0.6677519083023071,0.12027818709611893,-0.7346023321151733,7.085134029388428,227.07057189941406,206.78317260742188,160.70518493652344,199.39991760253906,375.78253173828125,1110,41.38172912597656,16.309661865234375,-24.239261627197266,219.2435760498047,195.35935974121094,-24.239261627197266,219.2435760498047,195.35935974121094,0.0,0.0,0.0,-24.239261627197266,219.2435760498047,195.35935974121094,-37.86366271972656,207.35574340820312,156.8615264892578,0.32032790780067444,0.2794988751411438,0.9051356315612793,-37.86366271972656,207.35574340820312,156.8615264892578,-37.69853210449219,197.54714965820312,131.6286163330078,-0.006099506746977568,0.3623046278953552,0.9320397973060608,-37.69853210449219,197.54714965820312,131.6286163330078,-29.24051284790039,189.9740753173828,116.91670989990234,-0.45514699816703796,0.4075259268283844,0.7916842103004456,1111,46.694664001464844,15.578988075256348,-18.86343002319336,237.02633666992188,187.4345703125,-37.599037170410156,234.65106201171875,127.66156005859375,0.2988824248313904,0.03789190575480461,0.9535374045372009,-37.599037170410156,234.65106201171875,127.66156005859375,-37.55568313598633,236.76670837402344,93.614013671875,-0.0012708856957033277,-0.06201833114027977,0.9980741739273071,-37.55568313598633,236.76670837402344,93.614013671875,-37.4438362121582,236.35891723632812,74.4267578125,-0.005827814806252718,0.021248068660497665,0.9997572302818298,-37.4438362121582,236.35891723632812,74.4267578125,-37.236148834228516,233.69393920898438,61.126304626464844,-0.015308949165046215,0.19643954932689667,0.9803964495658875,1112,53.2048225402832,15.300636291503906,-9.204167366027832,238.923828125,183.80511474609375,-19.04806137084961,236.97604370117188,125.21183013916016,0.16559289395809174,0.03276541456580162,0.9856497645378113,-19.04806137084961,236.97604370117188,125.21183013916016,-24.681503295898438,201.58828735351562,111.76774597167969,0.1471935361623764,0.9246299266815186,0.3512741029262543,-24.681503295898438,201.58828735351562,111.76774597167969,-24.227474212646484,189.2609100341797,130.67941284179688,-0.020108263939619064,0.5459609627723694,-0.8375692367553711,-24.227474212646484,189.2609100341797,130.67941284179688,-22.520273208618164,190.91139221191406,145.41058349609375,-0.11441347748041153,-0.11061228811740875,-0.9872560501098633,1113,51.15785598754883,14.559525489807129,0.9710991978645325,238.4017333984375,181.40379333496094,0.1569700688123703,236.81800842285156,128.0606231689453,0.015253609046339989,0.029672838747501373,0.9994432330131531,0.1569700688123703,236.81800842285156,128.0606231689453,-5.661084175109863,203.46250915527344,117.47004699707031,0.16399627923965454,0.9402074217796326,0.29852163791656494,-5.661084175109863,203.46250915527344,117.47004699707031,-8.420729637145996,194.358154296875,137.30242919921875,0.125460684299469,0.4139077067375183,-0.9016318321228027,-8.420729637145996,194.358154296875,137.30242919921875,-8.594324111938477,197.3734893798828,151.82730102539062,0.011701229959726334,-0.20325030386447906,-0.9790568947792053,1114,40.1068115234375,12.93290901184082,11.335626602172852,232.1090087890625,181.21563720703125,17.461894989013672,232.78018188476562,132.19479370117188,-0.12399663776159286,-0.013584649190306664,0.9921895861625671,17.461894989013672,232.78018188476562,132.19479370117188,8.782976150512695,208.12347412109375,121.94827270507812,0.30912110209465027,0.8782094717025757,0.3649551272392273,8.782976150512695,208.12347412109375,121.94827270507812,5.738133430480957,200.7911834716797,135.29566955566406,0.1960597038269043,0.4721316993236542,-0.8594488501548767,5.738133430480957,200.7911834716797,135.29566955566406,5.595156669616699,201.46156311035156,148.9649658203125,0.010446575470268726,-0.048981186002492905,-0.9987450838088989
1,-11.49892520904541,230.98745727539062,146.20408630371094,0.031727854162454605,0.1333303302526474,-0.1439635008573532,-0.6694362759590149,0.10575743019580841,-0.7353029847145081,9.162047386169434,226.6214141845703,207.47056579589844,163.16958618164062,202.29132080078125,376.631103515625,1110,41.38172912597656,16.309661865234375,-21.972829818725586,218.18701171875,195.87747192382812,-21.972829818725586,218.18701171875,195.87747192382812,0.0,0.0,0.0,-21.972829818725586,218.18701171875,195.87747192382812,-35.494625091552734,206.8138885498047,157.18844604492188,0.31791552901268005,0.26739737391471863,0.9096308946609497,-35.494625091552734,206.8138885498047,157.18844604492188,-35.26944351196289,197.53237915039062,131.7574005126953,-0.008317639119923115,0.34283551573753357,0.9393585920333862,-35.26944351196289,197.53237915039062,131.7574005126953,-26.874069213867188,190.42823791503906,116.77811431884766,-0.4517756402492523,0.3822912275791168,0.8060720562934875,1111,46.694664001464844,15.578988075256348,-16.994150161743164,236.22718811035156,188.2818603515625,-35.69084548950195,234.53836059570312,128.4733428955078,0.2982616722583771,0.02694125846028328,0.9541038274765015,-35.69084548950195,234.53836059570312,128.4733428955078,-35.67121505737305,237.01368713378906,94.45003509521484,-0.0005754490848630667,-0.07256204634904861,0.9973637461662292,-35.67121505737305,237.01368713378906,94.45003509521484,-35.522666931152344,236.61880493164062,75.26276397705078,-0.007740143220871687,0.020575450733304024,0.9997583031654358,-35.522666931152344,236.61880493164062,75.26276397705078,-35.24504852294922,234.07168579101562,61.94050979614258,-0.020463669672608376,0.18775197863578796,0.9820033311843872,1112,53.2048225402832,15.300636291503906,-7.380338668823242,238.40440368652344,184.68894958496094,-17.196596145629883,237.3179168701172,126.0687255859375,0.1651279777288437,0.01827675849199295,0.986102819442749,-17.196596145629883,237.3179168701172,126.0687255859375,-22.044532775878906,202.03433227539062,112.056640625,0.12666945159435272,0.9219081401824951,0.36611515283584595,-22.044532775878906,202.03433227539062,112.056640625,-21.307600021362305,189.40133666992188,130.75653076171875,-0.032637640833854675,0.5594963431358337,-0.8281899690628052,-21.307600021362305,189.40133666992188,130.75653076171875,-19.63677406311035,190.77162170410156,145.52056884765625,-0.11197565495967865,-0.09183395653963089,-0.989458441734314,1113,51.15785598754883,14.559525489807129,2.803255558013916,238.15185546875,182.2794647216797,2.008098840713501,237.53244018554688,128.9160919189453,0.014898139052093029,0.011605428531765938,0.999821662902832,2.008098840713501,237.53244018554688,128.9160919189453,-3.179109811782837,204.20016479492188,117.93193054199219,0.1462143361568451,0.9395527839660645,0.309615820646286,-3.179109811782837,204.20016479492188,117.93193054199219,-5.5704426765441895,194.7788848876953,137.6638641357422,0.10871624201536179,0.42831599712371826,-0.8970652222633362,-5.5704426765441895,194.7788848876953,137.6638641357422,-5.700610160827637,197.50485229492188,152.2462615966797,0.008774012327194214,-0.1837453544139862,-0.9829346537590027,1114,40.1068115234375,12.93290901184082,13.304407119750977,232.09451293945312,181.97657775878906,19.39937973022461,233.80307006835938,132.9770050048828,-0.12336317449808121,-0.03458145633339882,0.9917588233947754,19.39937973022461,233.80307006835938,132.9770050048828,11.106581687927246,209.11424255371094,122.49087524414062,0.2953685224056244,0.8793537020683289,0.37348946928977966,11.106581687927246,209.11424255371094,122.49087524414062,8.474271774291992,201.5313720703125,135.78590393066406,0.1694963276386261,0.4882664680480957,-0.8560764789581299,8.474271774291992,201.5313720703125,135.78590393066406,8.551942825317383,201.97003173828125,149.46511840820312,-0.005675025749951601,-0.032050617039203644,-0.9994701743125916
1,-9.586655616760254,230.7931365966797,146.8839569091797,0.021985508501529694,0.12450896203517914,-0.14515721797943115,-0.6693265438079834,0.09434874355792999,-0.7369533777236938,11.181358337402344,226.95692443847656,208.15774536132812,165.1636505126953,205.25148010253906,377.697998046875,1110,41.38172912597656,16.309661865234375,-20.04966163635254,218.59864807128906,196.71185302734375,-20.04966163635254,218.59864807128906,196.71185302734375,0.0,0.0,0.0,-20.04966163635254,218.59864807128906,196.71185302734375,-33.956817626953125,207.04368591308594,158.21376037597656,0.3269757330417633,0.2716725170612335,0.9051413536071777,-33.956817626953125,207.04368591308594,158.21376037597656,-33.9559440612793,197.52967834472656,132.86778259277344,-3.2267318601952866e-05,0.3514235019683838,0.9362165927886963,-33.9559440612793,197.52967834472656,132.86778259277344,-25.845773696899414,190.20025634765625,117.8399887084961,-0.4364283084869385,0.3944143056869507,0.8086827397346497,1111,46.694664001464844,15.578988075256348,-14.922447204589844,236.51296997070312,188.91970825195312,-33.79066848754883,234.38970947265625,129.17893981933594,0.3009979724884033,0.0338716134428978,0.9530230164527893,-33.79066848754883,234.38970947265625,129.17893981933594,-33.80805969238281,236.6300811767578,95.13935089111328,0.0005098080728203058,-0.0656745508313179,0.9978410005569458,-33.80805969238281,236.6300811767578,95.13935089111328,-33.68872833251953,235.97702026367188,75.95892333984375,-0.006217793561518192,0.03402791917324066,0.9994015097618103,-33.68872833251953,235.97702026367188,75.95892333984375,-33.44855499267578,233.1873779296875,62.68460464477539,-0.01770353689789772,0.20562872290611267,0.9784699082374573,1112,53.2048225402832,15.300636291503906,-5.298142910003662,238.56320190429688,185.2804718017578,-15.27760124206543,236.97108459472656,126.69937896728516,0.1678733378648758,0.02678242139518261,0.9854446649551392,-15.27760124206543,236.97108459472656,126.69937896728516,-20.494884490966797,201.6121368408203,113.01372528076172,0.13631993532180786,0.9238772988319397,0.35758599638938904,-20.494884490966797,201.6121368408203,113.01372528076172,-19.827207565307617,189.16366577148438,131.83953857421875,-0.029570404440164566,0.5513240098953247,-0.8337669372558594,-19.827207565307617,189.16366577148438,131.83953857421875,-18.110612869262695,190.60934448242188,146.59112548828125,-0.1150430291891098,-0.09688673913478851,-0.9886242747306824,1113,51.15785598754883,14.559525489807129,4.876300811767578,238.1906280517578,182.84800720214844,3.9356508255004883,237.03457641601562,129.4959259033203,0.017624113708734512,0.02165990136563778,0.9996100068092346,3.9356508255004883,237.03457641601562,129.4959259033203,-1.6333547830581665,203.648681640625,118.8673324584961,0.15697626769542694,0.9410644769668579,0.29959332942962646,-1.6333547830581665,203.648681640625,118.8673324584961,-3.990126609802246,194.43943786621094,138.70326232910156,0.10714496672153473,0.41867610812187195,-0.9017928242683411,-3.990126609802246,194.43943786621094,138.70326232910156,-4.004223823547363,197.30320739746094,153.25979614257812,0.0009502308676019311,-0.19303405284881592,-0.9811916351318359,1114,40.1068115234375,12.93290901184082,15.319533348083496,232.03233337402344,182.58056640625,21.3018798828125,233.18392944335938,133.55087280273438,-0.12108361721038818,-0.02330848202109337,0.9923685789108276,21.3018798828125,233.18392944335938,133.55087280273438,12.717550277709961,208.4670867919922,123.36975860595703,0.30575206875801086,0.8803513050079346,0.36262550950050354,12.717550277709961,208.4670867919922,123.36975860595703,10.09533405303955,201.0235595703125,136.74526977539062,0.1688465029001236,0.47929438948631287,-0.861259400844574,10.09533405303955,201.0235595703125,136.74526977539062,10.28412914276123,201.6540985107422,150.4158935546875,-0.013794297352433205,-0.04607027396559715,-0.9988429546356201
1,-7.5181684494018555,230.64097595214844,147.60630798339844,0.05077584087848663,0.13001567125320435,-0.14579807221889496,-0.6696408987045288,0.08087917417287827,-0.7382679581642151,13.170511245727539,226.81626892089844,208.908447265625,167.22512817382812,208.20956420898438,378.7510986328125,1110,41.38172912597656,16.309661865234375,-17.7781982421875,217.67288208007812,197.2808380126953,-17.7781982421875,217.67288208007812,197.2808380126953,0.0,0.0,0.0,-17.7781982421875,217.67288208007812,197.2808380126953,-31.566171646118164,206.23971557617188,158.70361328125,0.3241737186908722,0.268809050321579,0.9070022106170654,-31.566171646118164,206.23971557617188,158.70361328125,-31.44724464416504,197.03463745117188,133.24407958984375,-0.004392862319946289,0.3400122821331024,0.9404107332229614,-31.44724464416504,197.03463745117188,133.24407958984375,-23.374422073364258,190.08811950683594,118.0156478881836,-0.43441861867904663,0.3738093674182892,0.8194797039031982,1111,46.694664001464844,15.578988075256348,-13.137843132019043,235.7998504638672,189.67764282226562,-31.76209259033203,233.72219848632812,129.8587646484375,0.29710593819618225,0.033144038170576096,0.9542691111564636,-31.76209259033203,233.72219848632812,129.8587646484375,-31.683340072631836,235.92417907714844,95.81675720214844,-0.0023085614666342735,-0.06454914063215256,0.997911810874939,-31.683340072631836,235.92417907714844,95.81675720214844,-31.440425872802734,235.09352111816406,76.64436340332031,-0.012657108716666698,0.04328165575861931,0.9989826679229736,-31.440425872802734,235.09352111816406,76.64436340332031,-31.053646087646484,232.23709106445312,63.38772201538086,-0.028510117903351784,0.21055173873901367,0.9771668910980225,1112,53.2048225402832,15.300636291503906,-3.5648279190063477,238.15692138671875,186.08929443359375,-13.32239818572998,236.85061645507812,127.46375274658203,0.1641407310962677,0.021974511444568634,0.9861921668052673,-13.32239818572998,236.85061645507812,127.46375274658203,-17.488590240478516,201.45643615722656,113.51141357421875,0.1088564395904541,0.9247975945472717,0.3645539879798889,-17.488590240478516,201.45643615722656,113.51141357421875,-16.520164489746094,188.8753662109375,132.23573303222656,-0.04289012774825096,0.5571967959403992,-0.8292720913887024,-16.520164489746094,188.8753662109375,132.23573303222656,-14.890410423278809,190.20094299316406,147.00843811035156,-0.10922311991453171,-0.08883771300315857,-0.9900394678115845,1113,51.15785598754883,14.559525489807129,6.623215198516846,238.09616088867188,183.68614196777344,5.873007774353027,237.43096923828125,130.3226776123047,0.014055965468287468,0.01246310118585825,0.9998235106468201,5.873007774353027,237.43096923828125,130.3226776123047,1.1600905656814575,203.93821716308594,119.61642456054688,0.13284523785114288,0.9440761208534241,0.3017822504043579,1.1600905656814575,203.93821716308594,119.61642456054688,-0.7903138995170593,194.63072204589844,139.4506072998047,0.08867046982049942,0.4231429994106293,-0.9017136693000793,-0.7903138995170593,194.63072204589844,139.4506072998047,-0.7844777703285217,197.4044647216797,154.02456665039062,-0.000393387716030702,-0.18696576356887817,-0.9823663234710693,1114,40.1068115234375,12.93290901184082,17.23754119873047,232.23890686035156,183.39321899414062,23.329368591308594,234.03445434570312,134.39637756347656,-0.12329954653978348,-0.03634216636419296,0.9917038083076477,23.329368591308594,234.03445434570312,134.39637756347656,15.357059478759766,209.12619018554688,124.18419647216797,0.283953458070755,0.8871693015098572,0.3637320101261139,15.357059478759766,209.12619018554688,124.18419647216797,13.113680839538574,201.58724975585938,137.57518005371094,0.1444527506828308,0.4854377508163452,-0.8622549772262573,13.113680839538574,201.58724975585938,137.57518005371094,13.445747375488281,202.19329833984375,151.24417114257812,-0.024262430146336555,-0.044280920177698135,-0.9987244009971619
1,-5.438708782196045,230.39053344726562,148.31869506835938,0.07539143413305283,0.1365826427936554,-0.14563517272472382,-0.6698638796806335,0.07049471139907837,-0.7391298413276672,15.13916301727295,226.45875549316406,209.65074157714844,169.2450714111328,210.24105834960938,379.6916809082031,1110,41.38172912597656,16.309661865234375,-15.552342414855957,216.67694091796875,197.82275390625,-15.552342414855957,216.67694091796875,197.82275390625,0.0,0.0,0.0,-15.552342414855957,216.67694091796875,197.82275390625,-29.297460556030273,205.44039916992188,159.17251586914062,0.32316604256629944,0.2641860842704773,0.9087186455726624,-29.297460556030273,205.44039916992188,159.17251586914062,-29.094308853149414,196.55027770996094,133.60183715820312,-0.007503910921514034,0.3283786475658417,0.9445163011550903,-29.094308853149414,196.55027770996094,133.60183715820312,-21.085243225097656,189.95498657226562,118.18473815917969,-0.43098753690719604,0.35490885376930237,0.829632043838501,1111,46.694664001464844,15.578988075256348,-11.323322296142578,234.98622131347656,190.41908264160156,-29.68940544128418,233.0687255859375,130.51510620117188,0.2929876148700714,0.03058912791311741,0.9556268453598022,-29.68940544128418,233.0687255859375,130.51510620117188,-29.487579345703125,235.27267456054688,96.47372436523438,-0.005916355177760124,-0.06460683792829514,0.9978933334350586,-29.487579345703125,235.27267456054688,96.47372436523438,-29.10436248779297,234.26805114746094,77.31195831298828,-0.01996762491762638,0.05234619230031967,0.9984293580055237,-29.10436248779297,234.26805114746094,77.31195831298828,-28.570068359375,231.32879638671875,64.07856750488281,-0.03938362002372742,0.2166568785905838,0.9754530787467957,1112,53.2048225402832,15.300636291503906,-1.7976267337799072,237.608642578125,186.889404296875,-11.322229385375977,236.6629638671875,128.21865844726562,0.16022183001041412,0.015908103436231613,0.9869529008865356,-11.322229385375977,236.6629638671875,128.21865844726562,-14.584664344787598,201.2991485595703,113.9522476196289,0.08524259179830551,0.924004077911377,0.37276017665863037,-14.584664344787598,201.2991485595703,113.9522476196289,-13.377788543701172,188.55384826660156,132.5512237548828,-0.05345073342323303,0.5644704103469849,-0.8237209916114807,-13.377788543701172,188.55384826660156,132.5512237548828,-11.832863807678223,189.7124481201172,147.34707641601562,-0.10353793203830719,-0.07764717191457748,-0.9915900230407715,1113,51.15785598754883,14.559525489807129,8.397019386291504,237.8168182373047,184.52279663085938,7.843879699707031,237.67486572265625,131.1529541015625,0.010363681241869926,0.0026596367824822664,0.9999427795410156,7.843879699707031,237.67486572265625,131.1529541015625,3.8599438667297363,204.13055419921875,120.31290435791016,0.11229711771011353,0.9455296397209167,0.30555370450019836,3.8599438667297363,204.13055419921875,120.31290435791016,2.259192943572998,194.69686889648438,140.11874389648438,0.07277433574199677,0.42888009548187256,-0.9004254341125488,2.259192943572998,194.69686889648438,140.11874389648438,2.2860217094421387,197.35377502441406,154.71444702148438,-0.0018084070179611444,-0.17909014225006104,-0.983830988407135,1114,40.1068115234375,12.93290901184082,19.150007247924805,232.2192840576172,184.2095489501953,25.36293601989746,234.65719604492188,135.25567626953125,-0.12575063109397888,-0.049343712627887726,0.9908339381217957,25.36293601989746,234.65719604492188,135.25567626953125,17.919471740722656,209.62464904785156,124.94869232177734,0.26511746644973755,0.8915963172912598,0.3671088218688965,17.919471740722656,209.62464904785156,124.94869232177734,15.999079704284668,201.97052001953125,138.32452392578125,0.12365549802780151,0.49285516142845154,-0.8612799048423767,15.999079704284668,201.97052001953125,138.32452392578125,16.451139450073242,202.5181884765625,151.9925537109375,-0.033029694110155106,-0.0400153324007988,-0.9986530542373657
1,-3.337312936782837,230.04751586914062,148.99778747558594,0.08839409798383713,0.1379595547914505,-0.14409872889518738,-0.6692563891410828,0.06563571840524673,-0.74012690782547,17.09843635559082,226.16250610351562,210.3782196044922,171.06460571289062,211.06263732910156,380.6485290527344,1110,41.38172912597656,16.309661865234375,-13.440717697143555,216.04818725585938,198.42388916015625,-13.440717697143555,216.04818725585938,198.42388916015625,0.0,0.0,0.0,-13.440717697143555,216.04818725585938,198.42388916015625,-27.358863830566406,204.9030303955078,159.8091278076172,0.3272341191768646,0.262037456035614,0.9078843593597412,-27.358863830566406,204.9030303955078,159.8091278076172,-27.26448631286621,196.15304565429688,134.1895294189453,-0.0034860679879784584,0.3232024013996124,0.9463234543800354,-27.26448631286621,196.15304565429688,134.1895294189453,-19.453136444091797,189.70518493652344,118.60948181152344,-0.42034798860549927,0.34697526693344116,0.8384007215499878,1111,46.694664001464844,15.578988075256348,-9.416324615478516,234.43270874023438,191.09300231933594,-27.561246871948242,232.48095703125,131.1227569580078,0.2894594073295593,0.031135590746998787,0.9566836953163147,-27.561246871948242,232.48095703125,131.1227569580078,-27.21726417541504,234.39791870117188,97.0651626586914,-0.010083555243909359,-0.05619407445192337,0.9983689785003662,-27.21726417541504,234.39791870117188,97.0651626586914,-26.70682716369629,233.0856475830078,77.92497253417969,-0.026596466079354286,0.06837625801563263,0.9973050951957703,-26.70682716369629,233.0856475830078,77.92497253417969,-26.05936050415039,229.95225524902344,64.74127197265625,-0.04772573709487915,0.23096704483032227,0.9717903137207031,1112,53.2048225402832,15.300636291503906,0.08738822489976883,237.18515014648438,187.603271484375,-9.232943534851074,236.3113555908203,128.8986053466797,0.15678556263446808,0.014698873274028301,0.9875232577323914,-9.232943534851074,236.3113555908203,128.8986053466797,-11.996600151062012,200.90225219726562,114.63921356201172,0.07221026718616486,0.9251875877380371,0.37257683277130127,-11.996600151062012,200.90225219726562,114.63921356201172,-10.686178207397461,188.16384887695312,133.2359161376953,-0.05803661420941353,0.5641646981239319,-0.8236199617385864,-10.686178207397461,188.16384887695312,133.2359161376953,-9.204137802124023,189.29483032226562,148.04031372070312,-0.09932369738817215,-0.07579635083675385,-0.9921642541885376,1113,51.15785598754883,14.559525489807129,10.286320686340332,237.52809143066406,185.2710723876953,9.909358024597168,237.55259704589844,131.89950561523438,0.00706280954182148,-0.000459139613667503,0.9999749064445496,9.909358024597168,237.55259704589844,131.89950561523438,6.279625415802002,203.92735290527344,121.18655395507812,0.10231300443410873,0.9478108286857605,0.30197107791900635,6.279625415802002,203.92735290527344,121.18655395507812,4.9060444831848145,194.55288696289062,141.0375213623047,0.06244657561182976,0.4261876940727234,-0.9024768471717834,4.9060444831848145,194.55288696289062,141.0375213623047,4.978292942047119,197.23709106445312,155.62806701660156,-0.004869947675615549,-0.1809302717447281,-0.9834839105606079,1114,40.1068115234375,12.93290901184082,21.109283447265625,232.06610107421875,184.97543334960938,27.45120620727539,234.7402801513672,136.05044555664062,-0.12836149334907532,-0.054125797003507614,0.9902492761611938,27.45120620727539,234.7402801513672,136.05044555664062,20.25665283203125,209.6028289794922,125.8222885131836,0.2562517523765564,0.8953322172164917,0.36430099606513977,20.25665283203125,209.6028289794922,125.8222885131836,18.565670013427734,201.95433044433594,139.23226928710938,0.10888364911079407,0.49249255657196045,-0.8634787201881409,18.565670013427734,201.95433044433594,139.23226928710938,19.139616012573242,202.54603576660156,152.8938751220703,-0.041935332119464874,-0.04323291778564453,-0.9981845021247864
1,-1.332218050956726,229.61752319335938,149.4659881591797,0.10766521096229553,0.14596349000930786,-0.1493508219718933,-0.6671894192695618,0.05972116440534592,-0.7424901723861694,19.267301559448242,225.4813995361328,210.7834930419922,172.75794982910156,211.74221801757812,381.59747314453125,1110,41.38172912597656,16.309661865234375,-11.042196273803711,214.8934783935547,198.76019287109375,-11.042196273803711,214.8934783935547,198.76019287109375,0.0,0.0,0.0,-11.042196273803711,214.8934783935547,198.76019287109375,-25.28304672241211,204.0028533935547,160.1905059814453,0.3348214328289032,0.2560531497001648,0.9068248867988586,-25.28304672241211,204.0028533935547,160.1905059814453,-25.334749221801758,195.56463623046875,134.46641540527344,0.0019097599433735013,0.3116864562034607,0.9501830339431763,-25.334749221801758,195.56463623046875,134.46641540527344,-17.70403480529785,189.4306182861328,118.67160034179688,-0.41062742471694946,0.33008652925491333,0.8499576449394226,1111,46.694664001464844,15.578988075256348,-7.393856525421143,233.4306640625,191.619384765625,-25.64193344116211,231.77078247070312,131.67166137695312,0.2911050617694855,0.02647949755191803,0.9563246369361877,-25.64193344116211,231.77078247070312,131.67166137695312,-25.293636322021484,233.57579040527344,97.60798645019531,-0.010210026986896992,-0.052912235260009766,0.9985469579696655,-25.293636322021484,233.57579040527344,97.60798645019531,-24.713726043701172,232.0662384033203,78.48432159423828,-0.030216384679079056,0.07865562289953232,0.9964438080787659,-24.713726043701172,232.0662384033203,78.48432159423828,-23.977014541625977,228.80992126464844,65.33513641357422,-0.0543040931224823,0.24002794921398163,0.9692458510398865,1112,53.2048225402832,15.300636291503906,2.046077013015747,236.405029296875,188.13865661621094,-7.3970208168029785,235.98109436035156,129.4486541748047,0.1588507741689682,0.0071313874796032906,0.9872768521308899,-7.3970208168029785,235.98109436035156,129.4486541748047,-9.484954833984375,200.58609008789062,115.04006958007812,0.05455463007092476,0.9248191118240356,0.3764750063419342,-9.484954833984375,200.58609008789062,115.04006958007812,-7.870693683624268,187.80845642089844,133.5858917236328,-0.07149321585893631,0.5659022927284241,-0.8213667273521423,-7.870693683624268,187.80845642089844,133.5858917236328,-6.374274253845215,188.89456176757812,148.3922119140625,-0.1002872884273529,-0.0727887898683548,-0.9922924041748047,1113,51.15785598754883,14.559525489807129,12.230755805969238,236.97158813476562,185.787841796875,11.724695205688477,237.56259155273438,132.42062377929688,0.00948160421103239,-0.011073101311922073,0.9998937249183655,11.724695205688477,237.56259155273438,132.42062377929688,8.630728721618652,203.89981079101562,121.65754699707031,0.08721110969781876,0.9488688707351685,0.3033839762210846,8.630728721618652,203.89981079101562,121.65754699707031,7.659833908081055,194.48561096191406,141.51348876953125,0.04413941502571106,0.42799410223960876,-0.9027029871940613,7.659833908081055,194.48561096191406,141.51348876953125,7.841884613037109,197.15684509277344,156.10546875,-0.012271219864487648,-0.1800558865070343,-0.9835798144340515,1114,40.1068115234375,12.93290901184082,23.157169342041016,231.7249298095703,185.40943908691406,29.3278865814209,235.0479736328125,136.50233459472656,-0.12489628791809082,-0.06725893169641495,0.989887535572052,29.3278865814209,235.0479736328125,136.50233459472656,22.539199829101562,209.81321716308594,126.23643493652344,0.2417958825826645,0.8987982869148254,0.3656454086303711,22.539199829101562,209.81321716308594,126.23643493652344,21.150157928466797,202.10084533691406,139.64451599121094,0.08944140374660492,0.49660515785217285,-0.8633559942245483,21.150157928466797,202.10084533691406,139.64451599121094,21.86713981628418,202.69989013671875,153.29904174804688,-0.052386246621608734,-0.04376918077468872,-0.9976673126220703
1,0.7578355669975281,229.14419555664062,150.03076171875,0.11950419098138809,0.14799848198890686,-0.1494625210762024,-0.6660784482955933,0.053524650633335114,-0.7439587712287903,21.29861068725586,225.02667236328125,211.37066650390625,174.53366088867188,212.71302795410156,382.52252197265625,1110,41.38172912597656,16.309661865234375,-8.861638069152832,214.12351989746094,199.25315856933594,-8.861638069152832,214.12351989746094,199.25315856933594,0.0,0.0,0.0,-8.861638069152832,214.12351989746094,199.25315856933594,-23.33121681213379,203.27793884277344,160.7559814453125,0.34019917249679565,0.25499412417411804,0.9051201939582825,-23.33121681213379,203.27793884277344,160.7559814453125,-23.414737701416016,194.9403839111328,134.99916076660156,0.0030850498005747795,0.3079681396484375,0.9513916373252869,-23.414737701416016,194.9403839111328,134.99916076660156,-15.86386489868164,188.94190979003906,119.11418151855469,-0.40633106231689453,0.3227926790714264,0.8548098802566528,1111,46.694664001464844,15.578988075256348,-5.415290832519531,232.72824096679688,192.1880645751953,-23.546295166015625,231.08489990234375,132.20437622070312,0.28923743963241577,0.026215633377432823,0.9568983912467957,-23.546295166015625,231.08489990234375,132.20437622070312,-23.05387306213379,232.5624542236328,98.126708984375,-0.014434927143156528,-0.043313223868608475,0.9989572763442993,-23.05387306213379,232.5624542236328,98.126708984375,-22.343360900878906,230.7409210205078,79.03465270996094,-0.037021443247795105,0.09491151571273804,0.9947971105575562,-22.343360900878906,230.7409210205078,79.03465270996094,-21.491741180419922,227.2699737548828,65.94746398925781,-0.0627741813659668,0.25584876537323,0.9646764993667603,1112,53.2048225402832,15.300636291503906,3.9954028129577637,235.82408142089844,188.73419189453125,-5.347466468811035,235.5131072998047,130.02743530273438,0.15716470777988434,0.005231172312051058,0.9875585436820984,-5.347466468811035,235.5131072998047,130.02743530273438,-6.993603229522705,200.10255432128906,115.59983825683594,0.0430111289024353,0.925225555896759,0.3769718408584595,-6.993603229522705,200.10255432128906,115.59983825683594,-5.258622646331787,187.32533264160156,134.1350555419922,-0.07683964818716049,0.5658836960792542,-0.820896565914154,-5.258622646331787,187.32533264160156,134.1350555419922,-3.798701286315918,188.38763427734375,148.94674682617188,-0.09784124046564102,-0.07119350135326385,-0.9926522970199585,1113,51.15785598754883,14.559525489807129,14.17667007446289,236.51658630371094,186.40240478515625,13.749967575073242,237.30313110351562,133.03701782226562,0.007994742132723331,-0.014736784622073174,0.9998593926429749,13.749967575073242,237.30313110351562,133.03701782226562,10.997331619262695,203.57421875,122.38888549804688,0.07758987694978714,0.9507331252098083,0.3001440465450287,10.997331619262695,203.57421875,122.38888549804688,10.22671890258789,194.24647521972656,142.29434204101562,0.03503408282995224,0.4240637719631195,-0.9049544334411621,10.22671890258789,194.24647521972656,142.29434204101562,10.444339752197266,196.98194885253906,156.87391662597656,-0.014668854884803295,-0.18438613414764404,-0.9827443957328796,1114,40.1068115234375,12.93290901184082,25.163318634033203,231.39736938476562,186.02239990234375,31.37431526184082,234.97572326660156,137.13841247558594,-0.12571154534816742,-0.072426438331604,0.9894195199012756,31.37431526184082,234.97572326660156,137.13841247558594,24.8895320892334,209.63430786132812,126.93900299072266,0.23097160458564758,0.902597188949585,0.3632771968841553,24.8895320892334,209.63430786132812,126.93900299072266,23.587810516357422,201.97610473632812,140.3868408203125,0.08381875604391098,0.4931170344352722,-0.8659156560897827,23.587810516357422,201.97610473632812,140.3868408203125,24.301254272460938,202.68531799316406,154.03627014160156,-0.05212774500250816,-0.051818642765283585,-0.9972951412200928
1,2.8390748500823975,228.6829833984375,150.5457763671875,0.12974733114242554,0.14952383935451508,-0.14818477630615234,-0.6643872857093811,0.046313174068927765,-0.7459521293640137,23.249011993408203,224.60833740234375,211.93365478515625,176.0950164794922,213.9537353515625,383.5440979003906,1110,41.38172912597656,16.309661865234375,-6.76939582824707,213.42071533203125,199.69595336914062,-6.76939582824707,213.42071533203125,199.69595336914062,0.0,0.0,0.0,-6.76939582824707,213.42071533203125,199.69595336914062,-21.402803421020508,202.6786651611328,161.231689453125,0.3440510034561157,0.25255998969078064,0.9043463468551636,-21.402803421020508,202.6786651611328,161.231689453125,-21.470428466796875,194.4575958251953,135.43740844726562,0.0024978979490697384,0.30366548895835876,0.9527754187583923,-21.470428466796875,194.4575958251953,135.43740844726562,-13.939835548400879,188.5861053466797,119.4954605102539,-0.4052397608757019,0.3159593641757965,0.8578754663467407,1111,46.694664001464844,15.578988075256348,-3.4846930503845215,232.079345703125,192.6962890625,-21.43359375,230.44137573242188,132.65771484375,0.2863323986530304,0.02612994983792305,0.9577739238739014,-21.43359375,230.44137573242188,132.65771484375,-20.733949661254883,231.59231567382812,98.57107543945312,-0.02050945907831192,-0.03373880684375763,0.9992202520370483,-20.733949661254883,231.59231567382812,98.57107543945312,-19.86553955078125,229.4921875,79.51419067382812,-0.04524875059723854,0.10942776501178741,0.9929642677307129,-19.86553955078125,229.4921875,79.51419067382812,-18.88528823852539,225.8340606689453,66.48712158203125,-0.07225579768419266,0.269646018743515,0.9602447748184204,1112,53.2048225402832,15.300636291503906,5.904925346374512,235.2769012451172,189.27792358398438,-3.272761583328247,235.05274963378906,130.54470825195312,0.1543859988451004,0.0037706526927649975,0.9880034327507019,-3.272761583328247,235.05274963378906,130.54470825195312,-4.521858215332031,199.61688232421875,116.13944244384766,0.03263704851269722,0.925886869430542,0.3763883113861084,-4.521858215332031,199.61688232421875,116.13944244384766,-2.708780527114868,186.88186645507812,134.6962127685547,-0.08029847592115402,0.5640146136283875,-0.8218513131141663,-2.708780527114868,186.88186645507812,134.6962127685547,-1.3004480600357056,187.95204162597656,149.5123291015625,-0.0943838581442833,-0.07172117382287979,-0.9929489493370056,1113,51.15785598754883,14.559525489807129,16.085359573364258,236.07534790039062,186.9765625,15.798001289367676,237.01914978027344,133.61279296875,0.005383974406868219,-0.01768316887319088,0.999829113483429,15.798001289367676,237.01914978027344,133.61279296875,13.345368385314941,203.2225341796875,123.10696411132812,0.06913354992866516,0.9526415467262268,0.296132892370224,13.345368385314941,203.2225341796875,123.10696411132812,12.72851276397705,194.02139282226562,143.0766143798828,0.02804386243224144,0.4183078408241272,-0.9078723192214966,12.72851276397705,194.02139282226562,143.0766143798828,12.9638671875,196.84426879882812,157.6392364501953,-0.01586420275270939,-0.19027762115001678,-0.981602132320404,1114,40.1068115234375,12.93290901184082,27.122278213500977,231.06430053710938,186.61178588867188,33.43278503417969,234.85069274902344,137.7562255859375,-0.12772566080093384,-0.07663717865943909,0.9888442754745483,33.43278503417969,234.85069274902344,137.7562255859375,27.21955680847168,209.40875244140625,127.63838195800781,0.22129957377910614,0.9061779379844666,0.3603721559047699,27.21955680847168,209.40875244140625,127.63838195800781,25.975910186767578,201.82630920410156,141.13455200195312,0.08007930964231491,0.48823902010917664,-0.8690282106399536,25.975910186767578,201.82630920410156,141.13455200195312,26.671655654907227,202.66842651367188,154.77735900878906,-0.05083455145359039,-0.061529193073511124,-0.9968099594116211
1,4.946765899658203,228.2063751220703,151.0580291748047,0.12803228199481964,0.14993245899677277,-0.14467382431030273,-0.6626538038253784,0.03942035138607025,-0.7478876709938049,25.16200828552246,224.1576690673828,212.5142364501953,177.6092071533203,215.0887908935547,384.5699462890625,1110,41.38172912597656,16.309661865234375,-4.852378845214844,212.9584197998047,200.17498779296875,-4.852378845214844,212.9584197998047,200.17498779296875,0.0,0.0,0.0,-4.852378845214844,212.9584197998047,200.17498779296875,-19.613306045532227,202.2971649169922,161.73696899414062,0.34704911708831787,0.25066033005714417,0.9037291407585144,-19.613306045532227,202.2971649169922,161.73696899414062,-19.564603805541992,194.07215881347656,135.94390869140625,-0.0017989379120990634,0.3038109838962555,0.9527305960655212,-19.564603805541992,194.07215881347656,135.94390869140625,-11.951163291931152,188.186767578125,120.04649353027344,-0.40969786047935486,0.3167073130607605,0.855478823184967,1111,46.694664001464844,15.578988075256348,-1.5034438371658325,231.61065673828125,193.18873596191406,-19.26483917236328,230.02207946777344,133.0930938720703,0.2833411991596222,0.025342006236314774,0.9586843252182007,-19.26483917236328,230.02207946777344,133.0930938720703,-18.35038185119629,230.75833129882812,99.00006103515625,-0.02680652216076851,-0.021582582965493202,0.9994076490402222,-18.35038185119629,230.75833129882812,99.00006103515625,-17.35309600830078,228.32925415039062,79.98863220214844,-0.051963865756988525,0.1265677660703659,0.9905959963798523,-17.35309600830078,228.32925415039062,79.98863220214844,-16.291385650634766,224.44761657714844,67.03282165527344,-0.07826025784015656,0.28612130880355835,0.9549921154975891,1112,53.2048225402832,15.300636291503906,7.904176235198975,234.78758239746094,189.80076599121094,-1.087044596672058,234.59288024902344,131.0386199951172,0.15124931931495667,0.0032752580009400845,0.9884902834892273,-1.087044596672058,234.59288024902344,131.0386199951172,-2.3566858768463135,199.1033477783203,116.76791381835938,0.03317385911941528,0.9272893071174622,0.37287259101867676,-2.3566858768463135,199.1033477783203,116.76791381835938,-0.6262391209602356,186.44471740722656,135.38475036621094,-0.0766388475894928,0.5606314539909363,-0.8245112895965576,-0.6262391209602356,186.44471740722656,135.38475036621094,0.7370859384536743,187.54196166992188,150.20309448242188,-0.09136757254600525,-0.07353531569242477,-0.9930984973907471,1113,51.15785598754883,14.559525489807129,18.093652725219727,235.56346130371094,187.5319366455078,17.978235244750977,236.51589965820312,134.16766357421875,0.0021624737419188023,-0.01784498244524002,0.9998384714126587,17.978235244750977,236.51589965820312,134.16766357421875,15.43215274810791,202.6552276611328,123.89287567138672,0.071767657995224,0.9544471502304077,0.28962042927742004,15.43215274810791,202.6552276611328,123.89287567138672,14.839319229125977,193.63633728027344,143.9462127685547,0.026951763778924942,0.4100223779678345,-0.9116772413253784,14.839319229125977,193.63633728027344,143.9462127685547,15.111339569091797,196.57444763183594,158.4853973388672,-0.018335675820708275,-0.19804488122463226,-0.9800214171409607,1114,40.1068115234375,12.93290901184082,29.120372772216797,230.52764892578125,187.2014923095703,35.59482192993164,234.30714416503906,138.36685180664062,-0.13104386627674103,-0.07649757713079453,0.988420844078064,35.59482192993164,234.30714416503906,138.36685180664062,29.352909088134766,208.81808471679688,128.38616943359375,0.22232116758823395,0.9078559279441833,0.3554866909980774,29.352909088134766,208.81808471679688,128.38616943359375,28.06964874267578,201.3607177734375,141.94815063476562,0.08263011276721954,0.48018553853034973,-0.873266339302063,28.06964874267578,201.3607177734375,141.94815063476562,28.751514434814453,202.36416625976562,155.5807342529297,-0.04982046037912369,-0.07331687957048416,-0.9960635900497437
1,7.155828475952148,227.86663818359375,151.67063903808594,0.11983220279216766,0.15314078330993652,-0.13740132749080658,-0.6623626351356506,0.03497549518942833,-0.7483665347099304,27.020496368408203,223.62075805664062,213.2251434326172,179.4007110595703,215.57444763183594,385.3910217285156,1110,41.38172912597656,16.309661865234375,-3.075376510620117,212.61050415039062,200.69686889648438,-3.075376510620117,212.61050415039062,200.69686889648438,0.0,0.0,0.0,-3.075376510620117,212.61050415039062,200.69686889648438,-17.68977928161621,202.1206512451172,162.1558380126953,0.34360408782958984,0.24663043022155762,0.9061509966850281,-17.68977928161621,202.1206512451172,162.1558380126953,-17.33250617980957,193.9027862548828,136.36293029785156,-0.013196767307817936,0.303547203540802,0.9527249932289124,-17.33250617980957,193.9027862548828,136.36293029785156,-9.531494140625,187.97592163085938,120.57222747802734,-0.4197917580604553,0.3189392387866974,0.8497368097305298,1111,46.694664001464844,15.578988075256348,0.4870748221874237,231.2450714111328,193.76939392089844,-16.930797576904297,229.94244384765625,133.56642150878906,0.277861088514328,0.020780352875590324,0.9603965282440186,-16.930797576904297,229.94244384765625,133.56642150878906,-15.791622161865234,230.33311462402344,99.47444152832031,-0.03339393436908722,-0.011452173814177513,0.9993767142295837,-15.791622161865234,230.33311462402344,99.47444152832031,-14.678825378417969,227.59507751464844,80.51146697998047,-0.057982586324214935,0.14266619086265564,0.988071084022522,-14.678825378417969,227.59507751464844,80.51146697998047,-13.561628341674805,223.5082244873047,67.62361145019531,-0.08235026895999908,0.30124807357788086,0.9499831795692444,1112,53.2048225402832,15.300636291503906,9.943591117858887,234.34176635742188,190.44381713867188,1.3003089427947998,234.3491668701172,131.62916564941406,0.14539633691310883,-0.0001244906015926972,0.9893735647201538,1.3003089427947998,234.3491668701172,131.62916564941406,-0.19852371513843536,198.83544921875,117.44107818603516,0.0391622893512249,0.9279211163520813,0.37071382999420166,-0.19852371513843536,198.83544921875,117.44107818603516,1.3112249374389648,186.2285614013672,136.11215209960938,-0.06686446815729141,0.5583398342132568,-0.8269134163856506,1.3112249374389648,186.2285614013672,136.11215209960938,2.5965723991394043,187.30352783203125,150.9390869140625,-0.08614169806241989,-0.07204233855009079,-0.9936747550964355,1113,51.15785598754883,14.559525489807129,20.153099060058594,235.0279998779297,188.23699951171875,20.363597869873047,236.08950805664062,134.8750762939453,-0.0039439271204173565,-0.01988852582871914,0.9997944235801697,20.363597869873047,236.08950805664062,134.8750762939453,17.50933837890625,202.20919799804688,124.74707794189453,0.08045441657304764,0.9550009369850159,0.28548285365104675,17.50933837890625,202.20919799804688,124.74707794189453,16.836429595947266,193.3144073486328,144.85325622558594,0.030592182651162148,0.40438032150268555,-0.9140791296958923,16.836429595947266,193.3144073486328,144.85325622558594,17.135143280029297,196.3170166015625,159.37872314453125,-0.02013496682047844,-0.2023925930261612,-0.9790974259376526,1114,40.1068115234375,12.93290901184082,31.134626388549805,229.89114379882812,187.96141052246094,37.93377685546875,233.70950317382812,139.1739501953125,-0.1376158893108368,-0.07728420197963715,0.9874659776687622,37.93377685546875,233.70950317382812,139.1739501953125,31.511499404907227,208.2432403564453,129.24964904785156,0.22874528169631958,0.9070438742637634,0.35347849130630493,31.511499404907227,208.2432403564453,129.24964904785156,30.099218368530273,200.8881072998047,142.85458374023438,0.0909377932548523,0.473602294921875,-0.8760315179824829,30.099218368530273,200.8881072998047,142.85458374023438,30.736967086791992,202.01187133789062,156.47991943359375,-0.046597033739089966,-0.08210768550634384,-0.9955335259437561
1,9.408015251159668,227.587890625,152.2574005126953,0.10465018451213837,0.15857885777950287,-0.1317872554063797,-0.6633768081665039,0.033229611814022064,-0.7475473284721375,29.050500869750977,222.95953369140625,213.8540802001953,181.66403198242188,215.3148651123047,385.8315124511719,1110,41.38172912597656,16.309661865234375,-1.223333716392517,212.3291778564453,201.19761657714844,-1.223333716392517,212.3291778564453,201.19761657714844,0.0,0.0,0.0,-1.223333716392517,212.3291778564453,201.19761657714844,-15.794853210449219,202.12339782714844,162.56419372558594,0.3425958752632141,0.23995152115821838,0.908323347568512,-15.794853210449219,202.12339782714844,162.56419372558594,-15.184632301330566,193.92245483398438,136.77064514160156,-0.022540023550391197,0.30292218923568726,0.9527487754821777,-15.184632301330566,193.92245483398438,136.77064514160156,-7.224154949188232,187.91839599609375,121.08905792236328,-0.4283728003501892,0.32309311628341675,0.8438646793365479,1111,46.694664001464844,15.578988075256348,2.6556527614593506,230.9285125732422,194.34584045410156,-14.583415985107422,230.1055145263672,134.0829620361328,0.2750086784362793,0.013128992170095444,0.9613520503044128,-14.583415985107422,230.1055145263672,134.0829620361328,-13.300576210021973,230.3375701904297,99.99464416503906,-0.03760533407330513,-0.006802510470151901,0.9992694854736328,-13.300576210021973,230.3375701904297,99.99464416503906,-12.140678405761719,227.39830017089844,81.06464385986328,-0.06043679267168045,0.1531514674425125,0.9863528609275818,-12.140678405761719,227.39830017089844,81.06464385986328,-11.027312278747559,223.1656036376953,68.22361755371094,-0.08206790685653687,0.31199848651885986,0.9465314745903015,1112,53.2048225402832,15.300636291503906,12.170737266540527,233.88661193847656,191.06141662597656,3.721261739730835,234.23008728027344,132.2196044921875,0.1421361118555069,-0.005777902901172638,0.9898301959037781,3.721261739730835,234.23008728027344,132.2196044921875,1.712905764579773,198.7665557861328,117.9690933227539,0.05247538536787033,0.9266098141670227,0.37234485149383545,1.712905764579773,198.7665557861328,117.9690933227539,2.9636664390563965,186.0924835205078,136.61380004882812,-0.05539430305361748,0.5613155364990234,-0.8257458806037903,2.9636664390563965,186.0924835205078,136.61380004882812,4.216310977935791,187.0420379638672,151.4521026611328,-0.08394993841648102,-0.0636373981833458,-0.9944358468055725,1113,51.15785598754883,14.559525489807129,22.39698028564453,234.4188690185547,188.88986206054688,22.798931121826172,235.65789794921875,135.53286743164062,-0.007530991919338703,-0.023214571177959442,0.9997020959854126,22.798931121826172,235.65789794921875,135.53286743164062,19.40534782409668,201.8203125,125.42837524414062,0.09565656632184982,0.9537963271141052,0.28482019901275635,19.40534782409668,201.8203125,125.42837524414062,18.610506057739258,192.97474670410156,145.5518035888672,0.036135584115982056,0.4021425247192383,-0.9148635864257812,18.610506057739258,192.97474670410156,145.5518035888672,18.967119216918945,195.97975158691406,160.07546997070312,-0.024037711322307587,-0.20255406200885773,-0.9789759516716003,1114,40.1068115234375,12.93290901184082,33.29684829711914,229.11004638671875,188.6319580078125,40.31515884399414,232.9859161376953,139.88006591796875,-0.14205166697502136,-0.07844819128513336,0.9867457151412964,40.31515884399414,232.9859161376953,139.88006591796875,33.52034378051758,207.6245880126953,129.93516540527344,0.24201419949531555,0.9033066630363464,0.35421231389045715,33.52034378051758,207.6245880126953,129.93516540527344,31.965559005737305,200.33470153808594,143.55966186523438,0.10011371970176697,0.469401091337204,-0.877291202545166,31.965559005737305,200.33470153808594,143.55966186523438,32.601810455322266,201.52305603027344,157.17958068847656,-0.046487659215927124,-0.08682701736688614,-0.9951382279396057
1,11.681254386901855,227.39573669433594,152.9269561767578,0.08996032178401947,0.16312910616397858,-0.12794208526611328,-0.6649327874183655,0.034271858632564545,-0.7461165189743042,31.197086334228516,222.41249084472656,214.53427124023438,184.1685791015625,214.52806091308594,386.1825256347656,1110,41.38172912597656,16.309661865234375,0.7475292682647705,212.16798400878906,201.81016540527344,0.7475292682647705,212.16798400878906,201.81016540527344,0.0,0.0,0.0,0.7475292682647705,212.16798400878906,201.81016540527344,-13.705384254455566,202.1741943359375,163.076904296875,0.33980733156204224,0.23496738076210022,0.910670816898346,-13.705384254455566,202.1741943359375,163.076904296875,-12.807937622070312,193.95651245117188,137.2970733642578,-0.03314941003918648,0.3035403788089752,0.9522417783737183,-12.807937622070312,193.95651245117188,137.2970733642578,-4.649455547332764,187.86663818359375,121.75093078613281,-0.4390279948711395,0.3277111351490021,0.8365762233734131,1111,46.694664001464844,15.578988075256348,4.915424823760986,230.7252197265625,195.01412963867188,-12.241925239562988,230.32127380371094,134.72366333007812,0.27370503544807434,0.0064440034329891205,0.9617920517921448,-12.241925239562988,230.32127380371094,134.72366333007812,-10.872442245483398,230.41529846191406,100.63805389404297,-0.040145207196474075,-0.0027562512550503016,0.999190092086792,-10.872442245483398,230.41529846191406,100.63805389404297,-9.698871612548828,227.29269409179688,81.73827362060547,-0.061149220913648605,0.16270415484905243,0.9847782254219055,-9.698871612548828,227.29269409179688,81.73827362060547,-8.610574722290039,222.92816162109375,68.93930053710938,-0.08022001385688782,0.32171630859375,0.9434316754341125,1112,53.2048225402832,15.300636291503906,14.478801727294922,233.54901123046875,191.75181579589844,6.125364303588867,234.17579650878906,132.8986358642578,0.1405206024646759,-0.01054371241480112,0.9900216460227966,6.125364303588867,234.17579650878906,132.8986358642578,3.6117093563079834,198.75694274902344,118.61721801757812,0.06567809730768204,0.9254424571990967,0.37315240502357483,3.6117093563079834,198.75694274902344,118.61721801757812,4.645048141479492,186.02932739257812,137.23875427246094,-0.04576501622796059,0.5636868476867676,-0.8247197270393372,4.645048141479492,186.02932739257812,137.23875427246094,5.88665246963501,186.84640502929688,152.08587646484375,-0.08320999890565872,-0.05475901439785957,-0.9950263500213623,1113,51.15785598754883,14.559525489807129,24.71518325805664,233.93362426757812,189.596923828125,25.21721076965332,235.30848693847656,136.2440948486328,-0.009406037628650665,-0.025759564712643623,0.9996239542961121,25.21721076965332,235.30848693847656,136.2440948486328,21.30524444580078,201.51495361328125,126.17970275878906,0.11026851832866669,0.9525549411773682,0.2836899757385254,21.30524444580078,201.51495361328125,126.17970275878906,20.40774917602539,192.7119903564453,146.31748962402344,0.0408024862408638,0.4002057611942291,-0.9155165553092957,20.40774917602539,192.7119903564453,146.31748962402344,20.827930450439453,195.7129669189453,160.8402862548828,-0.02832256257534027,-0.20228256285190582,-0.9789175391197205,1114,40.1068115234375,12.93290901184082,35.53460693359375,228.46263122558594,189.3409881591797,42.68474197387695,232.36253356933594,140.61016845703125,-0.14471980929374695,-0.07893460988998413,0.9863191246986389,42.68474197387695,232.36253356933594,140.61016845703125,35.52202224731445,207.10426330566406,130.66116333007812,0.2551180422306061,0.8996359705924988,0.3543585240840912,35.52202224731445,207.10426330566406,130.66116333007812,33.853206634521484,199.87527465820312,144.30459594726562,0.10745629668235779,0.4654800593852997,-0.8785109519958496,33.853206634521484,199.87527465820312,144.30459594726562,34.509376525878906,201.1194305419922,157.91859436035156,-0.04794296249747276,-0.09090407937765121,-0.9947049617767334
1,14.024527549743652,227.40240478515625,153.76846313476562,0.0684424340724945,0.16454584896564484,-0.12432505935430527,-0.6680622696876526,0.0379992239177227,-0.7431344985961914,33.4718132019043,222.1676025390625,215.37281799316406,187.1632537841797,213.42567443847656,386.3350524902344,1110,41.38172912597656,16.309661865234375,2.7619330883026123,212.47396850585938,202.66932678222656,2.7619330883026123,212.47396850585938,202.66932678222656,0.0,0.0,0.0,2.7619330883026123,212.47396850585938,202.66932678222656,-11.574073791503906,202.60899353027344,163.8596649169922,0.3370586633682251,0.23193873465061188,0.9124669432640076,-11.574073791503906,202.60899353027344,163.8596649169922,-10.434507369995117,194.2569122314453,138.1326446533203,-0.0420926995575428,0.30850473046302795,0.9502909779548645,-10.434507369995117,194.2569122314453,138.1326446533203,-2.135186195373535,187.96343994140625,122.7429428100586,-0.4466072618961334,0.33866751194000244,0.8281583786010742,1111,46.694664001464844,15.578988075256348,7.328646183013916,230.92880249023438,195.8507843017578,-9.828766822814941,230.81942749023438,135.55908203125,0.27370601892471313,0.0017448199214413762,0.9618117809295654,-9.828766822814941,230.81942749023438,135.55908203125,-8.445573806762695,230.77001953125,101.47393798828125,-0.04054711014032364,0.0014483517734333873,0.9991766214370728,-8.445573806762695,230.77001953125,101.47393798828125,-7.325973033905029,227.4897003173828,82.59761810302734,-0.05833711847662926,0.17092196643352509,0.9835560321807861,-7.325973033905029,227.4897003173828,82.59761810302734,-6.324802875518799,223.02915954589844,69.82465362548828,-0.07379774004220963,0.32879307866096497,0.9415141940116882,1112,53.2048225402832,15.300636291503906,16.950815200805664,233.54214477539062,192.58596801757812,8.617341995239258,234.275634765625,133.731201171875,0.14018477499485016,-0.012338688597083092,0.9900484681129456,8.617341995239258,234.275634765625,133.731201171875,5.343579292297363,198.899658203125,119.49756622314453,0.08553855866193771,0.9243217706680298,0.37190374732017517,5.343579292297363,198.899658203125,119.49756622314453,6.097994327545166,186.14617919921875,138.1147918701172,-0.033411905169487,0.5648323893547058,-0.8245288729667664,6.097994327545166,186.14617919921875,138.1147918701172,7.349923610687256,186.84938049316406,152.96685791015625,-0.08390206843614578,-0.04712729901075363,-0.9953590035438538,1113,51.15785598754883,14.559525489807129,27.193269729614258,233.70376586914062,190.43167114257812,27.7288818359375,235.00144958496094,137.07723999023438,-0.01003528293222189,-0.024313533678650856,0.9996540546417236,27.7288818359375,235.00144958496094,137.07723999023438,23.08053207397461,201.2760772705078,127.09769439697266,0.1310252696275711,0.9506332874298096,0.2812982499599457,23.08053207397461,201.2760772705078,127.09769439697266,22.015417098999023,192.53012084960938,147.2521514892578,0.04842290282249451,0.3976139724254608,-0.9162741303443909,22.015417098999023,192.53012084960938,147.2521514892578,22.51272201538086,195.52784729003906,161.773193359375,-0.033521104604005814,-0.20206336677074432,-0.9787986278533936,1114,40.1068115234375,12.93290901184082,37.89249801635742,228.00094604492188,190.18362426757812,45.1286506652832,231.68577575683594,141.4487762451172,-0.1464608609676361,-0.07458152621984482,0.9864009022712708,45.1286506652832,231.68577575683594,141.4487762451172,37.42441177368164,206.57174682617188,131.53929138183594,0.2744055390357971,0.8944982886314392,0.3529508113861084,37.42441177368164,206.57174682617188,131.53929138183594,35.60746383666992,199.42518615722656,145.20721435546875,0.11699458211660385,0.460172176361084,-0.8800873756408691,35.60746383666992,199.42518615722656,145.20721435546875,36.302791595458984,200.71978759765625,158.81455993652344,-0.05080404505133629,-0.09458990395069122,-0.9942191243171692
1,16.447341918945312,227.3670196533203,154.58151245117188,0.05324588343501091,0.16690561175346375,-0.12192552536725998,-0.6701258420944214,0.04191422834992409,-0.741063117980957,35.8496208190918,221.8672637939453,216.17449951171875,190.0157928466797,212.22467041015625,386.6601867675781,1110,41.38172912597656,16.309661865234375,4.963622570037842,212.58538818359375,203.47555541992188,4.963622570037842,212.58538818359375,203.47555541992188,0.0,0.0,0.0,4.963622570037842,212.58538818359375,203.47555541992188,-9.162490844726562,202.83892822265625,164.5591278076172,0.3321237862110138,0.22915226221084595,0.9149771332740784,-9.162490844726562,202.83892822265625,164.5591278076172,-7.750259876251221,194.41226196289062,138.86997985839844,-0.0521642342209816,0.3112597167491913,0.9488920569419861,-7.750259876251221,194.41226196289062,138.86997985839844,0.680462121963501,187.9953155517578,123.6031723022461,-0.45367810130119324,0.34531182050704956,0.8215448260307312,1111,46.694664001464844,15.578988075256348,9.809462547302246,230.9723663330078,196.6663360595703,-7.352903842926025,231.15553283691406,136.376220703125,0.2737850546836853,-0.0029219891875982285,0.9617864489555359,-7.352903842926025,231.15553283691406,136.376220703125,-5.92654275894165,231.00588989257812,102.29314422607422,-0.04181253910064697,0.004386653192341328,0.9991158246994019,-5.92654275894165,231.00588989257812,102.29314422607422,-4.829421043395996,227.62350463867188,83.43352508544922,-0.05716584250330925,0.17624016106128693,0.982685923576355,-4.829421043395996,227.62350463867188,83.43352508544922,-3.8798043727874756,223.11251831054688,70.67434692382812,-0.06999765336513519,0.3325115144252777,0.9404979944229126,1112,53.2048225402832,15.300636291503906,19.469921112060547,233.44102478027344,193.4019775390625,11.143403053283691,234.33218383789062,134.54840087890625,0.14006778597831726,-0.014990980736911297,0.990028440952301,11.143403053283691,234.33218383789062,134.54840087890625,7.332871437072754,199.00711059570312,120.32196807861328,0.0995635837316513,0.9229921698570251,0.3717157542705536,7.332871437072754,199.00711059570312,120.32196807861328,7.891554355621338,186.2062225341797,138.91354370117188,-0.024743223562836647,0.5669320225715637,-0.8233928084373474,7.891554355621338,186.2062225341797,138.91354370117188,9.149070739746094,186.79449462890625,153.77015686035156,-0.08427637815475464,-0.03942488506436348,-0.9956622123718262,1113,51.15785598754883,14.559525489807129,29.71346092224121,233.44822692871094,191.24679565429688,30.264053344726562,234.76593017578125,137.89300537109375,-0.010315954685211182,-0.02468862012028694,0.9996419548988342,30.264053344726562,234.76593017578125,137.89300537109375,25.09372329711914,201.1076202392578,127.94386291503906,0.14573855698108673,0.9487428665161133,0.2804412245750427,25.09372329711914,201.1076202392578,127.94386291503906,23.913867950439453,192.35826110839844,148.0904541015625,0.05363929271697998,0.39776861667633057,-0.9159164428710938,23.913867950439453,192.35826110839844,148.0904541015625,24.467653274536133,195.32167053222656,162.61648559570312,-0.037328220903873444,-0.19975033402442932,-0.9791355729103088,1114,40.1068115234375,12.93290901184082,40.324832916259766,227.58372497558594,190.9947052001953,47.611846923828125,231.18408203125,142.26112365722656,-0.14749030768871307,-0.07287179678678513,0.9863753914833069,47.611846923828125,231.18408203125,142.26112365722656,39.525238037109375,206.18907165527344,132.35537719726562,0.2880246043205261,0.8902592658996582,0.35281771421432495,39.525238037109375,206.18907165527344,132.35537719726562,37.605133056640625,199.07925415039062,146.0283660888672,0.123636893928051,0.4578061103820801,-0.880413293838501,37.605133056640625,199.07925415039062,146.0283660888672,38.33024597167969,200.38816833496094,159.63278198242188,-0.05298031494021416,-0.09563570469617844,-0.9940055012702942
1,18.96822166442871,227.25241088867188,155.39340209960938,0.03834982216358185,0.16363829374313354,-0.1172669529914856,-0.6695619225502014,0.04660270735621452,-0.7412928342819214,38.17905807495117,221.78395080566406,217.0469512939453,192.2154998779297,211.062744140625,387.5854797363281,1110,41.38172912597656,16.309661865234375,7.162161350250244,212.8927764892578,204.33639526367188,7.162161350250244,212.8927764892578,204.33639526367188,0.0,0.0,0.0,7.162161350250244,212.8927764892578,204.33639526367188,-6.622641086578369,203.00775146484375,165.33262634277344,0.3240991234779358,0.23241013288497925,0.9170306921005249,-6.622641086578369,203.00775146484375,165.33262634277344,-4.8423590660095215,194.33970642089844,139.7468719482422,-0.06575912237167358,0.3201757073402405,0.9450731873512268,-4.8423590660095215,194.33970642089844,139.7468719482422,3.76985764503479,187.7074432373047,124.67462158203125,-0.4634445905685425,0.3568984270095825,0.8110749125480652,1111,46.694664001464844,15.578988075256348,12.300947189331055,231.16952514648438,197.44569396972656,-4.734793186187744,231.3109130859375,137.11956787109375,0.2717650532722473,-0.0022555110044777393,0.9623610377311707,-4.734793186187744,231.3109130859375,137.11956787109375,-3.2079150676727295,230.91038513183594,103.0428695678711,-0.044759105890989304,0.01174112968146801,0.9989288449287415,-3.2079150676727295,230.91038513183594,103.0428695678711,-2.1060376167297363,227.38893127441406,84.20899963378906,-0.05741364136338234,0.18348637223243713,0.9813442230224609,-2.1060376167297363,227.38893127441406,84.20899963378906,-1.1893582344055176,222.81483459472656,71.46990203857422,-0.06756982207298279,0.3371635675430298,0.9390180706977844,1112,53.2048225402832,15.300636291503906,22.004425048828125,233.47457885742188,194.1893310546875,13.811360359191895,234.1967315673828,135.314697265625,0.13782280683517456,-0.01214797142893076,0.9903824329376221,13.811360359191895,234.1967315673828,135.314697265625,9.490321159362793,198.88380432128906,121.20450592041016,0.11290241777896881,0.9226750135421753,0.36867862939834595,9.490321159362793,198.88380432128906,121.20450592041016,9.803425788879395,186.07838439941406,139.79872131347656,-0.013866930268704891,0.5671326518058777,-0.8235096335411072,9.803425788879395,186.07838439941406,139.79872131347656,11.029594421386719,186.60557556152344,154.6602325439453,-0.0821755900979042,-0.03533139452338219,-0.9959914684295654,1113,51.15785598754883,14.559525489807129,32.251220703125,233.31521606445312,192.05560302734375,32.92959976196289,234.3564910888672,138.6971893310547,-0.01271018199622631,-0.019509438425302505,0.9997288584709167,32.92959976196289,234.3564910888672,138.6971893310547,27.27405548095703,200.73202514648438,128.89874267578125,0.15941552817821503,0.9477888941764832,0.2761934995651245,27.27405548095703,200.73202514648438,128.89874267578125,25.898094177246094,192.0508575439453,149.0623779296875,0.06255480647087097,0.3946686089038849,-0.9166916608810425,25.898094177246094,192.0508575439453,149.0623779296875,26.451797485351562,195.0417938232422,163.582763671875,-0.03732270747423172,-0.2016058713197708,-0.9787553548812866,1114,40.1068115234375,12.93290901184082,42.77262496948242,227.2888641357422,191.85504150390625,50.2120246887207,230.5332794189453,143.11947631835938,-0.15057457983493805,-0.06566745787858963,0.9864152669906616,50.2120246887207,230.5332794189453,143.11947631835938,41.767578125,205.62257385253906,133.30032348632812,0.3007698655128479,0.8872564435005188,0.3497334122657776,41.767578125,205.62257385253906,133.30032348632812,39.70863723754883,198.59765625,146.99696350097656,0.13257671892642975,0.4523395895957947,-0.8819367289543152,39.70863723754883,198.59765625,146.99696350097656,40.42864990234375,199.96730041503906,160.59567260742188,-0.05260765552520752,-0.10007291287183762,-0.9935883283615112
1,21.678359985351562,227.19093322753906,156.2911376953125,0.039252061396837234,0.16480949521064758,-0.1127806007862091,-0.6664528846740723,0.049119625240564346,-0.7439272999763489,40.61284637451172,221.63047790527344,218.02102661132812,193.9340362548828,210.33023071289062,389.1656494140625,1110,41.38172912597656,16.309661865234375,9.652503967285156,212.76773071289062,205.16188049316406,9.652503967285156,212.76773071289062,205.16188049316406,0.0,0.0,0.0,9.652503967285156,212.76773071289062,205.16188049316406,-3.6478559970855713,202.80099487304688,166.010986328125,0.3127092719078064,0.23433130979537964,0.9204899668693542,-3.6478559970855713,202.80099487304688,166.010986328125,-1.4104162454605103,194.091796875,140.4751434326172,-0.08264535665512085,0.3216957151889801,0.9432293772697449,-1.4104162454605103,194.091796875,140.4751434326172,7.449120998382568,187.4705352783203,125.54204559326172,-0.4767535924911499,0.35630643367767334,0.8035869002342224,1111,46.694664001464844,15.578988075256348,14.820137977600098,231.0538330078125,198.31773376464844,-1.942137598991394,231.26976013183594,137.915283203125,0.2674025893211365,-0.003444608300924301,0.9635787010192871,-1.942137598991394,231.26976013183594,137.915283203125,-0.23628458380699158,230.78619384765625,103.84815216064453,-0.05000559240579605,0.014175324700772762,0.9986482858657837,-0.23628458380699158,230.78619384765625,103.84815216064453,0.962985098361969,227.23776245117188,85.0252914428711,-0.062488265335559845,0.1848919689655304,0.9807701706886292,0.962985098361969,227.23776245117188,85.0252914428711,1.9432988166809082,222.6818084716797,72.28443145751953,-0.07226040959358215,0.3358262777328491,0.9391480684280396,1112,53.2048225402832,15.300636291503906,24.53797721862793,233.36419677734375,195.10830688476562,16.611637115478516,234.16012573242188,136.1981201171875,0.13333599269390106,-0.013389025814831257,0.9909803867340088,16.611637115478516,234.16012573242188,136.1981201171875,12.360408782958984,198.85012817382812,122.05939483642578,0.11107833683490753,0.9225982427597046,0.36942407488822937,12.360408782958984,198.85012817382812,122.05939483642578,12.58945083618164,186.010986328125,140.63157653808594,-0.010143923573195934,0.5686259865760803,-0.8225336074829102,12.58945083618164,186.010986328125,140.63157653808594,13.744511604309082,186.4771728515625,155.50082397460938,-0.07741005718708038,-0.031242966651916504,-0.9965096712112427,1113,51.15785598754883,14.559525489807129,34.79435348510742,233.2087860107422,193.0208282470703,35.71433639526367,234.31790161132812,139.66738891601562,-0.017236893996596336,-0.020780501887202263,0.9996354579925537,35.71433639526367,234.31790161132812,139.66738891601562,30.090383529663086,200.69107055664062,129.85885620117188,0.1585250347852707,0.9478554725646973,0.27647778391838074,30.090383529663086,200.69107055664062,129.85885620117188,28.652202606201172,191.95289611816406,149.99351501464844,0.0653834417462349,0.3972600996494293,-0.9153738617897034,28.652202606201172,191.95289611816406,149.99351501464844,29.163606643676758,194.92698669433594,164.51890563964844,-0.03447151184082031,-0.2004704624414444,-0.9790931344032288,1114,40.1068115234375,12.93290901184082,45.317325592041016,227.1839599609375,192.8602752685547,52.97703552246094,230.4911651611328,144.1630859375,-0.15503373742103577,-0.0669383555650711,0.9856387972831726,52.97703552246094,230.4911651611328,144.1630859375,44.57863235473633,205.5835418701172,134.29669189453125,0.29912975430488586,0.8871461749076843,0.35141584277153015,44.57863235473633,205.5835418701172,134.29669189453125,42.456031799316406,198.53819274902344,147.9730987548828,0.1366758495569229,0.4536553621292114,-0.8806341886520386,42.456031799316406,198.53819274902344,147.9730987548828,43.120548248291016,199.91416931152344,161.57398986816406,-0.04855284467339516,-0.10053562372922897,-0.9937480688095093
1,24.38607406616211,227.10166931152344,157.08798217773438,0.03853292763233185,0.1670694500207901,-0.10793396085500717,-0.6605295538902283,0.05124639719724655,-0.7490490674972534,42.99897384643555,221.3839111328125,218.90525817871094,194.9574737548828,209.59439086914062,391.2281494140625,1110,41.38172912597656,16.309661865234375,12.111856460571289,212.5906524658203,205.8708953857422,12.111856460571289,212.5906524658203,205.8708953857422,0.0,0.0,0.0,12.111856460571289,212.5906524658203,205.8708953857422,-0.7090858817100525,202.64498901367188,166.5550537109375,0.30143749713897705,0.2338358610868454,0.9243680834770203,-0.7090858817100525,202.64498901367188,166.5550537109375,2.0282094478607178,193.92884826660156,141.07032775878906,-0.10110878199338913,0.321952223777771,0.9413414597511292,2.0282094478607178,193.92884826660156,141.07032775878906,11.208946228027344,187.32513427734375,126.32464599609375,-0.4940379559993744,0.35536202788352966,0.7935012578964233,1111,46.694664001464844,15.578988075256348,17.339012145996094,230.88365173339844,199.09068298339844,0.8572507500648499,231.25668334960938,138.61184692382812,0.2629276216030121,-0.005950839724391699,0.9647971391677856,0.8572507500648499,231.25668334960938,138.61184692382812,2.7324635982513428,230.69815063476562,104.55476379394531,-0.05497023090720177,0.01637290045619011,0.9983537197113037,2.7324635982513428,230.69815063476562,104.55476379394531,4.017020225524902,227.1460418701172,85.73822784423828,-0.06693217903375626,0.18508361279964447,0.9804408550262451,4.017020225524902,227.1460418701172,85.73822784423828,5.048722267150879,222.63613891601562,72.98504638671875,-0.07604831457138062,0.33243173360824585,0.9400562047958374,1112,53.2048225402832,15.300636291503906,27.075130462646484,233.18609619140625,195.9313507080078,19.423166275024414,234.122314453125,136.98695373535156,0.1287204623222351,-0.01574895717203617,0.9915558695793152,19.423166275024414,234.122314453125,136.98695373535156,15.123208045959473,198.8349151611328,122.80662536621094,0.11235158890485764,0.9220079183578491,0.37051114439964294,15.123208045959473,198.8349151611328,122.80662536621094,15.33240795135498,185.9716796875,141.3623504638672,-0.009265149012207985,0.5696933269500732,-0.8218051195144653,15.33240795135498,185.9716796875,141.3623504638672,16.484718322753906,186.39341735839844,156.23313903808594,-0.07722572982311249,-0.028264084830880165,-0.9966129660606384,1113,51.15785598754883,14.559525489807129,37.34082794189453,233.0194854736328,193.8910675048828,38.509796142578125,234.2432403564453,140.54501342773438,-0.02190190926194191,-0.022928398102521896,0.9994971752166748,38.509796142578125,234.2432403564453,140.54501342773438,32.87067413330078,200.63070678710938,130.6963348388672,0.15895269811153412,0.947452962398529,0.27760952711105347,32.87067413330078,200.63070678710938,130.6963348388672,31.339214324951172,191.84083557128906,150.8015899658203,0.0696241483092308,0.39961040019989014,-0.9140371680259705,31.339214324951172,191.84083557128906,150.8015899658203,31.802993774414062,194.80911254882812,165.32977294921875,-0.03126133605837822,-0.20007851719856262,-0.9792810678482056,1114,40.1068115234375,12.93290901184082,47.8552360534668,226.97889709472656,193.76611328125,55.74562072753906,230.38026428222656,145.1122589111328,-0.1597026288509369,-0.06884420663118362,0.9847617149353027,55.74562072753906,230.38026428222656,145.1122589111328,47.35329818725586,205.49862670898438,135.1754150390625,0.2989133298397064,0.8862211108207703,0.35392528772354126,47.35329818725586,205.49862670898438,135.1754150390625,45.1575813293457,198.43435668945312,148.83050537109375,0.1413838416337967,0.45487359166145325,-0.8792613744735718,45.1575813293457,198.43435668945312,148.83050537109375,45.771175384521484,199.8144073486328,162.43338012695312,-0.04483218863606453,-0.10083326697349548,-0.9938926696777344
1,27.100894927978516,226.70269775390625,157.6519317626953,0.03930714726448059,0.17173905670642853,-0.104391910135746,-0.652113139629364,0.05389659106731415,-0.7562034130096436,45.42564010620117,220.70407104492188,219.53787231445312,195.44789123535156,208.3048553466797,393.5066833496094,1110,41.38172912597656,16.309661865234375,14.650588035583496,211.95919799804688,206.32037353515625,14.650588035583496,211.95919799804688,206.32037353515625,0.0,0.0,0.0,14.650588035583496,211.95919799804688,206.32037353515625,2.3393759727478027,202.1242218017578,166.81422424316406,0.28945305943489075,0.2312334179878235,0.928842306137085,2.3393759727478027,202.1242218017578,166.81422424316406,5.6190571784973145,193.47459411621094,141.3708953857422,-0.12114313244819641,0.31949537992477417,0.9398122429847717,5.6190571784973145,193.47459411621094,141.3708953857422,15.193887710571289,186.9449920654297,126.844482421875,-0.5152454376220703,0.351374089717865,0.7817023396492004,1111,46.694664001464844,15.578988075256348,19.90035629272461,230.28466796875,199.64613342285156,3.6391031742095947,230.94308471679688,139.1100616455078,0.25940993428230286,-0.010503485798835754,0.9657102227210999,3.6391031742095947,230.94308471679688,139.1100616455078,5.6688551902771,230.3333740234375,105.0627212524414,-0.05950041860342026,0.017873140051960945,0.9980682730674744,5.6688551902771,230.3333740234375,105.0627212524414,7.034505367279053,226.8056182861328,86.247314453125,-0.07115757465362549,0.18381467461585999,0.9803819060325623,7.034505367279053,226.8056182861328,86.247314453125,8.119186401367188,222.343994140625,73.48155975341797,-0.07995350658893585,0.3288731873035431,0.9409834146499634,1112,53.2048225402832,15.300636291503906,29.647666931152344,232.60299682617188,196.53326416015625,22.210494995117188,233.81817626953125,137.5664825439453,0.1251072883605957,-0.020441614091396332,0.9919326901435852,22.210494995117188,233.81817626953125,137.5664825439453,17.8671932220459,198.58413696289062,123.26714324951172,0.11348406225442886,0.9206134080886841,0.3736206293106079,17.8671932220459,198.58413696289062,123.26714324951172,18.150768280029297,185.66339111328125,141.78187561035156,-0.012559113092720509,0.57224041223526,-0.8199896812438965,18.150768280029297,185.66339111328125,141.78187561035156,19.359018325805664,186.0370330810547,156.64950561523438,-0.08097472041845322,-0.025040805339813232,-0.9964015483856201,1113,51.15785598754883,14.559525489807129,39.92074966430664,232.4470672607422,194.5296630859375,41.28401565551758,233.92404174804688,141.1946258544922,-0.02554229088127613,-0.027672743424773216,0.9992907047271729,41.28401565551758,233.92404174804688,141.1946258544922,35.68251037597656,200.3397216796875,131.22889709472656,0.15789233148097992,0.9466574192047119,0.2809087932109833,35.68251037597656,200.3397216796875,131.22889709472656,34.07622528076172,191.45718383789062,151.2875213623047,0.07302593439817429,0.40382346510887146,-0.9119176864624023,34.07622528076172,191.45718383789062,151.2875213623047,34.4926643371582,194.40420532226562,165.82147216796875,-0.02807031385600567,-0.198645681142807,-0.9796692728996277,1114,40.1068115234375,12.93290901184082,50.43622589111328,226.4081268310547,194.41436767578125,58.50351333618164,230.0410919189453,145.80628967285156,-0.16328316926956177,-0.07353178411722183,0.9838351607322693,58.50351333618164,230.0410919189453,145.80628967285156,50.150569915771484,205.19418334960938,135.7500762939453,0.29751071333885193,0.884984016418457,0.3581768870353699,50.150569915771484,205.19418334960938,135.7500762939453,47.902896881103516,198.08126831054688,149.37142944335938,0.14472924172878265,0.4580056071281433,-0.8770885467529297,47.902896881103516,198.08126831054688,149.37142944335938,48.474281311035156,199.44313049316406,162.97796630859375,-0.041748177260160446,-0.09950439631938934,-0.9941609501838684
1,29.83220100402832,226.14584350585938,158.1497039794922,0.033260419964790344,0.17196537554264069,-0.09853021800518036,-0.6421751379966736,0.058577924966812134,-0.7643164992332458,47.75910949707031,220.04342651367188,220.1509552001953,195.4950714111328,206.56724548339844,395.9862365722656,1110,41.38172912597656,16.309661865234375,17.053552627563477,211.5071563720703,206.76466369628906,17.053552627563477,211.5071563720703,206.76466369628906,0.0,0.0,0.0,17.053552627563477,211.5071563720703,206.76466369628906,5.168302059173584,201.64678955078125,167.1345977783203,0.2794381380081177,0.231830433011055,0.9317559003829956,5.168302059173584,201.64678955078125,167.1345977783203,8.876412391662598,192.90489196777344,141.7817840576172,-0.13696816563606262,0.32290345430374146,0.9364684820175171,8.876412391662598,192.90489196777344,141.7817840576172,18.7149600982666,186.30230712890625,127.46611022949219,-0.5294367074966431,0.35530149936676025,0.7703619599342346,1111,46.694664001464844,15.578988075256348,22.460275650024414,229.79351806640625,200.10850524902344,6.487015247344971,230.54013061523438,139.496826171875,0.2548156678676605,-0.011910440400242805,0.9669162631034851,6.487015247344971,230.54013061523438,139.496826171875,8.70482349395752,229.70941162109375,105.46589660644531,-0.06501313298940659,0.024351809173822403,0.9975873231887817,8.70482349395752,229.70941162109375,105.46589660644531,10.148336410522461,226.10877990722656,86.67012023925781,-0.07521465420722961,0.18761193752288818,0.9793592691421509,10.148336410522461,226.10877990722656,86.67012023925781,11.270033836364746,221.6212921142578,73.9166259765625,-0.08268199115991592,0.33077943325042725,0.9400790929794312,1112,53.2048225402832,15.300636291503906,32.23773193359375,232.0436248779297,197.04042053222656,25.084739685058594,233.28695678710938,138.03907775878906,0.12032683938741684,-0.020915191620588303,0.9925140738487244,25.084739685058594,233.28695678710938,138.03907775878906,20.482439041137695,198.09535217285156,123.71627044677734,0.12025131285190582,0.9195045828819275,0.37423378229141235,20.482439041137695,198.09535217285156,123.71627044677734,20.699983596801758,185.1614990234375,142.2227325439453,-0.00963472481817007,0.5728211402893066,-0.8196236491203308,20.699983596801758,185.1614990234375,142.2227325439453,21.92967414855957,185.5263671875,157.08883666992188,-0.08241154998540878,-0.024452779442071915,-0.9962983727455139,1113,51.15785598754883,14.559525489807129,42.51874923706055,231.8163299560547,195.08493041992188,44.14137268066406,233.26316833496094,141.75633239746094,-0.03040163777768612,-0.02710811048746109,0.9991700649261475,44.14137268066406,233.26316833496094,141.75633239746094,38.375423431396484,199.70639038085938,131.79161071777344,0.16252759099006653,0.9458810687065125,0.2808804214000702,38.375423431396484,199.70639038085938,131.79161071777344,36.56614303588867,190.8436737060547,151.8417205810547,0.08225462585687637,0.40292230248451233,-0.9115304946899414,36.56614303588867,190.8436737060547,151.8417205810547,36.90708923339844,193.83042907714844,166.36953735351562,-0.022981656715273857,-0.20132380723953247,-0.9792550802230835,1114,40.1068115234375,12.93290901184082,52.99290084838867,225.7052459716797,195.02096557617188,61.31203842163086,229.2637939453125,146.44984436035156,-0.16838066279888153,-0.07202557474374771,0.9830871820449829,61.31203842163086,229.2637939453125,146.44984436035156,52.89198684692383,204.4530029296875,136.3604736328125,0.29990091919898987,0.883697509765625,0.3593578338623047,52.89198684692383,204.4530029296875,136.3604736328125,50.413970947265625,197.406005859375,149.9761199951172,0.15956130623817444,0.45376142859458923,-0.8767216801643372,50.413970947265625,197.406005859375,149.9761199951172,50.828834533691406,198.829833984375,163.5819854736328,-0.030311988666653633,-0.10403193533420563,-0.9941118955612183
1,32.6298942565918,225.57090759277344,158.61692810058594,0.026616845279932022,0.17409251630306244,-0.09261136502027512,-0.6309399008750916,0.06422293931245804,-0.7731689810752869,50.14253616333008,219.24826049804688,220.72509765625,195.2937774658203,204.47341918945312,398.596923828125,1110,41.38172912597656,16.309661865234375,19.516061782836914,210.955810546875,207.14964294433594,19.516061782836914,210.955810546875,207.14964294433594,0.0,0.0,0.0,19.516061782836914,210.955810546875,207.14964294433594,8.041309356689453,201.18052673339844,167.3777618408203,0.2697867453098297,0.22982998192310333,0.9350900053977966,8.041309356689453,201.18052673339844,167.3777618408203,12.16184139251709,192.40304565429688,142.10105895996094,-0.15220211446285248,0.32421812415122986,0.9336579442024231,12.16184139251709,192.40304565429688,142.10105895996094,22.284753799438477,185.75064086914062,128.0084228515625,-0.5447386503219604,0.3579821288585663,0.7583591341972351,1111,46.694664001464844,15.578988075256348,25.0902156829834,229.21112060546875,200.5465545654297,9.405274391174316,230.16748046875,139.86257934570312,0.2502162754535675,-0.015256467275321484,0.9680697917938232,9.405274391174316,230.16748046875,139.86257934570312,11.787615776062012,229.14756774902344,105.84791564941406,-0.06983627378940582,0.02989785559475422,0.9971103668212891,11.787615776062012,229.14756774902344,105.84791564941406,13.29375171661377,225.51036071777344,87.06409454345703,-0.07847762852907181,0.18951766192913055,0.978736162185669,13.29375171661377,225.51036071777344,87.06409454345703,14.441104888916016,221.02772521972656,74.3111801147461,-0.08457313477993011,0.3304218053817749,0.9400365352630615,1112,53.2048225402832,15.300636291503906,34.89838790893555,231.392578125,197.52734375,28.029590606689453,232.77728271484375,138.49539184570312,0.11554614454507828,-0.023293348029255867,0.9930289387702942,28.029590606689453,232.77728271484375,138.49539184570312,23.167322158813477,197.63356018066406,124.14094543457031,0.12704388797283173,0.918253481388092,0.37506046891212463,23.167322158813477,197.63356018066406,124.14094543457031,23.297266006469727,184.71397399902344,142.658203125,-0.005755017977207899,0.5721890330314636,-0.8201014995574951,23.297266006469727,184.71397399902344,142.658203125,24.53367042541504,185.07904052734375,157.52374267578125,-0.0828615128993988,-0.024466075003147125,-0.9962606430053711,1113,51.15785598754883,14.559525489807129,45.1864128112793,231.09130859375,195.6192626953125,47.0680046081543,232.6054229736328,142.30104064941406,-0.03525369614362717,-0.028368601575493813,0.9989756345748901,47.0680046081543,232.6054229736328,142.30104064941406,41.1171875,199.094970703125,132.28919982910156,0.16773852705955505,0.9445751309394836,0.28220853209495544,41.1171875,199.094970703125,132.28919982910156,39.09854507446289,190.22152709960938,152.3145751953125,0.09177272766828537,0.40340977907180786,-0.9104055762290955,39.09854507446289,190.22152709960938,152.3145751953125,39.365413665771484,193.22329711914062,166.84083557128906,-0.017988430336117744,-0.20233602821826935,-0.9791508913040161,1114,40.1068115234375,12.93290901184082,55.614784240722656,224.9021453857422,195.59461975097656,64.18627166748047,228.47071838378906,147.06813049316406,-0.17348825931549072,-0.07222848385572433,0.9821838140487671,64.18627166748047,228.47071838378906,147.06813049316406,55.68586730957031,203.71597290039062,136.90872192382812,0.302762895822525,0.8817014098167419,0.3618524372577667,55.68586730957031,203.71597290039062,136.90872192382812,52.968414306640625,196.71563720703125,150.50274658203125,0.17497874796390533,0.45075663924217224,-0.8753290176391602,52.968414306640625,196.71563720703125,150.50274658203125,53.220794677734375,198.1721649169922,164.10914611816406,-0.018440144136548042,-0.10642103850841522,-0.9941501617431641
1,35.45258712768555,224.9543914794922,159.05870056152344,0.022795632481575012,0.17759835720062256,-0.08417002111673355,-0.6189429759979248,0.07025358080863953,-0.7822877168655396,52.39764404296875,218.3443603515625,221.3022918701172,194.78892517089844,202.18214416503906,401.2719421386719,1110,41.38172912597656,16.309661865234375,21.8955135345459,210.25473022460938,207.44386291503906,21.8955135345459,210.25473022460938,207.44386291503906,0.0,0.0,0.0,21.8955135345459,210.25473022460938,207.44386291503906,10.995417594909668,200.6057891845703,167.47994995117188,0.25627580285072327,0.22685949504375458,0.9396049380302429,10.995417594909668,200.6057891845703,167.47994995117188,15.621222496032715,191.84524536132812,142.284912109375,-0.17086555063724518,0.3235923647880554,0.9306411147117615,15.621222496032715,191.84524536132812,142.284912109375,26.091829299926758,185.18824768066406,128.4508819580078,-0.5634494423866272,0.3582296371459961,0.7444436550140381,1111,46.694664001464844,15.578988075256348,27.614152908325195,228.5015106201172,200.94149780273438,12.394989013671875,229.7310333251953,140.14393615722656,0.24278582632541656,-0.01961413212120533,0.9698815941810608,12.394989013671875,229.7310333251953,140.14393615722656,15.031049728393555,228.51913452148438,106.154296875,-0.07727383077144623,0.03552576154470444,0.9963768124580383,15.031049728393555,228.51913452148438,106.154296875,16.65719223022461,224.82940673828125,87.39073944091797,-0.0847306177020073,0.19225431978702545,0.977680504322052,16.65719223022461,224.82940673828125,87.39073944091797,17.87409210205078,220.3333740234375,74.64899444580078,-0.08969954401254654,0.33140942454338074,0.9392133951187134,1112,53.2048225402832,15.300636291503906,37.45611572265625,230.64137268066406,198.00355529785156,31.042417526245117,232.24807739257812,138.92604064941406,0.10789050906896591,-0.027027806267142296,0.9937952756881714,31.042417526245117,232.24807739257812,138.92604064941406,26.061874389648438,197.1641387939453,124.46630859375,0.13013426959514618,0.9166917204856873,0.3778115212917328,26.061874389648438,197.1641387939453,124.46630859375,26.057918548583984,184.24952697753906,142.98748779296875,0.0001751982927089557,0.5719688534736633,-0.8202753067016602,26.057918548583984,184.24952697753906,142.98748779296875,27.238679885864258,184.61073303222656,157.85763549804688,-0.07913246750831604,-0.02420737035572529,-0.9965701699256897,1113,51.15785598754883,14.559525489807129,47.75661087036133,230.2925262451172,196.17242431640625,50.0502815246582,231.9650421142578,142.8750762939453,-0.04297444596886635,-0.031336426734924316,0.998584508895874,50.0502815246582,231.9650421142578,142.8750762939453,44.03038787841797,198.50257873535156,132.7447509765625,0.16968564689159393,0.9432225823402405,0.2855483591556549,44.03038787841797,198.50257873535156,132.7447509765625,41.74641036987305,189.61459350585938,152.73513793945312,0.1038355678319931,0.4040709435939789,-0.9088150858879089,41.74641036987305,189.61459350585938,152.73513793945312,41.87803268432617,192.63145446777344,167.2601318359375,-0.008872075006365776,-0.2033531814813614,-0.9790652394294739,1114,40.1068115234375,12.93290901184082,58.15264129638672,224.0492401123047,196.2069091796875,67.11023712158203,227.72621154785156,147.75831604003906,-0.18130317330360413,-0.07442248612642288,0.980607271194458,67.11023712158203,227.72621154785156,147.75831604003906,58.618682861328125,203.02093505859375,137.4718780517578,0.302447646856308,0.8799393773078918,0.3663768768310547,58.618682861328125,203.02093505859375,137.4718780517578,55.63728713989258,196.0627899169922,151.03219604492188,0.1919742077589035,0.4480399787425995,-0.8731586337089539,55.63728713989258,196.0627899169922,151.03219604492188,55.68220138549805,197.54757690429688,164.63780212402344,-0.003281655954197049,-0.10848584771156311,-0.994092583656311
1,38.32465744018555,224.38204956054688,159.5364532470703,0.019505519419908524,0.1799250841140747,-0.07335085421800613,-0.6056471467018127,0.07427257299423218,-0.7922595143318176,54.56108093261719,217.56741333007812,221.95379638671875,193.89358520507812,200.4805908203125,404.2174987792969,1110,41.38172912597656,16.309661865234375,24.212722778320312,209.6529083251953,207.75372314453125,24.212722778320312,209.6529083251953,207.75372314453125,0.0,0.0,0.0,24.212722778320312,209.6529083251953,207.75372314453125,14.001570701599121,200.06076049804688,167.5946502685547,0.24007785320281982,0.22552423179149628,0.9441936016082764,14.001570701599121,200.06076049804688,167.5946502685547,19.13932991027832,191.2870330810547,142.5036163330078,-0.18977591395378113,0.3240794241428375,0.9267997145652771,19.13932991027832,191.2870330810547,142.5036163330078,29.942935943603516,184.60630798339844,128.93968200683594,-0.5813683867454529,0.35950610041618347,0.7299083471298218,1111,46.694664001464844,15.578988075256348,30.08863639831543,227.88345336914062,201.34674072265625,15.480792999267578,229.31536865234375,140.40383911132812,0.23303371667861938,-0.022842833772301674,0.972200334072113,15.480792999267578,229.31536865234375,140.40383911132812,18.409706115722656,227.8460235595703,106.4483413696289,-0.0858585387468338,0.043072570115327835,0.9953758120536804,18.409706115722656,227.8460235595703,106.4483413696289,20.17866325378418,224.0513916015625,87.7186508178711,-0.09217197448015213,0.19772028923034668,0.9759154319763184,20.17866325378418,224.0513916015625,87.7186508178711,21.480798721313477,219.50808715820312,75.00212860107422,-0.09598241746425629,0.33489400148391724,0.9373545050621033,1112,53.2048225402832,15.300636291503906,39.97008514404297,229.9789276123047,198.51113891601562,34.15199279785156,231.7394256591797,139.37637329101562,0.09787129610776901,-0.029614899307489395,0.9947583675384521,34.15199279785156,231.7394256591797,139.37637329101562,29.103052139282227,196.66250610351562,124.92334747314453,0.13192139565944672,0.9165083765983582,0.3776363134384155,29.103052139282227,196.66250610351562,124.92334747314453,28.92243003845215,183.8541259765625,143.51727294921875,0.007999482564628124,0.5672640204429626,-0.8234971761703491,28.92243003845215,183.8541259765625,143.51727294921875,30.008630752563477,184.2871856689453,158.39271545410156,-0.07279515266418457,-0.029022857546806335,-0.9969245195388794,1113,51.15785598754883,14.559525489807129,50.28635787963867,229.58111572265625,196.78160095214844,53.11798858642578,231.3510284423828,143.51327514648438,-0.05305372551083565,-0.03316126763820648,0.9980408549308777,53.11798858642578,231.3510284423828,143.51327514648438,47.041812896728516,197.9144744873047,133.33111572265625,0.17127206921577454,0.9424921274185181,0.2870093882083893,47.041812896728516,197.9144744873047,133.33111572265625,44.47340774536133,189.04933166503906,153.29710388183594,0.11676642298698425,0.4030326008796692,-0.9077061414718628,44.47340774536133,189.04933166503906,153.29710388183594,44.45521545410156,192.107177734375,167.81410217285156,0.001226262073032558,-0.20611591637134552,-0.9785268306732178,1114,40.1068115234375,12.93290901184082,60.649566650390625,223.28463745117188,196.90618896484375,70.10675048828125,227.01492309570312,148.55670166015625,-0.19141484797000885,-0.07550154626369476,0.9786009788513184,70.10675048828125,227.01492309570312,148.55670166015625,61.63310241699219,202.33941650390625,138.18441772460938,0.3018099367618561,0.8788792490959167,0.36943456530570984,61.63310241699219,202.33941650390625,138.18441772460938,58.38550567626953,195.4391632080078,151.713134765625,0.2091151922941208,0.4443124830722809,-0.8711242079734802,58.38550567626953,195.4391632080078,151.713134765625,58.21669387817383,196.96435546875,165.3133087158203,0.01233421079814434,-0.11143796145915985,-0.9936948418617249
1,41.224395751953125,223.72027587890625,160.00340270996094,0.02213151752948761,0.18177379667758942,-0.06181568652391434,-0.5920742750167847,0.07475792616605759,-0.8024083971977234,56.68960189819336,216.796875,222.61026000976562,192.89959716796875,199.598388671875,407.20880126953125,1110,41.38172912597656,16.309661865234375,26.559051513671875,208.88717651367188,208.0232391357422,26.559051513671875,208.88717651367188,208.0232391357422,0.0,0.0,0.0,26.559051513671875,208.88717651367188,208.0232391357422,17.151641845703125,199.29183959960938,167.66908264160156,0.22118081152439117,0.2255992293357849,0.9487802982330322,17.151641845703125,199.29183959960938,167.66908264160156,22.824899673461914,190.5402069091797,142.6859130859375,-0.2095557600259781,0.32326310873031616,0.9228149056434631,22.824899673461914,190.5402069091797,142.6859130859375,33.97439193725586,183.89402770996094,129.3875274658203,-0.5999816656112671,0.35764726996421814,0.715618908405304,1111,46.694664001464844,15.578988075256348,32.500335693359375,227.1333465576172,201.72189331054688,18.602497100830078,228.68173217773438,140.6160125732422,0.221707284450531,-0.024700846523046494,0.9748004078865051,18.602497100830078,228.68173217773438,140.6160125732422,21.84735679626465,226.91940307617188,106.70320892333984,-0.09512024372816086,0.05166114866733551,0.9941244125366211,21.84735679626465,226.91940307617188,106.70320892333984,23.788959503173828,222.97793579101562,88.02100372314453,-0.1011677160859108,0.2053711861371994,0.9734411835670471,23.788959503173828,222.97793579101562,88.02100372314453,25.20740509033203,218.35121154785156,75.3470687866211,-0.10455578565597534,0.3410428762435913,0.9342150092124939,1112,53.2048225402832,15.300636291503906,42.41312026977539,229.23910522460938,199.00579833984375,37.28321838378906,231.11648559570312,139.8109588623047,0.08629464358091354,-0.0315810851752758,0.9957690238952637,37.28321838378906,231.11648559570312,139.8109588623047,32.379093170166016,195.98304748535156,125.44557189941406,0.1281375139951706,0.917984664440155,0.37534627318382263,32.379093170166016,195.98304748535156,125.44557189941406,32.08488082885742,183.36611938476562,144.1685028076172,0.0130302207544446,0.5587847232818604,-0.8292103409767151,32.08488082885742,183.36611938476562,144.1685028076172,33.06526184082031,183.9472198486328,159.04623413085938,-0.065703384578228,-0.038944315165281296,-0.9970789551734924,1113,51.15785598754883,14.559525489807129,52.7490234375,228.84954833984375,197.39573669433594,56.1999397277832,230.72845458984375,144.1676788330078,-0.06465672701597214,-0.03520338237285614,0.9972863793373108,56.1999397277832,230.72845458984375,144.1676788330078,50.243412017822266,197.27413940429688,133.9731903076172,0.16789953410625458,0.9429929852485657,0.287356972694397,50.243412017822266,197.27413940429688,133.9731903076172,47.466835021972656,188.45785522460938,153.93295288085938,0.1262304186820984,0.40081125497817993,-0.9074227809906006,47.466835021972656,188.45785522460938,153.93295288085938,47.303932189941406,191.59625244140625,168.43185424804688,0.010980556719005108,-0.2115454226732254,-0.9773065447807312,1114,40.1068115234375,12.93290901184082,63.11313247680664,222.5576171875,197.6282958984375,73.13092041015625,226.3900146484375,149.39987182617188,-0.20276162028312683,-0.07756833732128143,0.9761509895324707,73.13092041015625,226.3900146484375,149.39987182617188,64.80430603027344,201.6898193359375,138.96743774414062,0.2965729534626007,0.8797584772109985,0.3715769052505493,64.80430603027344,201.6898193359375,138.96743774414062,61.3552360534668,194.8436279296875,152.47373962402344,0.22208817303180695,0.44083133339881897,-0.8696807622909546,61.3552360534668,194.8436279296875,152.47373962402344,60.99026107788086,196.42822265625,166.06324768066406,0.026666885241866112,-0.1157783642411232,-0.9929169416427612
1,44.14861297607422,223.09324645996094,160.55471801757812,0.024900808930397034,0.1804179549217224,-0.05296009033918381,-0.5800201296806335,0.0738690048456192,-0.8112459778785706,59.00253677368164,216.25714111328125,223.32492065429688,192.4394073486328,199.26316833496094,409.9565734863281,1110,41.38172912597656,16.309661865234375,29.06585121154785,208.30133056640625,208.4578399658203,29.06585121154785,208.30133056640625,208.4578399658203,0.0,0.0,0.0,29.06585121154785,208.30133056640625,208.4578399658203,20.347814559936523,198.5706024169922,167.98146057128906,0.20497268438339233,0.22878241539001465,0.9516537189483643,20.347814559936523,198.5706024169922,167.98146057128906,26.469743728637695,189.76788330078125,143.12246704101562,-0.22612856328487396,0.32515016198158264,0.918228268623352,26.469743728637695,189.76788330078125,143.12246704101562,37.92938995361328,183.12124633789062,130.09063720703125,-0.6166719198226929,0.35767197608947754,0.7012749910354614,1111,46.694664001464844,15.578988075256348,35.04378890991211,226.5465545654297,202.18846130371094,21.69755744934082,228.00631713867188,140.95755004882812,0.21290764212608337,-0.02328706905245781,0.9767947793006897,21.69755744934082,228.00631713867188,140.95755004882812,25.148536682128906,225.9014434814453,107.08465576171875,-0.10116247832775116,0.061702556908130646,0.992954671382904,25.148536682128906,225.9014434814453,107.08465576171875,27.204742431640625,221.77256774902344,88.45526885986328,-0.10713916271924973,0.21513620018959045,0.9706892967224121,27.204742431640625,221.77256774902344,88.45526885986328,28.701417922973633,217.03358459472656,75.8319091796875,-0.11032222956418991,0.34931766986846924,0.9304870367050171,1112,53.2048225402832,15.300636291503906,44.97840881347656,228.6600799560547,199.55960083007812,40.382102966308594,230.46087646484375,140.3185577392578,0.07731854170560837,-0.030292795971035957,0.9965461492538452,40.382102966308594,230.46087646484375,140.3185577392578,35.614013671875,195.23916625976562,126.1246109008789,0.1245831847190857,0.9202916622161865,0.3708670139312744,35.614013671875,195.23916625976562,126.1246109008789,35.24504470825195,182.85780334472656,145.00282287597656,0.016341084614396095,0.5483521223068237,-0.8360878825187683,35.24504470825195,182.85780334472656,145.00282287597656,36.14743423461914,183.6328125,159.8766632080078,-0.06047648563981056,-0.05193968489766121,-0.996817409992218,1113,51.15785598754883,14.559525489807129,55.32887649536133,228.2801055908203,198.04354858398438,59.259056091308594,230.09912109375,144.8466339111328,-0.07363623380661011,-0.03408125787973404,0.9967027306556702,59.259056091308594,230.09912109375,144.8466339111328,53.42353439331055,196.60137939453125,134.7250213623047,0.16448865830898285,0.9442169666290283,0.2853027582168579,53.42353439331055,196.60137939453125,134.7250213623047,50.48466873168945,187.88368225097656,154.704833984375,0.13360853493213654,0.3963293731212616,-0.9083346724510193,50.48466873168945,187.88368225097656,154.704833984375,50.20469284057617,191.13885498046875,169.17617797851562,0.01887192577123642,-0.21941666305065155,-0.975448727607727,1114,40.1068115234375,12.93290901184082,65.6973876953125,221.99998474121094,198.37742614746094,76.14678192138672,225.78579711914062,150.2369842529297,-0.21149741113185883,-0.07662544399499893,0.9743702411651611,76.14678192138672,225.78579711914062,150.2369842529297,67.9536361694336,201.03744506835938,139.81300354003906,0.29181912541389465,0.8814737200737,0.3712758421897888,67.9536361694336,201.03744506835938,139.81300354003906,64.35655975341797,194.27130126953125,153.321044921875,0.23161831498146057,0.43567681312561035,-0.8697924017906189,64.35655975341797,194.27130126953125,153.321044921875,63.84307098388672,195.94520568847656,166.89505004882812,0.037518005818128586,-0.12230365723371506,-0.9917833209037781
1,47.134639739990234,222.61814880371094,161.32012939453125,0.026858502998948097,0.17430418729782104,-0.04356038570404053,-0.5684798359870911,0.07069692760705948,-0.8196539878845215,61.35788345336914,216.14825439453125,224.2791748046875,192.13983154296875,199.884033203125,412.8451232910156,1110,41.38172912597656,16.309661865234375,31.60611915588379,208.1100616455078,209.16758728027344,31.60611915588379,208.1100616455078,209.16758728027344,0.0,0.0,0.0,31.60611915588379,208.1100616455078,209.16758728027344,23.59851837158203,198.04849243164062,168.6253662109375,0.18826939165592194,0.23656092584133148,0.9532017707824707,23.59851837158203,198.04849243164062,168.6253662109375,30.126264572143555,189.07614135742188,143.93081665039062,-0.2411184459924698,0.33141595125198364,0.9121541976928711,30.126264572143555,189.07614135742188,143.93081665039062,41.85414505004883,182.3585968017578,131.17694091796875,-0.6311061382293701,0.36148762702941895,0.6863174438476562,1111,46.694664001464844,15.578988075256348,37.637943267822266,226.31910705566406,202.84490966796875,24.867507934570312,227.40599060058594,141.48358154296875,0.20372214913368225,-0.01733866147696972,0.9788751602172852,24.867507934570312,227.40599060058594,141.48358154296875,28.52690315246582,224.89332580566406,107.66039276123047,-0.10727200657129288,0.0736565962433815,0.9914975762367249,28.52690315246582,224.89332580566406,107.66039276123047,30.69784927368164,220.51422119140625,89.1012954711914,-0.11311773955821991,0.22817444801330566,0.9670268297195435,30.69784927368164,220.51422119140625,89.1012954711914,32.271514892578125,215.60971069335938,76.55072784423828,-0.11599723249673843,0.3615187406539917,0.9251209497451782,1112,53.2048225402832,15.300636291503906,47.596282958984375,228.41993713378906,200.29684448242188,43.55659103393555,229.8626251220703,141.0054473876953,0.06795524060726166,-0.024268735200166702,0.9973931908607483,43.55659103393555,229.8626251220703,141.0054473876953,38.93964767456055,194.48023986816406,127.16552734375,0.12063390761613846,0.9244894981384277,0.36161667108535767,38.93964767456055,194.48023986816406,127.16552734375,38.417991638183594,182.45042419433594,146.26612854003906,0.02310335822403431,0.5327823758125305,-0.8459367752075195,38.417991638183594,182.45042419433594,146.26612854003906,39.191715240478516,183.50396728515625,161.13009643554688,-0.051853518933057785,-0.07060649991035461,-0.9961555600166321,1113,51.15785598754883,14.559525489807129,57.96064376831055,228.0341339111328,198.8804473876953,62.39023971557617,229.53414916992188,145.7128448486328,-0.08299336582422256,-0.028104441240429878,0.996153712272644,62.39023971557617,229.53414916992188,145.7128448486328,56.66184997558594,195.951416015625,135.8140869140625,0.16146884858608246,0.9466124773025513,0.2790209949016571,56.66184997558594,195.951416015625,135.8140869140625,53.517887115478516,187.42308044433594,155.84432983398438,0.14293286204338074,0.38772067427635193,-0.9106277823448181,53.517887115478516,187.42308044433594,155.84432983398438,53.09785461425781,190.85400390625,170.27162170410156,0.02831251360476017,-0.23126320540905,-0.9724792242050171,1114,40.1068115234375,12.93290901184082,68.32720184326172,221.7594451904297,199.34959411621094,79.22767639160156,225.2587127685547,151.2875518798828,-0.2206273227930069,-0.0708257257938385,0.9727833271026611,79.22767639160156,225.2587127685547,151.2875518798828,71.14860534667969,200.42138671875,140.9868927001953,0.2877561151981354,0.8846428394317627,0.36688345670700073,71.14860534667969,200.42138671875,140.9868927001953,67.39478302001953,193.79331970214844,154.5207061767578,0.24171142280101776,0.4267861843109131,-0.8714523911476135,67.39478302001953,193.79331970214844,154.5207061767578,66.7298355102539,195.6094207763672,168.06982421875,0.048584356904029846,-0.1326933354139328,-0.9899656772613525
1,50.20102310180664,222.41322326660156,162.1808319091797,0.03228243812918663,0.17775601148605347,-0.03790174797177315,-0.5570269823074341,0.06557048112154007,-0.8279018402099609,63.97903060913086,215.82928466796875,225.2362518310547,192.12620544433594,200.7444305419922,415.6996765136719,1110,41.38172912597656,16.309661865234375,34.42705535888672,207.6634979248047,209.87388610839844,34.42705535888672,207.6634979248047,209.87388610839844,0.0,0.0,0.0,34.42705535888672,207.6634979248047,209.87388610839844,27.083288192749023,197.62867736816406,169.19956970214844,0.17266176640987396,0.23593203723430634,0.9563074707984924,27.083288192749023,197.62867736816406,169.19956970214844,34.05608367919922,188.74319458007812,144.59542846679688,-0.2575574219226837,0.32820722460746765,0.9088146686553955,34.05608367919922,188.74319458007812,144.59542846679688,46.13840866088867,182.13015747070312,132.120849609375,-0.6501796841621399,0.3558638095855713,0.6712878346443176,1111,46.694664001464844,15.578988075256348,40.421722412109375,225.9210968017578,203.65675354003906,28.041732788085938,227.17955017089844,142.21873474121094,0.1974935084581375,-0.02007565274834633,0.9800985455513,28.041732788085938,227.17955017089844,142.21873474121094,31.832778930664062,224.6135711669922,108.41405487060547,-0.11113125085830688,0.07521945983171463,0.9909550547599792,31.832778930664062,224.6135711669922,108.41405487060547,34.08787155151367,220.18711853027344,89.87623596191406,-0.11750221997499466,0.23064152896404266,0.9659181237220764,34.08787155151367,220.18711853027344,89.87623596191406,35.725372314453125,215.2621307373047,77.34187316894531,-0.12070269882678986,0.3630284070968628,0.9239271283149719,1112,53.2048225402832,15.300636291503906,50.38719940185547,228.07350158691406,201.18063354492188,46.72285842895508,229.71714782714844,141.87010192871094,0.0616411454975605,-0.02764923870563507,0.9977152943611145,46.72285842895508,229.71714782714844,141.87010192871094,42.34540557861328,194.279296875,128.0944061279297,0.11437636613845825,0.9259386658668518,0.3599385619163513,42.34540557861328,194.279296875,128.0944061279297,41.786643981933594,182.4424591064453,147.31414794921875,0.024746712297201157,0.5242357850074768,-0.8512135148048401,41.786643981933594,182.4424591064453,147.31414794921875,42.48101806640625,183.6463623046875,162.1706085205078,-0.0465356819331646,-0.0806833952665329,-0.9956528544425964,1113,51.15785598754883,14.559525489807129,60.76200866699219,227.7368621826172,199.8297119140625,65.52706909179688,229.4512176513672,146.69760131835938,-0.08927865326404572,-0.03212033957242966,0.9954886436462402,65.52706909179688,229.4512176513672,146.69760131835938,59.99958419799805,195.85781860351562,136.7211456298828,0.15580588579177856,0.9469133019447327,0.28121116757392883,59.99958419799805,195.85781860351562,136.7211456298828,56.76456832885742,187.3284454345703,156.7364501953125,0.14707231521606445,0.3877677023410797,-0.9099483489990234,56.76456832885742,187.3284454345703,156.7364501953125,56.24965286254883,190.8048095703125,171.1497802734375,0.03470815345644951,-0.23432618379592896,-0.971538245677948,1114,40.1068115234375,12.93290901184082,71.15199279785156,221.50450134277344,200.3427734375,82.34638214111328,225.22674560546875,152.36509704589844,-0.22657611966133118,-0.07533878087997437,0.9710753560066223,82.34638214111328,225.22674560546875,152.36509704589844,74.4352035522461,200.37745666503906,141.96348571777344,0.2817762494087219,0.8850690722465515,0.37047919631004333,74.4352035522461,200.37745666503906,141.96348571777344,70.62631225585938,193.73602294921875,155.47535705566406,0.24525713920593262,0.4276464879512787,-0.8700386881828308,70.62631225585938,193.73602294921875,155.47535705566406,69.87771606445312,195.55987548828125,169.01907348632812,0.05469612777233124,-0.13325965404510498,-0.989570677280426
1,53.30439758300781,222.21885681152344,163.00242614746094,0.03347142040729523,0.1802755892276764,-0.03211156651377678,-0.5455462336540222,0.0612870417535305,-0.8358368277549744,66.64668273925781,215.53790283203125,226.15045166015625,192.1526336669922,201.4384765625,418.4393615722656,1110,41.38172912597656,16.309661865234375,37.25458908081055,207.34542846679688,210.56484985351562,37.25458908081055,207.34542846679688,210.56484985351562,0.0,0.0,0.0,37.25458908081055,207.34542846679688,210.56484985351562,30.482669830322266,197.3123779296875,169.79098510742188,0.15921685099601746,0.23589040338993073,0.9586479067802429,30.482669830322266,197.3123779296875,169.79098510742188,37.88197708129883,188.4449920654297,145.30517578125,-0.2733117341995239,0.3275388479232788,0.9044439792633057,37.88197708129883,188.4449920654297,145.30517578125,50.323856353759766,181.87411499023438,133.16627502441406,-0.6695284247398376,0.35359522700309753,0.6532244086265564,1111,46.694664001464844,15.578988075256348,43.283172607421875,225.61952209472656,204.4294891357422,31.26122283935547,227.03390502929688,142.92379760742188,0.19178183376789093,-0.022563140839338303,0.9811781048774719,31.26122283935547,227.03390502929688,142.92379760742188,35.15557098388672,224.47666931152344,109.13019561767578,-0.11415943503379822,0.07496314495801926,0.9906301498413086,35.15557098388672,224.47666931152344,109.13019561767578,37.467445373535156,220.04888916015625,90.59969329833984,-0.1204608604311943,0.2307107150554657,0.9655369520187378,37.467445373535156,220.04888916015625,90.59969329833984,39.14303970336914,215.13629150390625,78.06549835205078,-0.12351058423519135,0.36211496591567993,0.92391437292099,1112,53.2048225402832,15.300636291503906,53.26264572143555,227.77931213378906,202.0170135498047,49.943756103515625,229.57437133789062,142.69052124023438,0.055829986929893494,-0.030196283012628555,0.9979835748672485,49.943756103515625,229.57437133789062,142.69052124023438,45.66587829589844,194.08575439453125,129.01458740234375,0.11177460849285126,0.927264928817749,0.35733187198638916,45.66587829589844,194.08575439453125,129.01458740234375,45.00569152832031,182.47682189941406,148.36964416503906,0.029238680377602577,0.5141421556472778,-0.857206404209137,45.00569152832031,182.47682189941406,148.36964416503906,45.61772537231445,183.87278747558594,163.21292114257812,-0.04101736843585968,-0.0935550108551979,-0.9947687387466431,1113,51.15785598754883,14.559525489807129,63.64519119262695,227.44723510742188,200.72569274902344,68.71955108642578,229.29808044433594,147.62681579589844,-0.09507372975349426,-0.03467762842774391,0.9948660731315613,68.71955108642578,229.29808044433594,147.62681579589844,63.24832534790039,195.71421813964844,137.5874481201172,0.1542200744152069,0.9466444849967957,0.28298449516296387,63.24832534790039,195.71421813964844,137.5874481201172,59.90621566772461,187.21681213378906,157.5987548828125,0.15194109082221985,0.38631439208984375,-0.9097665548324585,59.90621566772461,187.21681213378906,157.5987548828125,59.32355499267578,190.74951171875,171.9958038330078,0.03927454352378845,-0.23812343180179596,-0.9704405069351196,1114,40.1068115234375,12.93290901184082,74.03276062011719,221.21469116210938,201.28334045410156,85.50606536865234,225.0609130859375,153.38140869140625,-0.23222149908542633,-0.07784813642501831,0.9695426821708679,85.50606536865234,225.0609130859375,153.38140869140625,77.65677642822266,200.232421875,142.88365173339844,0.2795717716217041,0.8843278884887695,0.3739034831523895,77.65677642822266,200.232421875,142.88365173339844,73.78189849853516,193.60614013671875,156.38418579101562,0.24950620532035828,0.4266710877418518,-0.8693091869354248,73.78189849853516,193.60614013671875,156.38418579101562,72.97232818603516,195.4514617919922,169.92147827148438,0.05915122851729393,-0.1348283737897873,-0.9891018271446228
1,56.41453170776367,222.03793334960938,163.83444213867188,0.029589209705591202,0.1822230964899063,-0.02850298024713993,-0.5336809158325195,0.05917847529053688,-0.843612790107727,69.45394134521484,215.24366760253906,227.0450439453125,192.23020935058594,201.6293182373047,421.12286376953125,1110,41.38172912597656,16.309661865234375,40.16548156738281,207.1486053466797,211.32418823242188,40.16548156738281,207.1486053466797,211.32418823242188,0.0,0.0,0.0,40.16548156738281,207.1486053466797,211.32418823242188,33.76832962036133,197.1399688720703,170.48385620117188,0.15040557086467743,0.23531639575958252,0.9602106809616089,33.76832962036133,197.1399688720703,170.48385620117188,41.452186584472656,188.24876403808594,146.09451293945312,-0.283822238445282,0.3284186124801636,0.9008806943893433,41.452186584472656,188.24876403808594,146.09451293945312,54.15883255004883,181.6559295654297,134.24522399902344,-0.6837759017944336,0.35477665066719055,0.6376394033432007,1111,46.694664001464844,15.578988075256348,46.29180145263672,225.40708923339844,205.23939514160156,34.449405670166016,226.9868927001953,143.70291137695312,0.18891751766204834,-0.025202041491866112,0.981669545173645,34.449405670166016,226.9868927001953,143.70291137695312,38.36723327636719,224.454345703125,109.91016387939453,-0.11484771966934204,0.07423941791057587,0.9906050562858582,38.36723327636719,224.454345703125,109.91016387939453,40.677978515625,220.06529235839844,91.37030792236328,-0.1204020157456398,0.22869282960891724,0.9660242795944214,40.677978515625,220.06529235839844,91.37030792236328,42.34442901611328,215.20216369628906,78.81562042236328,-0.12283658981323242,0.35846859216690063,0.9254250526428223,1112,53.2048225402832,15.300636291503906,56.28744888305664,227.5272216796875,202.85891723632812,53.14353942871094,229.4453125,143.52674865722656,0.05288649722933769,-0.03226591274142265,0.9980791807174683,53.14353942871094,229.4453125,143.52674865722656,48.768089294433594,193.9279022216797,129.9568634033203,0.11432404816150665,0.9280174970626831,0.35456106066703796,48.768089294433594,193.9279022216797,129.9568634033203,47.99870681762695,182.54067993164062,149.43919372558594,0.034074775874614716,0.5043227076530457,-0.8628426790237427,47.99870681762695,182.54067993164062,149.43919372558594,48.57025909423828,184.1106719970703,164.2666778564453,-0.038304403424263,-0.10521803796291351,-0.9937112331390381,1113,51.15785598754883,14.559525489807129,66.6720199584961,227.15170288085938,201.5961456298828,71.90396118164062,229.0771484375,148.5152130126953,-0.09802618622779846,-0.03607534244656563,0.9945297241210938,71.90396118164062,229.0771484375,148.5152130126953,66.30583953857422,195.53048706054688,138.4215850830078,0.1577969640493393,0.9455959796905518,0.2845139801502228,66.30583953857422,195.53048706054688,138.4215850830078,62.89126968383789,187.085205078125,158.44273376464844,0.15523523092269897,0.38394448161125183,-0.9102134704589844,62.89126968383789,187.085205078125,158.44273376464844,62.30791091918945,190.67457580566406,172.82571411132812,0.039321642369031906,-0.24194364249706268,-0.9694932699203491,1114,40.1068115234375,12.93290901184082,77.03041076660156,220.87237548828125,202.17147827148438,88.65536499023438,224.7554473876953,154.30909729003906,-0.23529088497161865,-0.07859398424625397,0.9687420725822449,88.65536499023438,224.7554473876953,154.30909729003906,80.71822357177734,199.98977661132812,143.72933959960938,0.28270089626312256,0.8820905685424805,0.37682420015335083,80.71822357177734,199.98977661132812,143.72933959960938,76.8145523071289,193.38961791992188,157.23439025878906,0.2513599991798401,0.42498862743377686,-0.8695992231369019,76.8145523071289,193.38961791992188,157.23439025878906,76.01698303222656,195.25527954101562,170.7696075439453,0.05827437341213226,-0.1363145112991333,-0.9889501929283142
1,59.68621063232422,222.1434783935547,164.79800415039062,0.01597690023481846,0.18147693574428558,-0.023525690659880638,-0.5212246775627136,0.058177679777145386,-0.8514341711997986,72.38018035888672,215.31175231933594,228.08628845214844,192.2908172607422,201.92764282226562,423.9634704589844,1110,41.38172912597656,16.309661865234375,43.11647033691406,207.53636169433594,212.26458740234375,43.11647033691406,207.53636169433594,212.26458740234375,0.0,0.0,0.0,43.11647033691406,207.53636169433594,212.26458740234375,36.96833038330078,197.4828643798828,171.3970489501953,0.14455100893974304,0.23637118935585022,0.9608505368232727,36.96833038330078,197.4828643798828,171.3970489501953,44.8397331237793,188.41441345214844,147.13308715820312,-0.2907496690750122,0.3349655866622925,0.8962492346763611,44.8397331237793,188.41441345214844,147.13308715820312,57.73321533203125,181.6397705078125,135.59219360351562,-0.693830132484436,0.3645602762699127,0.6210439801216125,1111,46.694664001464844,15.578988075256348,49.51318359375,225.70025634765625,206.17494201660156,37.840816497802734,227.3782196044922,144.60858154296875,0.18620510399341583,-0.026767948642373085,0.982146143913269,37.840816497802734,227.3782196044922,144.60858154296875,41.72557067871094,224.78961181640625,110.81625366210938,-0.11387816816568375,0.07588277012109756,0.9905925393104553,41.72557067871094,224.78961181640625,110.81625366210938,43.97623825073242,220.39889526367188,92.26940155029297,-0.11727165430784225,0.22877949476242065,0.9663888216018677,43.97623825073242,220.39889526367188,92.26940155029297,45.57625961303711,215.5585174560547,79.69729614257812,-0.1179400309920311,0.3567916750907898,0.9267092347145081,1112,53.2048225402832,15.300636291503906,59.54327392578125,227.67713928222656,203.816162109375,56.56800842285156,229.5736083984375,144.474609375,0.050049591809511185,-0.03190219774842262,0.998237133026123,56.56800842285156,229.5736083984375,144.474609375,51.77378845214844,194.03778076171875,131.09576416015625,0.12526588141918182,0.9284986257553101,0.3495694398880005,51.77378845214844,194.03778076171875,131.09576416015625,50.74705123901367,182.9134521484375,150.7176055908203,0.0454726442694664,0.49267974495887756,-0.8690217733383179,50.74705123901367,182.9134521484375,150.7176055908203,51.266090393066406,184.67303466796875,165.52572631835938,-0.03478505089879036,-0.11792399734258652,-0.9924131035804749,1113,51.15785598754883,14.559525489807129,69.92453002929688,227.15438842773438,202.57870483398438,75.30946350097656,228.94747924804688,149.50843811035156,-0.10089266300201416,-0.033595532178878784,0.9943299293518066,75.30946350097656,228.94747924804688,149.50843811035156,69.27067565917969,195.46893310546875,139.4427032470703,0.17021822929382324,0.9436759948730469,0.2837277352809906,69.27067565917969,195.46893310546875,139.4427032470703,65.6836166381836,187.15921020507812,159.4904022216797,0.1630769968032837,0.3777815103530884,-0.9114202857017517,65.6836166381836,187.15921020507812,159.4904022216797,65.1187744140625,190.834716796875,173.85235595703125,0.03807350993156433,-0.24774959683418274,-0.9680756330490112,1114,40.1068115234375,12.93290901184082,80.19227600097656,220.73081970214844,203.18560791015625,91.98464965820312,224.3972930908203,155.34710693359375,-0.23867948353290558,-0.07420999556779861,0.9682587385177612,91.98464965820312,224.3972930908203,155.34710693359375,83.73162841796875,199.74496459960938,144.74436950683594,0.29395177960395813,0.8780536651611328,0.3776427209377289,83.73162841796875,199.74496459960938,144.74436950683594,79.71874237060547,193.2520294189453,158.26934814453125,0.2583927512168884,0.4180849492549896,-0.8708835244178772,79.71874237060547,193.2520294189453,158.26934814453125,78.9323959350586,195.17860412597656,171.7967071533203,0.05745428800582886,-0.14076490700244904,-0.9883745312690735
1,63.01362228393555,222.19944763183594,165.62179565429688,-0.006830580998212099,0.17954066395759583,-0.015732405707240105,-0.5077987313270569,0.05667055770754814,-0.8596097230911255,75.23299407958984,215.33819580078125,229.0111541748047,192.05491638183594,202.30081176757812,426.7691650390625,1110,41.38172912597656,16.309661865234375,45.94088363647461,208.0991973876953,213.06336975097656,45.94088363647461,208.0991973876953,213.06336975097656,0.0,0.0,0.0,45.94088363647461,208.0991973876953,213.06336975097656,40.00515365600586,197.99603271484375,172.1766815185547,0.13955695927143097,0.23753893375396729,0.961300790309906,40.00515365600586,197.99603271484375,172.1766815185547,47.99219512939453,188.64181518554688,148.0594482421875,-0.2950211465358734,0.3455211818218231,0.8908296823501587,47.99219512939453,188.64181518554688,148.0594482421875,60.98507308959961,181.54515075683594,136.8276824951172,-0.6991786360740662,0.3818889260292053,0.604408860206604,1111,46.694664001464844,15.578988075256348,52.782894134521484,226.0934295654297,206.95411682128906,41.36735153198242,227.8961181640625,145.34312438964844,0.18210802972316742,-0.028757641091942787,0.9828579425811768,41.36735153198242,227.8961181640625,145.34312438964844,45.2056999206543,225.17254638671875,111.55611419677734,-0.11251786351203918,0.07983915507793427,0.9904370307922363,45.2056999206543,225.17254638671875,111.55611419677734,47.36186218261719,220.70022583007812,93.01753997802734,-0.11234746128320694,0.23303155601024628,0.965957760810852,47.36186218261719,220.70022583007812,93.01753997802734,48.85437774658203,215.7998504638672,80.45545196533203,-0.11001554876565933,0.3612139821052551,0.9259702563285828,1112,53.2048225402832,15.300636291503906,62.86472702026367,227.8289794921875,204.62620544433594,60.1412239074707,229.651611328125,145.27024841308594,0.04581446945667267,-0.03066011145710945,0.9984793066978455,60.1412239074707,229.651611328125,145.27024841308594,54.62316131591797,194.15692138671875,132.06227111816406,0.1441788226366043,0.9274238348007202,0.3451049327850342,54.62316131591797,194.15692138671875,132.06227111816406,53.188682556152344,183.29331970214844,151.8042449951172,0.06353092938661575,0.48113274574279785,-0.874342679977417,53.188682556152344,183.29331970214844,151.8042449951172,53.63764953613281,185.21282958984375,166.59478759765625,-0.03008892759680748,-0.12864196300506592,-0.9912344813346863,1113,51.15785598754883,14.559525489807129,73.235107421875,227.06005859375,203.42666625976562,78.84522247314453,228.5985107421875,150.3717498779297,-0.10511170327663422,-0.02882460132241249,0.9940425157546997,78.84522247314453,228.5985107421875,150.3717498779297,72.08528137207031,195.24679565429688,140.34349060058594,0.1905456781387329,0.9401006698608398,0.28267133235931396,72.08528137207031,195.24679565429688,140.34349060058594,68.1883316040039,187.15155029296875,160.42105102539062,0.17716562747955322,0.36803123354911804,-0.912778913974762,68.1883316040039,187.15155029296875,160.42105102539062,67.63237762451172,190.93411254882812,174.7555389404297,0.0374743714928627,-0.254965603351593,-0.9662237167358398,1114,40.1068115234375,12.93290901184082,83.34724426269531,220.39906311035156,204.08482360839844,95.38871765136719,223.6728057861328,156.27989196777344,-0.24372127652168274,-0.06626105308532715,0.967579185962677,95.38871765136719,223.6728057861328,156.27989196777344,86.62500762939453,199.2000274658203,145.67100524902344,0.31214118003845215,0.871658444404602,0.37786170840263367,86.62500762939453,199.2000274658203,145.67100524902344,82.38653564453125,192.8947296142578,159.2159423828125,0.2729182541370392,0.4060026705265045,-0.872168242931366,82.38653564453125,192.8947296142578,159.2159423828125,81.57177734375,194.91317749023438,172.72821044921875,0.059530217200517654,-0.1474776417016983,-0.9872722029685974
1,66.27534484863281,222.2103729248047,166.27293395996094,-0.04227722808718681,0.18969497084617615,-0.006468806881457567,-0.49368056654930115,0.054082758724689484,-0.8679599761962891,77.97386932373047,214.57786560058594,229.68515014648438,191.54783630371094,202.13583374023438,429.3641662597656,1110,41.38172912597656,16.309661865234375,48.57717514038086,208.27120971679688,213.53256225585938,48.57717514038086,208.27120971679688,213.53256225585938,0.0,0.0,0.0,48.57717514038086,208.27120971679688,213.53256225585938,42.82624816894531,198.70162963867188,172.49139404296875,0.1352120041847229,0.22499366104602814,0.964932918548584,42.82624816894531,198.70162963867188,172.49139404296875,50.87837219238281,189.2555694580078,148.43165588378906,-0.2974250018596649,0.3489134609699249,0.8887056112289429,50.87837219238281,189.2555694580078,148.43165588378906,63.85767364501953,181.80926513671875,137.41258239746094,-0.6984484195709229,0.40070411562919617,0.592963695526123,1111,46.694664001464844,15.578988075256348,56.07691192626953,226.06686401367188,207.6167449951172,44.903297424316406,228.87713623046875,145.99913024902344,0.17824865877628326,-0.04483126476407051,0.9829636812210083,44.903297424316406,228.87713623046875,145.99913024902344,48.667232513427734,226.3536834716797,112.18821716308594,-0.11033650487661362,0.07397283613681793,0.991137683391571,48.667232513427734,226.3536834716797,112.18821716308594,50.67330551147461,221.93316650390625,93.6203842163086,-0.10452695935964584,0.23033219575881958,0.967481791973114,50.67330551147461,221.93316650390625,93.6203842163086,51.995277404785156,217.04791259765625,81.03333282470703,-0.0974445715546608,0.36009952425956726,0.927810788154602,1112,53.2048225402832,15.300636291503906,66.22087860107422,227.46205139160156,205.33026123046875,63.728179931640625,229.95838928222656,145.98867797851562,0.04193190112709999,-0.041993118822574615,0.9982375502586365,63.728179931640625,229.95838928222656,145.98867797851562,57.1178092956543,194.7563934326172,132.50181579589844,0.17271921038627625,0.9197760820388794,0.3523917496204376,57.1178092956543,194.7563934326172,132.50181579589844,55.03672409057617,183.98402404785156,152.23622131347656,0.09216812252998352,0.4770919680595398,-0.8740070462226868,55.03672409057617,183.98402404785156,152.23622131347656,55.36617660522461,185.9209442138672,167.02761840820312,-0.02207932248711586,-0.1298089474439621,-0.99129319190979,1113,51.15785598754883,14.559525489807129,76.56028747558594,226.33316040039062,204.148193359375,82.36824035644531,228.18516540527344,151.1245880126953,-0.108818419277668,-0.03469936177134514,0.9934558868408203,82.36824035644531,228.18516540527344,151.1245880126953,74.54071807861328,195.17816162109375,140.73870849609375,0.22063815593719482,0.9303843975067139,0.29275181889533997,74.54071807861328,195.17816162109375,140.73870849609375,70.08985900878906,187.17410278320312,160.73753356933594,0.20234771072864532,0.3638854920864105,-0.9091989994049072,70.08985900878906,187.17410278320312,160.73753356933594,69.4926986694336,190.94261169433594,175.0740509033203,0.040251944214105606,-0.2540185749530792,-0.966361403465271,1114,40.1068115234375,12.93290901184082,86.42518615722656,219.30746459960938,204.7652587890625,98.70809173583984,222.61170959472656,157.02389526367188,-0.24860790371894836,-0.06687843054533005,0.9662925601005554,98.70809173583984,222.61170959472656,157.02389526367188,89.17347717285156,198.5524139404297,146.13768005371094,0.33959877490997314,0.8569310903549194,0.387739360332489,89.17347717285156,198.5524139404297,146.13768005371094,84.54830169677734,192.3872528076172,159.62045288085938,0.29781848192214966,0.39697930216789246,-0.8681657314300537,84.54830169677734,192.3872528076172,159.62045288085938,83.65530395507812,194.3969268798828,173.1290740966797,0.0652468279004097,-0.14683671295642853,-0.9870065450668335
1,69.63655090332031,222.20510864257812,166.9173126220703,-0.06271740794181824,0.1980353146791458,-0.0007205493748188019,-0.47807052731513977,0.05385314300656319,-0.8766689300537109,80.93383026123047,213.9798583984375,230.34027099609375,190.9166259765625,201.5906524658203,432.0228576660156,1110,41.38172912597656,16.309661865234375,51.56993865966797,208.2456512451172,214.0313262939453,51.56993865966797,208.2456512451172,214.0313262939453,0.0,0.0,0.0,51.56993865966797,208.2456512451172,214.0313262939453,46.054710388183594,199.07574462890625,172.86672973632812,0.12967036664485931,0.2155967354774475,0.9678345322608948,46.054710388183594,199.07574462890625,172.86672973632812,54.238101959228516,189.6250457763672,148.85316467285156,-0.30227386951446533,0.3490850329399109,0.8870006203651428,54.238101959228516,189.6250457763672,148.85316467285156,67.2661361694336,182.00132751464844,138.01438903808594,-0.7010707259178162,0.4102511405944824,0.5832613110542297,1111,46.694664001464844,15.578988075256348,59.44654846191406,225.93052673339844,208.2752227783203,48.4430046081543,229.47972106933594,146.66514587402344,0.17553560435771942,-0.056619029492139816,0.9828435778617859,48.4430046081543,229.47972106933594,146.66514587402344,52.14302444458008,227.06788635253906,112.83902740478516,-0.108462855219841,0.07070083171129227,0.9915831685066223,52.14302444458008,227.06788635253906,112.83902740478516,54.04878234863281,222.68380737304688,94.25199890136719,-0.09930002689361572,0.22843360900878906,0.9684820771217346,54.04878234863281,222.68380737304688,94.25199890136719,55.262393951416016,217.8174285888672,81.64673614501953,-0.08945717662572861,0.3587082624435425,0.9291532635688782,1112,53.2048225402832,15.300636291503906,69.62124633789062,227.13433837890625,206.0166778564453,67.28620910644531,230.17127990722656,146.6938934326172,0.039279740303754807,-0.05108710005879402,0.9979214072227478,67.28620910644531,230.17127990722656,146.6938934326172,60.0706787109375,195.17977905273438,132.97149658203125,0.18853114545345306,0.9142761826515198,0.3585459291934967,60.0706787109375,195.17977905273438,132.97149658203125,57.59754943847656,184.49371337890625,152.7075958251953,0.10953111201524734,0.473269522190094,-0.8740816712379456,57.59754943847656,184.49371337890625,152.7075958251953,57.8495979309082,186.4813232421875,167.49378967285156,-0.01689184084534645,-0.1332060694694519,-0.9909443855285645,1113,51.15785598754883,14.559525489807129,79.93718719482422,225.80152893066406,204.8419189453125,85.87645721435547,227.97042846679688,151.84487915039062,-0.11127877980470657,-0.04063672572374344,0.9929580092430115,85.87645721435547,227.97042846679688,151.84487915039062,77.50757598876953,195.19143676757812,141.16314697265625,0.23589764535427094,0.9239570498466492,0.3010910749435425,77.50757598876953,195.19143676757812,141.16314697265625,72.59061431884766,187.29156494140625,161.09413146972656,0.22353783249855042,0.35914865136146545,-0.9061142206192017,72.59061431884766,187.29156494140625,161.09413146972656,71.87813568115234,191.1018829345703,175.41432189941406,0.048025041818618774,-0.25683674216270447,-0.9652608633041382,1114,40.1068115234375,12.93290901184082,89.6535873413086,218.56837463378906,205.41659545898438,102.08705139160156,222.01158142089844,157.7240447998047,-0.2516551911830902,-0.06969103217124939,0.9653044939041138,102.08705139160156,222.01158142089844,157.7240447998047,92.16619873046875,198.21580505371094,146.60623168945312,0.35335564613342285,0.8475452661514282,0.3959883451461792,92.16619873046875,198.21580505371094,146.60623168945312,87.23278045654297,192.18104553222656,160.03863525390625,0.31766656041145325,0.3885827660560608,-0.8649227023124695,87.23278045654297,192.18104553222656,160.03863525390625,86.22319030761719,194.23202514648438,173.5328369140625,0.07376560568809509,-0.1498546153306961,-0.9859524965286255
1,73.11115264892578,222.45462036132812,167.7126007080078,-0.06982143968343735,0.21403810381889343,0.006884846370667219,-0.4624873995780945,0.05416429415345192,-0.8849698305130005,83.8659896850586,213.29324340820312,231.10943603515625,190.2637939453125,200.8324432373047,434.7016906738281,1110,41.38172912597656,16.309661865234375,54.651885986328125,207.8910675048828,214.49034118652344,54.651885986328125,207.8910675048828,214.49034118652344,0.0,0.0,0.0,54.651885986328125,207.8910675048828,214.49034118652344,49.63234329223633,199.371337890625,173.1231231689453,0.11801616102457047,0.20031023025512695,0.9725986123085022,49.63234329223633,199.371337890625,173.1231231689453,58.13034439086914,190.20359802246094,149.109130859375,-0.313894659280777,0.33863312005996704,0.8870161771774292,58.13034439086914,190.20359802246094,149.109130859375,71.32917022705078,182.6427764892578,138.4341583251953,-0.7102611660957336,0.4068663418292999,0.574446439743042,1111,46.694664001464844,15.578988075256348,62.70503234863281,225.60092163085938,209.06480407714844,52.09811782836914,230.22496032714844,147.45645141601562,0.16920830309391022,-0.07376562803983688,0.9828159213066101,52.09811782836914,230.22496032714844,147.45645141601562,55.84992218017578,228.138427734375,113.61441802978516,-0.10998090356588364,0.06116490066051483,0.9920499920845032,55.84992218017578,228.138427734375,113.61441802978516,57.751861572265625,223.85337829589844,95.00392150878906,-0.09910107403993607,0.22327367961406708,0.9697050452232361,57.751861572265625,223.85337829589844,95.00392150878906,58.94637680053711,219.06100463867188,82.3685073852539,-0.0880494937300682,0.35325297713279724,0.9313751459121704,1112,53.2048225402832,15.300636291503906,72.90239715576172,226.75765991210938,206.88526916503906,70.9457778930664,230.76222229003906,147.60623168945312,0.03291403129696846,-0.06736430525779724,0.9971854090690613,70.9457778930664,230.76222229003906,147.60623168945312,63.51301193237305,195.98687744140625,133.45693969726562,0.19420717656612396,0.9086283445358276,0.3697000741958618,63.51301193237305,195.98687744140625,133.45693969726562,60.88483428955078,185.23745727539062,153.1385040283203,0.11639805138111115,0.4760757088661194,-0.8716669678688049,60.88483428955078,185.23745727539062,153.1385040283203,61.10684585571289,187.1767120361328,167.93161010742188,-0.014878807589411736,-0.12996529042720795,-0.9914068579673767,1113,51.15785598754883,14.559525489807129,83.21408081054688,225.35972595214844,205.74948120117188,89.48662567138672,228.32765197753906,152.82962036132812,-0.11752305924892426,-0.055607374757528305,0.99151211977005,89.48662567138672,228.32765197753906,152.82962036132812,81.03361511230469,195.7394561767578,141.64234924316406,0.23826909065246582,0.9185792207717896,0.3153410255908966,81.03361511230469,195.7394561767578,141.64234924316406,75.64805603027344,187.7855682373047,161.4302215576172,0.24484151601791382,0.3616044223308563,-0.8996081352233887,75.64805603027344,187.7855682373047,161.4302215576172,74.70449829101562,191.55564880371094,175.74771118164062,0.06360101699829102,-0.25412431359291077,-0.9650780558586121,1114,40.1068115234375,12.93290901184082,92.86824035644531,218.03927612304688,206.2646942138672,105.61328887939453,222.14346313476562,158.70689392089844,-0.25796177983283997,-0.08306939154863358,0.9625774025917053,105.61328887939453,222.14346313476562,158.70689392089844,95.65068817138672,198.55691528320312,147.18785095214844,0.35484281182289124,0.8400936126708984,0.41027939319610596,95.65068817138672,198.55691528320312,147.18785095214844,90.41736602783203,192.52711486816406,160.50852966308594,0.33697745203971863,0.3882632851600647,-0.8577283024787903,90.41736602783203,192.52711486816406,160.50852966308594,89.20182037353516,194.53762817382812,173.99183654785156,0.08881371468305588,-0.14689794182777405,-0.9851563572883606
1,76.60224151611328,222.88128662109375,168.69393920898438,-0.06843231618404388,0.22638410329818726,0.013801916502416134,-0.4476584792137146,0.05739455297589302,-0.8923607468605042,86.8338851928711,213.01419067382812,232.0775604248047,189.82022094726562,199.81024169921875,437.3701171875,1110,41.38172912597656,16.309661865234375,57.82198715209961,207.7421417236328,215.16014099121094,57.82198715209961,207.7421417236328,215.16014099121094,0.0,0.0,0.0,57.82198715209961,207.7421417236328,215.16014099121094,53.426673889160156,199.69784545898438,173.6270294189453,0.10333967208862305,0.18913212418556213,0.9764988422393799,53.426673889160156,199.69784545898438,173.6270294189453,62.33430480957031,190.80039978027344,149.6598663330078,-0.32902535796165466,0.3286491334438324,0.8852863907814026,62.33430480957031,190.80039978027344,149.6598663330078,75.74832153320312,183.3668670654297,139.16526794433594,-0.7218413949012756,0.40001675486564636,0.5647402405738831,1111,46.694664001464844,15.578988075256348,65.91091918945312,225.5175018310547,210.00904846191406,55.7287712097168,230.90086364746094,148.3907012939453,0.16243214905261993,-0.08587884157896042,0.9829753637313843,55.7287712097168,230.90086364746094,148.3907012939453,59.563411712646484,229.00193786621094,114.5468978881836,-0.11240912973880768,0.05566534772515297,0.9921014904975891,59.563411712646484,229.00193786621094,114.5468978881836,61.502742767333984,224.7335968017578,95.9364242553711,-0.10104940086603165,0.2224031239748001,0.9697040319442749,61.502742767333984,224.7335968017578,95.9364242553711,62.72167205810547,219.96189880371094,83.29552459716797,-0.08984912186861038,0.3517290949821472,0.9317798614501953,1112,53.2048225402832,15.300636291503906,76.12298583984375,226.70098876953125,207.91432189941406,74.57490539550781,231.43617248535156,148.6770782470703,0.026041638106107712,-0.0796547383069992,0.9964823722839355,74.57490539550781,231.43617248535156,148.6770782470703,67.22408294677734,196.7675323486328,134.22633361816406,0.19206611812114716,0.905840277671814,0.3775765895843506,67.22408294677734,196.7675323486328,134.22633361816406,64.50580596923828,185.9901123046875,153.8803253173828,0.12038843333721161,0.47731587290763855,-0.870445966720581,64.50580596923828,185.9901123046875,153.8803253173828,64.66547393798828,187.92648315429688,168.67462158203125,-0.010700649581849575,-0.12977196276187897,-0.9914861917495728,1113,51.15785598754883,14.559525489807129,86.4423599243164,225.31712341308594,206.83253479003906,93.07948303222656,228.9373016357422,153.997802734375,-0.1243538111448288,-0.06782802939414978,0.9899169206619263,93.07948303222656,228.9373016357422,153.997802734375,84.8160629272461,196.429931640625,142.4398651123047,0.23292499780654907,0.916300892829895,0.3257891535758972,84.8160629272461,196.429931640625,142.4398651123047,79.00542449951172,188.4537353515625,162.09805297851562,0.2641669809818268,0.36261898279190063,-0.8937132358551025,79.00542449951172,188.4537353515625,162.09805297851562,77.78797149658203,192.23275756835938,176.3925018310547,0.08206304907798767,-0.25472694635391235,-0.9635246992111206,1114,40.1068115234375,12.93290901184082,96.09333801269531,217.99082946777344,207.3240203857422,109.16574096679688,222.68106079101562,159.9094696044922,-0.2645874619483948,-0.09493100643157959,0.9596778154373169,109.16574096679688,222.68106079101562,159.9094696044922,99.36669921875,199.17523193359375,148.0890350341797,0.34901708364486694,0.837218165397644,0.4210139811038971,99.36669921875,199.17523193359375,148.0890350341797,93.85574340820312,193.16661071777344,161.3069305419922,0.3548542857170105,0.38689929246902466,-0.851109504699707,93.85574340820312,193.16661071777344,161.3069305419922,92.39471435546875,195.18655395507812,174.76443481445312,0.10674995183944702,-0.14758697152137756,-0.9832713007926941
1,80.13694763183594,223.23077392578125,169.76466369628906,-0.06617781519889832,0.22958365082740784,0.02102074585855007,-0.43299558758735657,0.061287496238946915,-0.8993101119995117,89.8271713256836,213.15963745117188,233.2069549560547,189.44021606445312,199.0601043701172,440.0982666015625,1110,41.38172912597656,16.309661865234375,61.02519989013672,207.9336700439453,216.04359436035156,61.02519989013672,207.9336700439453,216.04359436035156,0.0,0.0,0.0,61.02519989013672,207.9336700439453,216.04359436035156,57.19224548339844,199.99476623535156,174.4345703125,0.09011787921190262,0.1866542249917984,0.978283703327179,57.19224548339844,199.99476623535156,174.4345703125,66.44116973876953,191.1649169921875,150.57191467285156,-0.3416319191455841,0.32615232467651367,0.8814262747764587,66.44116973876953,191.1649169921875,150.57191467285156,80.04668426513672,183.76821899414062,140.3001708984375,-0.7321463227272034,0.39803460240364075,0.552747905254364,1111,46.694664001464844,15.578988075256348,69.1408920288086,225.72999572753906,211.00823974609375,59.40825653076172,231.3022918701172,149.33407592773438,0.15526126325130463,-0.0888928547501564,0.9838659167289734,59.40825653076172,231.3022918701172,149.33407592773438,63.335906982421875,229.29190063476562,115.50738525390625,-0.11513566225767136,0.05893287435173988,0.9916000962257385,63.335906982421875,229.29190063476562,115.50738525390625,65.32317352294922,224.9149932861328,96.92720794677734,-0.10354707390069962,0.22805997729301453,0.9681252837181091,65.32317352294922,224.9149932861328,96.92720794677734,66.5760726928711,220.08689880371094,84.31106567382812,-0.09235308319330215,0.3558861315250397,0.9299548864364624,1112,53.2048225402832,15.300636291503906,79.36734008789062,226.9261016845703,208.99234008789062,78.25144958496094,231.84774780273438,149.7605743408203,0.01877138391137123,-0.08279137313365936,0.9963901042938232,78.25144958496094,231.84774780273438,149.7605743408203,71.01588439941406,197.17715454101562,135.25645446777344,0.18905462324619293,0.9058913588523865,0.3789711892604828,71.01588439941406,197.17715454101562,135.25645446777344,68.19325256347656,186.498779296875,154.94976806640625,0.12501011788845062,0.4729291498661041,-0.8721871972084045,68.19325256347656,186.498779296875,154.94976806640625,68.27787780761719,188.544921875,169.72988891601562,-0.005671431310474873,-0.1371287852525711,-0.9905370473861694,1113,51.15785598754883,14.559525489807129,89.69522857666016,225.5517120361328,207.98202514648438,96.71797180175781,229.34292602539062,155.20916748046875,-0.13157881796360016,-0.0710325613617897,0.9887575507164001,96.71797180175781,229.34292602539062,155.20916748046875,88.55554962158203,196.86077880859375,143.5094451904297,0.23007820546627045,0.915590226650238,0.3297858238220215,88.55554962158203,196.86077880859375,143.5094451904297,82.62574005126953,188.9257049560547,163.14869689941406,0.26958462595939636,0.36074918508529663,-0.892851710319519,82.62574005126953,188.9257049560547,163.14869689941406,81.33778381347656,192.77108764648438,177.4192352294922,0.08681543916463852,-0.25920024514198303,-0.9619139432907104,1114,40.1068115234375,12.93290901184082,99.3468017578125,218.22958374023438,208.521240234375,112.76419830322266,223.0774688720703,161.21905517578125,-0.27157020568847656,-0.09812194854021072,0.9574036002159119,112.76419830322266,223.0774688720703,161.21905517578125,103.16709899902344,199.54713439941406,149.28225708007812,0.34182438254356384,0.8380908966064453,0.4251585006713867,103.16709899902344,199.54713439941406,149.28225708007812,97.35319519042969,193.67811584472656,162.43292236328125,0.3743613660335541,0.37791022658348083,-0.8467805981636047,97.35319519042969,193.67811584472656,162.43292236328125,95.62431335449219,195.83859252929688,175.8367462158203,0.12632060050964355,-0.1578550487756729,-0.9793492555618286
1,83.6827163696289,223.6265411376953,170.83297729492188,-0.06061362102627754,0.23741689324378967,0.028904901817440987,-0.4183262288570404,0.06734870374202728,-0.9057965278625488,92.78788757324219,213.09725952148438,234.29220581054688,189.0261688232422,197.6033172607422,442.6757507324219,1110,41.38172912597656,16.309661865234375,64.2257308959961,207.9046630859375,216.82479858398438,64.2257308959961,207.9046630859375,216.82479858398438,0.0,0.0,0.0,64.2257308959961,207.9046630859375,216.82479858398438,61.017173767089844,200.27108764648438,175.10595703125,0.07543747127056122,0.1794755756855011,0.9808658361434937,61.017173767089844,200.27108764648438,175.10595703125,70.6323471069336,191.6588592529297,151.30862426757812,-0.35516026616096497,0.3181140124797821,0.8790134787559509,70.6323471069336,191.6588592529297,151.30862426757812,84.42864990234375,184.38815307617188,141.20274353027344,-0.7424130439758301,0.39125460386276245,0.5438223481178284,1111,46.694664001464844,15.578988075256348,72.31999206542969,225.76820373535156,211.99720764160156,63.10293197631836,231.7812957763672,150.28524780273438,0.14703644812107086,-0.09592469781637192,0.9844687581062317,63.10293197631836,231.7812957763672,150.28524780273438,67.11361694335938,229.72451782226562,116.4710922241211,-0.11756975203752518,0.06029266119003296,0.9912326335906982,67.11361694335938,229.72451782226562,116.4710922241211,69.15045928955078,225.24703979492188,97.9202651977539,-0.1061302125453949,0.23330017924308777,0.9665957689285278,69.15045928955078,225.24703979492188,97.9202651977539,70.44378662109375,220.37327575683594,85.32579040527344,-0.09533316642045975,0.3592527210712433,0.928358256816864,1112,53.2048225402832,15.300636291503906,82.55912780761719,227.016357421875,210.07969665527344,81.93960571289062,232.3907928466797,150.88002014160156,0.010421531274914742,-0.09040814638137817,0.9958502650260925,81.93960571289062,232.3907928466797,150.88002014160156,74.9382095336914,197.7452850341797,136.20208740234375,0.1829361617565155,0.9052360653877258,0.3835127651691437,74.9382095336914,197.7452850341797,136.20208740234375,72.02007293701172,187.09014892578125,155.89407348632812,0.12923984229564667,0.4718998074531555,-0.8721281886100769,72.02007293701172,187.09014892578125,155.89407348632812,72.00416564941406,189.182861328125,170.66790771484375,0.0010660776169970632,-0.14024978876113892,-0.9901155829429626,1113,51.15785598754883,14.559525489807129,92.90032958984375,225.6867218017578,209.14883422851562,100.36712646484375,229.91001892089844,156.46983337402344,-0.1398986577987671,-0.07912811636924744,0.9869990348815918,100.36712646484375,229.91001892089844,156.46983337402344,92.40771484375,197.47129821777344,144.5125732421875,0.2243557870388031,0.9143658876419067,0.3370450735092163,92.40771484375,197.47129821777344,144.5125732421875,86.36510467529297,189.49073791503906,164.09893798828125,0.2747128903865814,0.3628171682357788,-0.8904474377632141,86.36510467529297,189.49073791503906,164.09893798828125,84.98308563232422,193.34490966796875,178.35830688476562,0.09315575659275055,-0.2597925662994385,-0.9611606001853943,1114,40.1068115234375,12.93290901184082,102.57345581054688,218.3951873779297,209.7158203125,116.38327026367188,223.65576171875,162.5709228515625,-0.27951276302337646,-0.10647483170032501,0.9542199969291687,116.38327026367188,223.65576171875,162.5709228515625,107.07600402832031,200.11279296875,150.43125915527344,0.3315012753009796,0.8385409712791443,0.43238410353660583,107.07600402832031,200.11279296875,150.43125915527344,100.93806457519531,194.331787109375,163.47320556640625,0.395226389169693,0.37224316596984863,-0.8397803902626038,100.93806457519531,194.331787109375,163.47320556640625,98.90140533447266,196.58843994140625,176.81781005859375,0.14880841970443726,-0.16488224267959595,-0.9750229716300964
1,87.13348388671875,223.9045867919922,171.77781677246094,-0.056897349655628204,0.24112801253795624,0.03999290242791176,-0.4034843146800995,0.07604706287384033,-0.9118208289146423,95.48481750488281,213.10316467285156,235.29815673828125,188.30862426757812,195.60812377929688,445.067626953125,1110,41.38172912597656,16.309661865234375,67.1740951538086,207.9984893798828,217.4901580810547,67.1740951538086,207.9984893798828,217.4901580810547,0.0,0.0,0.0,67.1740951538086,207.9984893798828,217.4901580810547,64.6417465209961,200.5055389404297,175.69935607910156,0.05953890085220337,0.176169291138649,0.9825576543807983,64.6417465209961,200.5055389404297,175.69935607910156,74.61795043945312,191.99244689941406,152.01522827148438,-0.36849576234817505,0.31445208191871643,0.8748317956924438,74.61795043945312,191.99244689941406,152.01522827148438,88.59034729003906,184.76974487304688,142.11903381347656,-0.7518891096115112,0.3886713981628418,0.5325385928153992,1111,46.694664001464844,15.578988075256348,75.30419158935547,225.8871612548828,212.8184051513672,66.77888488769531,232.113037109375,151.0281524658203,0.13600115478038788,-0.09931915998458862,0.9857177138328552,66.77888488769531,232.113037109375,151.0281524658203,70.91384887695312,229.86062622070312,117.24143981933594,-0.12121286988258362,0.06602746248245239,0.9904280304908752,70.91384887695312,229.86062622070312,117.24143981933594,73.01641845703125,225.22433471679688,98.73701477050781,-0.10955493897199631,0.2415751814842224,0.9641779065132141,73.01641845703125,225.22433471679688,98.73701477050781,74.35883331298828,220.28692626953125,86.17249298095703,-0.09895142167806625,0.36394381523132324,0.926149845123291,1112,53.2048225402832,15.300636291503906,85.56306457519531,227.15220642089844,211.02122497558594,85.60700225830078,232.73880004882812,151.8379669189453,-0.0007391147664748132,-0.09397704899311066,0.9955741167068481,85.60700225830078,232.73880004882812,151.8379669189453,78.78610229492188,198.07345581054688,137.12193298339844,0.17822007834911346,0.9057544469833374,0.38450831174850464,78.78610229492188,198.07345581054688,137.12193298339844,75.6933364868164,187.53802490234375,156.85162353515625,0.13697399199008942,0.4665985107421875,-0.8737985491752625,75.6933364868164,187.53802490234375,156.85162353515625,75.54496765136719,189.74346923828125,171.6083221435547,0.009943404234945774,-0.14780478179454803,-0.9889665246009827,1113,51.15785598754883,14.559525489807129,95.91548156738281,225.83604431152344,210.20254516601562,103.97270965576172,230.25596618652344,157.6267852783203,-0.15096107125282288,-0.0828121230006218,0.9850649833679199,103.97270965576172,230.25596618652344,157.6267852783203,96.16416931152344,197.8337860107422,145.5260467529297,0.22010309994220734,0.9138996601104736,0.3410893678665161,96.16416931152344,197.8337860107422,145.5260467529297,89.93587493896484,189.8999786376953,165.0731964111328,0.2831546366214752,0.36069172620773315,-0.8886647820472717,89.93587493896484,189.8999786376953,165.0731964111328,88.43419647216797,193.82833862304688,179.30018615722656,0.10122145712375641,-0.2647932469844818,-0.958977997303009,1114,40.1068115234375,12.93290901184082,105.58899688720703,218.55197143554688,210.85269165039062,119.92525482177734,223.9954833984375,163.88604736328125,-0.29016807675361633,-0.11017752438783646,0.9506121277809143,119.92525482177734,223.9954833984375,163.88604736328125,110.8703842163086,200.4183807373047,151.6223907470703,0.32251161336898804,0.8397568464279175,0.436800479888916,110.8703842163086,200.4183807373047,151.6223907470703,104.37335968017578,194.7880401611328,164.5558624267578,0.4183480739593506,0.36254167556762695,-0.8327955603599548,104.37335968017578,194.7880401611328,164.5558624267578,102.01622772216797,197.1974334716797,177.82077026367188,0.17222371697425842,-0.17604218423366547,-0.9691997766494751
1,90.45462799072266,224.08578491210938,172.6348114013672,-0.037732526659965515,0.24858494102954865,0.047319620847702026,-0.38710886240005493,0.0843529999256134,-0.9181673526763916,98.19207000732422,212.91432189941406,236.17347717285156,187.24862670898438,193.50845336914062,447.4029846191406,1110,41.38172912597656,16.309661865234375,70.24459075927734,207.54681396484375,218.0111846923828,70.24459075927734,207.54681396484375,218.0111846923828,0.0,0.0,0.0,70.24459075927734,207.54681396484375,218.0111846923828,68.48257446289062,200.31890869140625,176.13421630859375,0.0414273627102375,0.16993772983551025,0.9845836162567139,68.48257446289062,200.31890869140625,176.13421630859375,78.9072036743164,192.1531219482422,152.52102661132812,-0.3850593566894531,0.30162346363067627,0.8722113370895386,78.9072036743164,192.1531219482422,152.52102661132812,93.12039947509766,185.22894287109375,142.75523376464844,-0.7648471593856812,0.37260717153549194,0.525521457195282,1111,46.694664001464844,15.578988075256348,78.13189697265625,225.5972137451172,213.55006408691406,70.20340728759766,232.10031127929688,151.70892333984375,0.1264803558588028,-0.10374157875776291,0.986529529094696,70.20340728759766,232.10031127929688,151.70892333984375,74.4959716796875,229.8126983642578,117.9442367553711,-0.12583278119564056,0.06705938279628754,0.9897823929786682,74.4959716796875,229.8126983642578,117.9442367553711,76.73509979248047,225.0959014892578,99.4762191772461,-0.1166703924536705,0.24577000737190247,0.9622811675071716,76.73509979248047,225.0959014892578,99.4762191772461,78.20101928710938,220.14111328125,86.93235778808594,-0.10805512219667435,0.3652248680591583,0.9246268272399902,1112,53.2048225402832,15.300636291503906,88.38822937011719,227.0419921875,211.87826538085938,89.00836181640625,233.02841186523438,152.7373504638672,-0.010431799106299877,-0.10070288926362991,0.994861900806427,89.00836181640625,233.02841186523438,152.7373504638672,82.89860534667969,198.2770538330078,137.91217041015625,0.15963895618915558,0.9080018997192383,0.387360155582428,82.89860534667969,198.2770538330078,137.91217041015625,79.79048156738281,187.75875854492188,157.6486053466797,0.13765408098697662,0.46583929657936096,-0.874096691608429,79.79048156738281,187.75875854492188,157.6486053466797,79.4761962890625,190.04104614257812,172.39100646972656,0.0210628230124712,-0.15295472741127014,-0.9880086779594421,1113,51.15785598754883,14.559525489807129,98.76945495605469,225.90086364746094,211.16897583007812,107.34587097167969,230.80722045898438,158.71864318847656,-0.1606886386871338,-0.09192601591348648,0.9827149510383606,107.34587097167969,230.80722045898438,158.71864318847656,100.18169403076172,198.3157958984375,146.4068145751953,0.20194010436534882,0.9158514142036438,0.34703943133354187,100.18169403076172,198.3157958984375,146.4068145751953,93.89237976074219,190.28932189941406,165.89651489257812,0.2859286665916443,0.3649044632911682,-0.886052668094635,93.89237976074219,190.28932189941406,165.89651489257812,92.21739196777344,194.24652099609375,180.0961456298828,0.1129034012556076,-0.2667370140552521,-0.9571332931518555,1114,40.1068115234375,12.93290901184082,108.55338287353516,218.77175903320312,211.88143920898438,123.32746124267578,224.76629638671875,165.11801147460938,-0.2990296185016632,-0.12133035808801651,0.9464989900588989,123.32746124267578,224.76629638671875,165.11801147460938,114.8573989868164,201.0658416748047,152.67555236816406,0.30168214440345764,0.8441500663757324,0.4431688189506531,114.8573989868164,201.0658416748047,152.67555236816406,108.14469909667969,195.4258270263672,165.49415588378906,0.43223562836647034,0.36316463351249695,-0.8253992199897766,108.14469909667969,195.4258270263672,165.49415588378906,105.48760223388672,197.90020751953125,178.6902313232422,0.19414058327674866,-0.18079042434692383,-0.9641702175140381
1,93.63395690917969,224.35800170898438,173.55152893066406,-0.017909295856952667,0.25770607590675354,0.0578361377120018,-0.37028077244758606,0.09256304800510406,-0.9242966175079346,100.58137512207031,212.72576904296875,237.10162353515625,185.7665252685547,191.43112182617188,449.7412109375,1110,41.38172912597656,16.309661865234375,73.03829956054688,207.12289428710938,218.49337768554688,73.03829956054688,207.12289428710938,218.49337768554688,0.0,0.0,0.0,73.03829956054688,207.12289428710938,218.49337768554688,72.22351837158203,200.2454833984375,176.5283203125,0.019156593829393387,0.161697119474411,0.98665452003479,72.22351837158203,200.2454833984375,176.5283203125,83.14153289794922,192.48068237304688,153.00302124023438,-0.4032840132713318,0.2868122458457947,0.8689653873443604,83.14153289794922,192.48068237304688,153.00302124023438,97.57379913330078,185.8724365234375,143.3401641845703,-0.7766357660293579,0.35560595989227295,0.519982099533081,1111,46.694664001464844,15.578988075256348,80.69677734375,225.3336944580078,214.29302978515625,73.561279296875,232.21923828125,152.396728515625,0.11383002996444702,-0.10984259843826294,0.9874093532562256,73.561279296875,232.21923828125,152.396728515625,78.0819320678711,229.96217346191406,118.65977478027344,-0.13251903653144836,0.06616391241550446,0.9889697432518005,78.0819320678711,229.96217346191406,118.65977478027344,80.4953384399414,225.15586853027344,100.2368392944336,-0.12575119733810425,0.2504338324069977,0.9599320888519287,80.4953384399414,225.15586853027344,100.2368392944336,82.10865020751953,220.1792755126953,87.7197265625,-0.11891961842775345,0.36683210730552673,0.9226550459861755,1112,53.2048225402832,15.300636291503906,90.95158386230469,226.95652770996094,212.7830352783203,92.3319091796875,233.44027709960938,153.7074432373047,-0.023219676688313484,-0.10906890034675598,0.9937629699707031,92.3319091796875,233.44027709960938,153.7074432373047,86.9780044555664,198.6544952392578,138.67222595214844,0.13988962769508362,0.9089010953903198,0.39284801483154297,86.9780044555664,198.6544952392578,138.67222595214844,83.78172302246094,188.11219787597656,158.38174438476562,0.14155851304531097,0.46690255403518677,-0.8729050159454346,83.78172302246094,188.11219787597656,158.38174438476562,83.24784088134766,190.42855834960938,173.11251831054688,0.03577978163957596,-0.15523815155029297,-0.9872289299964905,1113,51.15785598754883,14.559525489807129,101.35907745361328,225.98793029785156,212.21649169921875,110.61430358886719,231.46412658691406,159.938232421875,-0.1734069138765335,-0.10260260105133057,0.9794910550117493,110.61430358886719,231.46412658691406,159.938232421875,104.1365966796875,198.9447784423828,147.32354736328125,0.18259026110172272,0.9166386127471924,0.35557621717453003,104.1365966796875,198.9447784423828,147.32354736328125,97.71621704101562,190.77099609375,166.70899963378906,0.29188740253448486,0.3716017007827759,-0.8813138008117676,97.71621704101562,190.77099609375,166.70899963378906,95.81153106689453,194.70343017578125,180.88653564453125,0.12838636338710785,-0.26506778597831726,-0.9556443095207214,1114,40.1068115234375,12.93290901184082,111.24555206298828,219.01100158691406,213.0147247314453,126.59698486328125,225.62765502929688,166.52194213867188,-0.3107154071331024,-0.13392210006713867,0.9410211443901062,126.59698486328125,225.62765502929688,166.52194213867188,118.73539733886719,201.85169982910156,153.82676696777344,0.28000983595848083,0.8468393087387085,0.4521699845790863,118.73539733886719,201.85169982910156,153.82676696777344,111.80191040039062,196.1378631591797,166.4942626953125,0.4464523196220398,0.36791813373565674,-0.8156693577766418,111.80191040039062,196.1378631591797,166.4942626953125,108.83084869384766,198.6122283935547,179.6232147216797,0.21708044409751892,-0.18078933656215668,-0.9592660665512085
1,96.73420715332031,224.59217834472656,174.459228515625,-0.009825494140386581,0.26156726479530334,0.06915012001991272,-0.3527667820453644,0.10130053013563156,-0.9302117228507996,102.87879943847656,212.71043395996094,238.0492401123047,184.03475952148438,189.4056854248047,452.04962158203125,1110,41.38172912597656,16.309661865234375,75.66068267822266,207.10647583007812,219.0815887451172,75.66068267822266,207.10647583007812,219.0815887451172,0.0,0.0,0.0,75.66068267822266,207.10647583007812,219.0815887451172,75.5903549194336,200.42037963867188,177.07777404785156,0.0016534990863874555,0.15719901025295258,0.9875655174255371,75.5903549194336,200.42037963867188,177.07777404785156,86.82976531982422,192.8359375,153.64517211914062,-0.4151555299758911,0.2801502048969269,0.8655413389205933,86.82976531982422,192.8359375,153.64517211914062,101.3569564819336,186.33837890625,144.04974365234375,-0.7817441821098328,0.3496497571468353,0.5163538455963135,1111,46.694664001464844,15.578988075256348,83.28392028808594,225.36758422851562,215.0385284423828,76.89035034179688,232.43028259277344,153.08114624023438,0.1019943356513977,-0.1126687079668045,0.9883840084075928,76.89035034179688,232.43028259277344,153.08114624023438,81.54593658447266,230.0245819091797,119.37281799316406,-0.13647446036338806,0.07052101939916611,0.9881302714347839,81.54593658447266,230.0245819091797,119.37281799316406,84.04476928710938,225.037109375,101.00952911376953,-0.13020239770412445,0.2598736882209778,0.9568244814872742,84.04476928710938,225.037109375,101.00952911376953,85.7253646850586,219.97802734375,88.53440856933594,-0.12387919425964355,0.3729124963283539,0.9195597767829895,1112,53.2048225402832,15.300636291503906,93.54893493652344,227.0441436767578,213.66253662109375,95.6370620727539,233.73580932617188,154.6309356689453,-0.03512624651193619,-0.11256647109985352,0.993023157119751,95.6370620727539,233.73580932617188,154.6309356689453,90.6124038696289,198.9058837890625,139.58428955078125,0.13128691911697388,0.910054624080658,0.39314669370651245,90.6124038696289,198.9058837890625,139.58428955078125,87.24520874023438,188.46658325195312,159.3201446533203,0.14912807941436768,0.4623411297798157,-0.8740717172622681,87.24520874023438,188.46658325195312,159.3201446533203,86.54423522949219,190.8793487548828,174.02841186523438,0.046977970749139786,-0.16169916093349457,-0.9857212901115417,1113,51.15785598754883,14.559525489807129,103.96720886230469,226.1268310546875,213.22314453125,113.84933471679688,231.82510375976562,161.0835418701172,-0.1851525455713272,-0.10676343739032745,0.9768930673599243,113.84933471679688,231.82510375976562,161.0835418701172,107.66482543945312,199.2969207763672,148.3450927734375,0.17432574927806854,0.916887640953064,0.35906481742858887,107.66482543945312,199.2969207763672,148.3450927734375,101.05730438232422,191.11924743652344,167.6659393310547,0.3003949820995331,0.3717781901359558,-0.8783756494522095,101.05730438232422,191.11924743652344,167.6659393310547,98.98657989501953,195.0851593017578,181.81082153320312,0.13957838714122772,-0.2673245966434479,-0.9534440040588379,1114,40.1068115234375,12.93290901184082,113.87618255615234,219.19415283203125,214.1217498779297,129.77613830566406,226.04202270507812,167.84730529785156,-0.3218175172805786,-0.13860192894935608,0.9366018176078796,129.77613830566406,226.04202270507812,167.84730529785156,122.223388671875,202.2266082763672,155.0391082763672,0.2690098285675049,0.848244845867157,0.456195592880249,122.223388671875,202.2266082763672,155.0391082763672,115.03524780273438,196.5565948486328,167.58375549316406,0.4628497064113617,0.3650963604450226,-0.8077591061592102,115.03524780273438,196.5565948486328,167.58375549316406,111.79991149902344,199.09469604492188,180.63787841796875,0.2363893836736679,-0.18544599413871765,-0.9537976384162903
1,99.49899291992188,224.8683319091797,175.27261352539062,0.0055599519982934,0.2706970274448395,0.07917333394289017,-0.33700940012931824,0.11154517531394958,-0.9348702430725098,104.90863800048828,212.4807586669922,238.83518981933594,182.4395294189453,186.8191680908203,453.90728759765625,1110,41.38172912597656,16.309661865234375,78.0555419921875,206.7729949951172,219.47369384765625,78.0555419921875,206.7729949951172,219.47369384765625,0.0,0.0,0.0,78.0555419921875,206.7729949951172,219.47369384765625,78.87808227539062,200.47044372558594,177.4186248779297,-0.019339025020599365,0.14818143844604492,0.9887710809707642,78.87808227539062,200.47044372558594,177.4186248779297,90.53079223632812,193.25662231445312,154.07101440429688,-0.43042150139808655,0.26646023988723755,0.8624014258384705,90.53079223632812,193.25662231445312,154.07101440429688,105.18870544433594,187.02098083496094,144.50064086914062,-0.7887787222862244,0.33555537462234497,0.5150055885314941,1111,46.694664001464844,15.578988075256348,85.51332092285156,225.1549072265625,215.67694091796875,79.84341430664062,232.64608764648438,153.69943237304688,0.0904499888420105,-0.11950411647558212,0.9887049794197083,79.84341430664062,232.64608764648438,153.69943237304688,84.66987609863281,230.23170471191406,120.0157699584961,-0.14148354530334473,0.07077553868293762,0.9874073266983032,84.66987609863281,230.23170471191406,120.0157699584961,87.30046844482422,225.14364624023438,101.69853210449219,-0.1370677500963211,0.2651146948337555,0.9544247388839722,87.30046844482422,225.14364624023438,101.69853210449219,89.09054565429688,220.05221557617188,89.25183868408203,-0.131949320435524,0.37529709935188293,0.9174647331237793,1112,53.2048225402832,15.300636291503906,95.77473449707031,226.96334838867188,214.44912719726562,98.55152893066406,234.15956115722656,155.50531005859375,-0.04671092703938484,-0.12105389684438705,0.9915463328361511,98.55152893066406,234.15956115722656,155.50531005859375,94.10746765136719,199.31748962402344,140.3048858642578,0.11611677706241608,0.9103720188140869,0.3971647024154663,94.10746765136719,199.31748962402344,140.3048858642578,90.63262939453125,188.8906707763672,160.0286865234375,0.15389537811279297,0.4617881774902344,-0.873537540435791,90.63262939453125,188.8906707763672,160.0286865234375,89.74164581298828,191.34255981445312,174.72019958496094,0.059712059795856476,-0.16432103514671326,-0.9845978021621704,1113,51.15785598754883,14.559525489807129,106.2080078125,226.17236328125,214.1390838623047,116.69966888427734,232.41091918945312,162.18072509765625,-0.19657282531261444,-0.11688622087240219,0.9734970927238464,116.69966888427734,232.41091918945312,162.18072509765625,111.04130554199219,199.8885498046875,149.1854248046875,0.15949499607086182,0.9167235493659973,0.36630475521087646,111.04130554199219,199.8885498046875,149.1854248046875,104.29882049560547,191.5968475341797,168.41079711914062,0.3065309226512909,0.3769623935222626,-0.8740354776382446,104.29882049560547,191.5968475341797,168.41079711914062,102.0320816040039,195.53179931640625,182.5342559814453,0.1527908593416214,-0.2652377188205719,-0.9519999623298645,1114,40.1068115234375,12.93290901184082,116.18609619140625,219.3497314453125,215.1121368408203,132.60464477539062,226.7608642578125,169.10635375976562,-0.3323139548301697,-0.15000246465206146,0.9311641454696655,132.60464477539062,226.7608642578125,169.10635375976562,125.50941467285156,202.925048828125,156.07643127441406,0.25271424651145935,0.8489717841148376,0.46409308910369873,125.50941467285156,202.925048828125,156.07643127441406,118.15977478027344,197.1812286376953,168.49327087402344,0.47324874997138977,0.3698488473892212,-0.799529492855072,118.15977478027344,197.1812286376953,168.49327087402344,114.69332885742188,199.6947021484375,181.49270629882812,0.253275603055954,-0.18364675343036652,-0.9498027563095093
1,102.07291412353516,225.2124481201172,175.97674560546875,0.015288312919437885,0.28526532649993896,0.09046391397714615,-0.32186853885650635,0.12343188375234604,-0.9387040138244629,106.71652221679688,211.97137451171875,239.42970275878906,180.76417541503906,183.57518005371094,455.3837890625,1110,41.38172912597656,16.309661865234375,80.18458557128906,206.37876892089844,219.64816284179688,80.18458557128906,206.37876892089844,219.64816284179688,0.0,0.0,0.0,80.18458557128906,206.37876892089844,219.64816284179688,81.65311431884766,200.72958374023438,177.51791381835938,-0.03452707827091217,0.13281992077827454,0.9905386567115784,81.65311431884766,200.72958374023438,177.51791381835938,93.60350036621094,193.95654296875,154.1887664794922,-0.4414171874523163,0.25017908215522766,0.8617199659347534,93.60350036621094,193.95654296875,154.1887664794922,108.33699798583984,187.9563751220703,144.58396911621094,-0.792845606803894,0.3228837549686432,0.5168576836585999,1111,46.694664001464844,15.578988075256348,87.57623291015625,224.85585021972656,216.20001220703125,82.64393615722656,233.170166015625,154.26438903808594,0.07868316769599915,-0.13263531029224396,0.9880368709564209,82.64393615722656,233.170166015625,154.26438903808594,87.62896728515625,230.90577697753906,120.59339904785156,-0.14613182842731476,0.06637858599424362,0.9870356321334839,87.62896728515625,230.90577697753906,120.59339904785156,90.36394500732422,225.79566955566406,102.29759979248047,-0.14250677824020386,0.26626357436180115,0.9533076882362366,90.36394500732422,225.79566955566406,102.29759979248047,92.23422241210938,220.71315002441406,89.85905456542969,-0.13786093890666962,0.3746401071548462,0.916863739490509,1112,53.2048225402832,15.300636291503906,97.84099578857422,226.74256896972656,215.12783813476562,101.31804656982422,234.7705841064453,156.32876586914062,-0.0584905631840229,-0.13504637777805328,0.9891114830970764,101.31804656982422,234.7705841064453,156.32876586914062,97.24117279052734,200.0133514404297,140.83404541015625,0.10652270913124084,0.9081552624702454,0.4048542082309723,97.24117279052734,200.0133514404297,140.83404541015625,93.60464477539062,189.51023864746094,160.48809814453125,0.16105635464191437,0.4651670455932617,-0.8704484105110168,93.60464477539062,189.51023864746094,160.48809814453125,92.54486083984375,191.9346466064453,175.17295837402344,0.07102477550506592,-0.16247937083244324,-0.9841523766517639,1113,51.15785598754883,14.559525489807129,108.28203582763672,226.0184783935547,214.93968200683594,119.39081573486328,233.03848266601562,163.20980834960938,-0.20813524723052979,-0.13152752816677094,0.9692162871360779,119.39081573486328,233.03848266601562,163.20980834960938,114.05660247802734,200.62220764160156,149.81838989257812,0.15035805106163025,0.9137332439422607,0.37747037410736084,114.05660247802734,200.62220764160156,149.81838989257812,107.14048767089844,192.14724731445312,168.90164184570312,0.3144247233867645,0.3852939307689667,-0.8675746917724609,107.14048767089844,192.14724731445312,168.90164184570312,104.70662689208984,195.98416137695312,183.02426147460938,0.16405582427978516,-0.2586294412612915,-0.9519435167312622,1114,40.1068115234375,12.93290901184082,118.2889175415039,219.2429656982422,215.94558715820312,135.24154663085938,227.38851928710938,170.2587890625,-0.3431238830089569,-0.16486729681491852,0.9247080087661743,135.24154663085938,227.38851928710938,170.2587890625,128.4790802001953,203.6310577392578,156.9126434326172,0.24086199700832367,0.8461808562278748,0.4753560423851013,128.4790802001953,203.6310577392578,156.9126434326172,120.87242126464844,197.8209686279297,169.1424560546875,0.48979830741882324,0.37411585450172424,-0.7874864935874939,120.87242126464844,197.8209686279297,169.1424560546875,117.13615417480469,200.28480529785156,182.07647705078125,0.2729901373386383,-0.18002007901668549,-0.9450234174728394
1,104.38815307617188,225.48170471191406,176.5884552001953,0.019679296761751175,0.2918808162212372,0.10024402290582657,-0.3083465099334717,0.13715502619743347,-0.9413346648216248,108.37318420410156,211.7762451171875,239.98922729492188,179.3100128173828,180.2229766845703,456.54852294921875,1110,41.38172912597656,16.309661865234375,82.0906753540039,206.3459930419922,219.92027282714844,82.0906753540039,206.3459930419922,219.92027282714844,0.0,0.0,0.0,82.0906753540039,206.3459930419922,219.92027282714844,83.99185180664062,201.03465270996094,177.7633819580078,-0.04469919949769974,0.1248767152428627,0.9911648631095886,83.99185180664062,201.03465270996094,177.7633819580078,96.10276794433594,194.47537231445312,154.4559326171875,-0.4473465383052826,0.2422831803560257,0.8609180450439453,96.10276794433594,194.47537231445312,154.4559326171875,110.83231353759766,188.5747833251953,144.7836151123047,-0.7926328182220459,0.31752508878707886,0.5204910039901733,1111,46.694664001464844,15.578988075256348,89.48997497558594,224.85433959960938,216.6614227294922,85.16616821289062,233.5480499267578,154.732421875,0.06897614896297455,-0.13868765532970428,0.9879312515258789,85.16616821289062,233.5480499267578,154.732421875,90.22675323486328,231.2143096923828,121.07744598388672,-0.1483466476202011,0.06841155886650085,0.9865663051605225,90.22675323486328,231.2143096923828,121.07744598388672,93.00544738769531,225.99786376953125,102.81828308105469,-0.14478464424610138,0.2718043923377991,0.9513989090919495,93.00544738769531,225.99786376953125,102.81828308105469,94.9071044921875,220.8521728515625,90.41050720214844,-0.140174001455307,0.37929660081863403,0.9145957827568054,1112,53.2048225402832,15.300636291503906,99.76224517822266,226.76177978515625,215.7039337158203,103.81635284423828,235.1611785888672,156.99375915527344,-0.06819774210453033,-0.1412937343120575,0.9876159429550171,103.81635284423828,235.1611785888672,156.99375915527344,99.90855407714844,200.4078369140625,141.44683837890625,0.1021050214767456,0.9080536365509033,0.40621814131736755,99.90855407714844,200.4078369140625,141.44683837890625,96.10803985595703,189.95201110839844,161.09507751464844,0.16831904649734497,0.4630727767944336,-0.8701909184455872,96.10803985595703,189.95201110839844,161.09507751464844,94.92547607421875,192.43980407714844,175.75994873046875,0.07925325632095337,-0.16672731935977936,-0.982812762260437,1113,51.15785598754883,14.559525489807129,110.20567321777344,226.05320739746094,215.6159210205078,121.82178497314453,233.41098022460938,164.04466247558594,-0.21764066815376282,-0.13785599172115326,0.9662444591522217,121.82178497314453,233.41098022460938,164.04466247558594,116.63481903076172,201.03665161132812,150.49484252929688,0.14620748162269592,0.912550687789917,0.3819352388381958,116.63481903076172,201.03665161132812,150.49484252929688,109.55296325683594,192.52572631835938,169.50115966796875,0.321959525346756,0.3869287371635437,-0.8640764951705933,109.55296325683594,192.52572631835938,169.50115966796875,107.0010986328125,196.3612060546875,183.60333251953125,0.17200985550880432,-0.25853264331817627,-0.9505648612976074,1114,40.1068115234375,12.93290901184082,120.21168518066406,219.2852783203125,216.67987060546875,137.60922241210938,227.7388916015625,171.2168426513672,-0.35212889313697815,-0.17110246419906616,0.9201788902282715,137.60922241210938,227.7388916015625,171.2168426513672,131.03599548339844,204.0018310546875,157.74049377441406,0.23412178456783295,0.8454543352127075,0.479993611574173,131.03599548339844,204.0018310546875,157.74049377441406,123.18633270263672,198.23101806640625,169.8345947265625,0.5054454207420349,0.37158679962158203,-0.7787478566169739,123.18633270263672,198.23101806640625,169.8345947265625,119.22847747802734,200.7370147705078,182.69439697265625,0.2891803979873657,-0.18310046195983887,-0.9396004676818848
1,106.3792495727539,225.68402099609375,177.06906127929688,0.021469024941325188,0.2947981655597687,0.10849074274301529,-0.29606759548187256,0.15097114443778992,-0.9431604743003845,109.80437469482422,211.70191955566406,240.4434051513672,177.9163818359375,176.9701690673828,457.4227294921875,1110,41.38172912597656,16.309661865234375,83.72521209716797,206.44354248046875,220.16891479492188,83.72521209716797,206.44354248046875,220.16891479492188,0.0,0.0,0.0,83.72521209716797,206.44354248046875,220.16891479492188,85.92446899414062,201.31103515625,178.00437927246094,-0.05170748382806778,0.12067213654518127,0.9913448691368103,85.92446899414062,201.31103515625,178.00437927246094,98.11515808105469,194.85719299316406,154.70909118652344,-0.4502931833267212,0.23838858306407928,0.8604689240455627,98.11515808105469,194.85719299316406,154.70909118652344,112.80524444580078,188.99478149414062,144.95391845703125,-0.7905097007751465,0.315470814704895,0.524949848651886,1111,46.694664001464844,15.578988075256348,91.16151428222656,224.9561004638672,217.02005004882812,87.33712005615234,233.82237243652344,155.08265686035156,0.06100918725132942,-0.14144045114517212,0.9880650043487549,87.33712005615234,233.82237243652344,155.08265686035156,92.41699981689453,231.33120727539062,121.44187927246094,-0.14891226589679718,0.07302634418010712,0.9861502051353455,92.41699981689453,231.33120727539062,121.44187927246094,95.20198059082031,225.97927856445312,103.2229232788086,-0.14511218667030334,0.27886369824409485,0.9493036866188049,95.20198059082031,225.97927856445312,103.2229232788086,97.10623168945312,220.74099731445312,90.85435485839844,-0.14036522805690765,0.38612163066864014,0.9117059111595154,1112,53.2048225402832,15.300636291503906,101.44225311279297,226.85971069335938,216.14976501464844,105.96965026855469,235.41754150390625,157.49710083007812,-0.07615937292575836,-0.14395888149738312,0.9866486191749573,105.96965026855469,235.41754150390625,157.49710083007812,102.1317138671875,200.63259887695312,142.0035400390625,0.10027962923049927,0.9088793992996216,0.4048239588737488,102.1317138671875,200.63259887695312,142.0035400390625,98.18256378173828,190.27133178710938,161.67254638671875,0.17490190267562866,0.45888492465019226,-0.8711106777191162,98.18256378173828,190.27133178710938,161.67254638671875,96.90789031982422,192.8493194580078,176.31410217285156,0.08542628586292267,-0.17277202010154724,-0.9812503457069397,1113,51.15785598754883,14.559525489807129,111.88561248779297,226.14480590820312,216.14309692382812,123.91719818115234,233.63668823242188,164.68653869628906,-0.22542506456375122,-0.14036870002746582,0.9640954732894897,123.91719818115234,233.63668823242188,164.68653869628906,118.78882598876953,201.27244567871094,151.09042358398438,0.144555926322937,0.9122666716575623,0.38324031233787537,118.78882598876953,201.27244567871094,151.09042358398438,111.56086730957031,192.7900848388672,170.05445861816406,0.3286018371582031,0.38563022017478943,-0.8621544241905212,111.56086730957031,192.7900848388672,170.05445861816406,108.92207336425781,196.66006469726562,184.1311798095703,0.17786943912506104,-0.2608582377433777,-0.9488495588302612,1114,40.1068115234375,12.93290901184082,121.87870788574219,219.36769104003906,217.26821899414062,139.6434783935547,227.93502807617188,171.96878051757812,-0.3595617115497589,-0.17340423166751862,0.9168676733970642,139.6434783935547,227.93502807617188,171.96878051757812,133.18310546875,204.19056701660156,158.450927734375,0.23010209202766418,0.8457174897193909,0.48147162795066833,133.18310546875,204.19056701660156,158.450927734375,125.11276245117188,198.50338745117188,170.43893432617188,0.519655168056488,0.36620157957077026,-0.771916389465332,125.11276245117188,198.50338745117188,170.43893432617188,120.96802520751953,201.08639526367188,183.2244110107422,0.3028348684310913,-0.1887272447347641,-0.9341697692871094
1,108.11504364013672,225.85037231445312,177.49009704589844,0.02266407012939453,0.2987457513809204,0.11587828397750854,-0.28554588556289673,0.1641635298728943,-0.9442001581192017,111.04817199707031,211.5383758544922,240.81607055664062,176.73959350585938,173.77163696289062,458.0345764160156,1110,41.38172912597656,16.309661865234375,85.14308166503906,206.46702575683594,220.35702514648438,85.14308166503906,206.46702575683594,220.35702514648438,0.0,0.0,0.0,85.14308166503906,206.46702575683594,220.35702514648438,87.64215850830078,201.55325317382812,178.18313598632812,-0.058756645768880844,0.1155293807387352,0.9915646910667419,87.64215850830078,201.55325317382812,178.18313598632812,99.91087341308594,195.2244110107422,154.89451599121094,-0.45317524671554565,0.2337713986635208,0.8602226376533508,99.91087341308594,195.2244110107422,154.89451599121094,114.55250549316406,189.4085235595703,145.03916931152344,-0.7879024744033813,0.31296730041503906,0.5303406119346619,1111,46.694664001464844,15.578988075256348,92.61839294433594,224.98434448242188,217.3309783935547,89.23429107666016,234.09092712402344,155.40283203125,0.0539853610098362,-0.14527404308319092,0.9879174828529358,89.23429107666016,234.09092712402344,155.40283203125,94.32984161376953,231.55726623535156,121.76758575439453,-0.14937159419059753,0.0742720440030098,0.9859877228736877,94.32984161376953,231.55726623535156,121.76758575439453,97.11902618408203,226.1427001953125,103.56779479980469,-0.1453312635421753,0.2821274995803833,0.9483053088188171,97.11902618408203,226.1427001953125,103.56779479980469,99.02392578125,220.85208129882812,91.22162628173828,-0.1404130607843399,0.38997960090637207,0.9100549817085266,1112,53.2048225402832,15.300636291503906,102.9067153930664,226.8814239501953,216.53965759277344,107.85101318359375,235.6590118408203,157.9531707763672,-0.08317244052886963,-0.14765562117099762,0.9855355024337769,107.85101318359375,235.6590118408203,157.9531707763672,104.06627655029297,200.88693237304688,142.417724609375,0.09888960421085358,0.9085433483123779,0.4059183895587921,104.06627655029297,200.88693237304688,142.417724609375,99.98030090332031,190.55697631835938,162.07525634765625,0.18096165359020233,0.45749807357788086,-0.8706022500991821,99.98030090332031,190.55697631835938,162.07525634765625,98.62226867675781,193.16954040527344,176.7031707763672,0.09101291000843048,-0.17508940398693085,-0.9803368449211121,1113,51.15785598754883,14.559525489807129,113.34919738769531,226.15655517578125,216.60305786132812,125.7463150024414,233.83351135253906,165.2606658935547,-0.23227368295192719,-0.14383624494075775,0.9619563817977905,125.7463150024414,233.83351135253906,165.2606658935547,120.67037200927734,201.51397705078125,151.53907775878906,0.1430780291557312,0.9110061526298523,0.38677695393562317,120.67037200927734,201.51397705078125,151.53907775878906,113.3075180053711,193.0035400390625,170.4385223388672,0.33473461866378784,0.38690677285194397,-0.8592182397842407,113.3075180053711,193.0035400390625,170.4385223388672,110.58314514160156,196.8495330810547,184.50550842285156,0.18363796174526215,-0.2592414319515228,-0.9481934905052185,1114,40.1068115234375,12.93290901184082,123.32789611816406,219.36561584472656,217.7718505859375,141.41610717773438,228.08900451660156,172.63046264648438,-0.3661081790924072,-0.17656272649765015,0.9136686325073242,141.41610717773438,228.08900451660156,172.63046264648438,135.0514373779297,204.37356567382812,159.01661682128906,0.22669343650341034,0.8446839451789856,0.48489075899124146,135.0514373779297,204.37356567382812,159.01661682128906,126.80192565917969,198.71929931640625,170.8977508544922,0.5311922430992126,0.3640824556350708,-0.765035092830658,126.80192565917969,198.71929931640625,170.8977508544922,122.50099182128906,201.32337951660156,183.6272430419922,0.3142473101615906,-0.19026686251163483,-0.9300791025161743
1,109.57038879394531,225.9977569580078,177.86538696289062,0.020445670932531357,0.3015400767326355,0.12427837401628494,-0.2763037085533142,0.17743374407291412,-0.9445493817329407,111.98115539550781,211.3975830078125,241.1470184326172,175.54637145996094,170.57797241210938,458.44586181640625,1110,41.38172912597656,16.309661865234375,86.21626281738281,206.58575439453125,220.5122833251953,86.21626281738281,206.58575439453125,220.5122833251953,0.0,0.0,0.0,86.21626281738281,206.58575439453125,220.5122833251953,88.97982788085938,201.85313415527344,178.33416748046875,-0.06497510522603989,0.11127021908760071,0.9916638135910034,88.97982788085938,201.85313415527344,178.33416748046875,101.28823852539062,195.59373474121094,155.0477294921875,-0.4546416103839874,0.23120641708374023,0.8601422309875488,101.28823852539062,195.59373474121094,155.0477294921875,115.86939239501953,189.7676544189453,145.1090850830078,-0.7846478819847107,0.3135157823562622,0.5348230004310608,1111,46.694664001464844,15.578988075256348,93.79314422607422,225.07919311523438,217.5948028564453,90.87996673583984,234.38771057128906,155.6727294921875,0.04647286981344223,-0.14849542081356049,0.9878205060958862,90.87996673583984,234.38771057128906,155.6727294921875,95.99993133544922,231.8153076171875,122.04414367675781,-0.15008732676506042,0.07540775835514069,0.9857928156852722,95.99993133544922,231.8153076171875,122.04414367675781,98.78538513183594,226.36026000976562,103.85587310791016,-0.14513686299324036,0.2842368185520172,0.9477050304412842,98.78538513183594,226.36026000976562,103.85587310791016,100.6805419921875,221.03390502929688,91.52357482910156,-0.13969486951828003,0.39261364936828613,0.9090322852134705,1112,53.2048225402832,15.300636291503906,104.09490203857422,226.9335479736328,216.8807830810547,109.48514556884766,235.86648559570312,158.3571319580078,-0.09067407250404358,-0.15026886761188507,0.9844782948493958,109.48514556884766,235.86648559570312,158.3571319580078,105.63191223144531,201.10494995117188,142.81492614746094,0.10067932307720184,0.9082678556442261,0.4060949981212616,105.63191223144531,201.10494995117188,142.81492614746094,101.37419891357422,190.83590698242188,162.46792602539062,0.18856766819953918,0.4548003375530243,-0.8704015612602234,101.37419891357422,190.83590698242188,162.46792602539062,99.94355010986328,193.50418090820312,177.078857421875,0.09587951004505157,-0.17882291972637177,-0.9791983962059021,1113,51.15785598754883,14.559525489807129,114.53343200683594,226.16273498535156,217.01451110839844,127.32101440429688,233.94049072265625,165.78317260742188,-0.23958943784236908,-0.145724818110466,0.9598755836486816,127.32101440429688,233.94049072265625,165.78317260742188,122.18524932861328,201.6708984375,151.96665954589844,0.14476431906223297,0.909598708152771,0.3894527852535248,122.18524932861328,201.6708984375,151.96665954589844,114.65815734863281,193.16624450683594,170.8039093017578,0.34220126271247864,0.38664379715919495,-0.8563905954360962,114.65815734863281,193.16624450683594,170.8039093017578,111.85914611816406,197.00083923339844,184.85935974121094,0.1886688768863678,-0.2584729492664337,-0.947415292263031,1114,40.1068115234375,12.93290901184082,124.47403717041016,219.3246307373047,218.2318572998047,142.91392517089844,228.1051025390625,173.2440948486328,-0.37322625517845154,-0.1777181327342987,0.9105594158172607,142.91392517089844,228.1051025390625,173.2440948486328,136.55104064941406,204.43264770507812,159.55484008789062,0.22662997245788574,0.8431534171104431,0.4875768721103668,136.55104064941406,204.43264770507812,159.55484008789062,128.12545776367188,198.83229064941406,171.33755493164062,0.542529284954071,0.3606109619140625,-0.7586973905563354,128.12545776367188,198.83229064941406,171.33755493164062,123.69357299804688,201.4651336669922,184.01611328125,0.32381516695022583,-0.19236837327480316,-0.9263574481010437
1,110.6465072631836,225.9752197265625,178.0498809814453,0.0077131143771111965,0.30305588245391846,0.13261699676513672,-0.2682553827762604,0.18931470811367035,-0.9445628523826599,112.58543395996094,211.1062774658203,241.28494262695312,174.299072265625,167.55337524414062,458.5868835449219,1110,41.38172912597656,16.309661865234375,86.85514068603516,206.76406860351562,220.5457763671875,86.85514068603516,206.76406860351562,220.5457763671875,0.0,0.0,0.0,86.85514068603516,206.76406860351562,220.5457763671875,89.79270935058594,202.17088317871094,178.364013671875,-0.06906617432832718,0.10799194127321243,0.9917497038841248,89.79270935058594,202.17088317871094,178.364013671875,102.0706787109375,195.8524169921875,155.07745361328125,-0.4535171091556549,0.23338814079761505,0.8601465821266174,102.0706787109375,195.8524169921875,155.07745361328125,116.54120635986328,189.87318420410156,145.06832885742188,-0.778694748878479,0.3217572569847107,0.5386156439781189,1111,46.694664001464844,15.578988075256348,94.70092010498047,225.1584930419922,217.71426391601562,92.1629638671875,234.69175720214844,155.80987548828125,0.04048710688948631,-0.1520807445049286,0.9875385165214539,92.1629638671875,234.69175720214844,155.80987548828125,97.21148681640625,232.03297424316406,122.17720031738281,-0.1479930281639099,0.07793989777565002,0.9859124422073364,97.21148681640625,232.03297424316406,122.17720031738281,99.90109252929688,226.5045166015625,103.99667358398438,-0.14014267921447754,0.28806188702583313,0.9473016262054443,99.90109252929688,226.5045166015625,103.99667358398438,101.7072525024414,221.11050415039062,91.68043518066406,-0.13313476741313934,0.3976007401943207,0.9078484177589417,1112,53.2048225402832,15.300636291503906,105.03030395507812,226.87086486816406,217.0462188720703,110.77620697021484,235.9024200439453,158.57156372070312,-0.096656933426857,-0.15192779898643494,0.9836540818214417,110.77620697021484,235.9024200439453,158.57156372070312,106.47953033447266,201.2041473388672,143.0042724609375,0.11226584017276764,0.9066148400306702,0.4067504107952118,106.47953033447266,201.2041473388672,143.0042724609375,102.00946807861328,191.01173400878906,162.64999389648438,0.1979724019765854,0.4514068365097046,-0.870079755783081,102.00946807861328,191.01173400878906,162.64999389648438,100.56906127929688,193.70806884765625,177.25482177734375,0.09653342515230179,-0.18070341646671295,-0.9787887930870056,1113,51.15785598754883,14.559525489807129,115.45645141601562,225.95388793945312,217.2184600830078,128.55393981933594,233.70526123046875,166.06146240234375,-0.24539586901664734,-0.1452305167913437,0.9584826827049255,128.55393981933594,233.70526123046875,166.06146240234375,123.01484680175781,201.54432678222656,152.147705078125,0.15613305568695068,0.9065355658531189,0.3921937048435211,123.01484680175781,201.54432678222656,152.147705078125,115.29658508300781,193.09791564941406,170.93373107910156,0.3508923351764679,0.383995920419693,-0.8540618419647217,115.29658508300781,193.09791564941406,170.93373107910156,112.49089813232422,196.9152374267578,184.9925537109375,0.18911883234977722,-0.25730863213539124,-0.9476425051689148,1114,40.1068115234375,12.93290901184082,125.29573822021484,218.97396850585938,218.45388793945312,144.0342254638672,227.6303253173828,173.56556701660156,-0.3792699873447418,-0.1752060502767563,0.9085468053817749,144.0342254638672,227.6303253173828,173.56556701660156,137.40541076660156,204.07049560546875,159.80836486816406,0.2361016869544983,0.8391417860984802,0.48999691009521484,137.40541076660156,204.07049560546875,159.80836486816406,128.79974365234375,198.58578491210938,171.5150909423828,0.5541248321533203,0.35316431522369385,-0.7538041472434998,128.79974365234375,198.58578491210938,171.5150909423828,124.30158996582031,201.26043701171875,184.1614990234375,0.3286575675010681,-0.195423424243927,-0.9240096807479858
1,111.5018539428711,225.9891357421875,178.2841033935547,0.0040465123020112514,0.3035401701927185,0.13681457936763763,-0.26073208451271057,0.199905127286911,-0.9444875121116638,113.1595230102539,210.97579956054688,241.49295043945312,173.14239501953125,164.98651123046875,458.7775573730469,1110,41.38172912597656,16.309661865234375,87.50615692138672,206.8464813232422,220.69595336914062,87.50615692138672,206.8464813232422,220.69595336914062,0.0,0.0,0.0,87.50615692138672,206.8464813232422,220.69595336914062,90.60798645019531,202.3488311767578,178.51564025878906,-0.07292814552783966,0.10574575513601303,0.9917154312133789,90.60798645019531,202.3488311767578,178.51564025878906,102.88485717773438,196.04750061035156,155.223876953125,-0.45347684621810913,0.2327553629875183,0.860339343547821,102.88485717773438,196.04750061035156,155.223876953125,117.28609466552734,190.0353546142578,145.13482666015625,-0.7749655246734619,0.3235281705856323,0.5429162383079529,1111,46.694664001464844,15.578988075256348,95.44300079345703,225.20777893066406,217.90347290039062,93.11962127685547,234.81005859375,156.00132751464844,0.03706403821706772,-0.15318171679973602,0.9875026941299438,93.11962127685547,234.81005859375,156.00132751464844,98.11238861083984,232.06838989257812,122.36698913574219,-0.1463586390018463,0.08036963641643524,0.9859614372253418,98.11238861083984,232.06838989257812,122.36698913574219,100.75381469726562,226.4883270263672,104.19515991210938,-0.13763223588466644,0.2907507121562958,0.9468481540679932,100.75381469726562,226.4883270263672,104.19515991210938,102.51924896240234,221.04812622070312,91.89334869384766,-0.13013288378715515,0.4010055959224701,0.9067854881286621,1112,53.2048225402832,15.300636291503906,105.78184509277344,226.87393188476562,217.26559448242188,111.73043823242188,235.9337615966797,158.8155975341797,-0.10006658732891083,-0.15240347385406494,0.983239471912384,111.73043823242188,235.9337615966797,158.8155975341797,107.29998016357422,201.2310333251953,143.29580688476562,0.11576134711503983,0.9067312479019165,0.4055092930793762,107.29998016357422,201.2310333251953,143.29580688476562,102.73623657226562,191.1001739501953,162.9518280029297,0.20212137699127197,0.4486806094646454,-0.8705357909202576,102.73623657226562,191.1001739501953,162.9518280029297,101.27706909179688,193.834228515625,177.5477752685547,0.09779074788093567,-0.18323136866092682,-0.9781938195228577,1113,51.15785598754883,14.559525489807129,116.20320892333984,225.9095458984375,217.46578979492188,129.47723388671875,233.64906311035156,166.35252380371094,-0.2487034797668457,-0.145008385181427,0.957663357257843,129.47723388671875,233.64906311035156,166.35252380371094,123.81939697265625,201.5156707763672,152.42294311523438,0.15948016941547394,0.9057593941688538,0.39263978600502014,123.81939697265625,201.5156707763672,152.42294311523438,116.01232147216797,193.09561157226562,171.18408203125,0.35493004322052,0.38279789686203003,-0.8529303669929504,116.01232147216797,193.09561157226562,171.18408203125,113.18212127685547,196.90428161621094,185.24034118652344,0.19077111780643463,-0.25672540068626404,-0.9474694728851318,1114,40.1068115234375,12.93290901184082,126.00731658935547,218.88394165039062,218.72183227539062,144.9090118408203,227.49703979492188,173.89364624023438,-0.3825732171535492,-0.1743304282426834,0.9073293805122375,144.9090118408203,227.49703979492188,173.89364624023438,138.21206665039062,203.9617462158203,160.12744140625,0.2385283261537552,0.8382679224014282,0.49031755328178406,138.21206665039062,203.9617462158203,160.12744140625,129.50738525390625,198.53277587890625,171.78683471679688,0.5605008006095886,0.34957537055015564,-0.7507569193840027,129.50738525390625,198.53277587890625,171.78683471679688,124.94636535644531,201.23072814941406,184.40576171875,0.3332505226135254,-0.1971256583929062,-0.9220008254051208
1,112.05419921875,225.93154907226562,178.4940185546875,0.005844243336468935,0.30032074451446533,0.1366860568523407,-0.2538663446903229,0.20942947268486023,-0.9442940354347229,113.63946533203125,211.01939392089844,241.72804260253906,172.04283142089844,162.83897399902344,458.9681396484375,1110,41.38172912597656,16.309661865234375,88.06785583496094,206.89573669433594,220.95919799804688,88.06785583496094,206.89573669433594,220.95919799804688,0.0,0.0,0.0,88.06785583496094,206.89573669433594,220.95919799804688,91.1681900024414,202.2909393310547,178.79034423828125,-0.07289299368858337,0.10826493799686432,0.9914460778236389,91.1681900024414,202.2909393310547,178.79034423828125,103.40575408935547,195.95809936523438,155.48643493652344,-0.45202475786209106,0.2339191436767578,0.8607876300811768,103.40575408935547,195.95809936523438,155.48643493652344,117.77177429199219,189.9482421875,145.34596252441406,-0.773070752620697,0.3234051465988159,0.5456836819648743,1111,46.694664001464844,15.578988075256348,95.97600555419922,225.2603302001953,218.10755920410156,93.66913604736328,234.64544677734375,156.17149353027344,0.03680065646767616,-0.14971737563610077,0.9880437254905701,93.66913604736328,234.64544677734375,156.17149353027344,98.56612396240234,231.7504119873047,122.53592681884766,-0.14355094730854034,0.08486543595790863,0.9859974384307861,98.56612396240234,231.7504119873047,122.53592681884766,101.16473388671875,226.1016845703125,104.379150390625,-0.13540132343769073,0.29432857036590576,0.9460640549659729,101.16473388671875,226.1016845703125,104.379150390625,102.90410614013672,220.6073455810547,92.09769439697266,-0.12821172177791595,0.4049959182739258,0.9052844643592834,1112,53.2048225402832,15.300636291503906,106.31243133544922,226.94125366210938,217.46926879882812,112.276611328125,235.80941772460938,158.99147033691406,-0.10032878816127777,-0.14917929470539093,0.9837071299552917,112.276611328125,235.80941772460938,158.99147033691406,107.89616394042969,201.01698303222656,143.65945434570312,0.11445463448762894,0.9090750813484192,0.4006029963493347,107.89616394042969,201.01698303222656,143.65945434570312,103.34281158447266,190.98182678222656,163.36691284179688,0.20166116952896118,0.4444420635700226,-0.872813880443573,103.34281158447266,190.98182678222656,163.36691284179688,101.88036346435547,193.8058624267578,177.9453887939453,0.09801061451435089,-0.18926173448562622,-0.9770229458808899,1113,51.15785598754883,14.559525489807129,116.73526000976562,225.99468994140625,217.67816162109375,130.02320861816406,233.57986450195312,166.54537963867188,-0.2489643543958664,-0.14211660623550415,0.95802903175354,130.02320861816406,233.57986450195312,166.54537963867188,124.42082977294922,201.38522338867188,152.7353057861328,0.15791693329811096,0.9074857234954834,0.3892711400985718,124.42082977294922,201.38522338867188,152.7353057861328,116.61662292480469,193.00918579101562,171.51731872558594,0.35479986667633057,0.38079679012298584,-0.8538799285888672,116.61662292480469,193.00918579101562,171.51731872558594,113.769775390625,196.85289001464844,185.5606689453125,0.1918933093547821,-0.2590869665145874,-0.9465996623039246,1114,40.1068115234375,12.93290901184082,126.55023193359375,218.98956298828125,218.9634552001953,145.46112060546875,227.47921752929688,174.11561584472656,-0.3827593922615051,-0.17183196544647217,0.9077274203300476,145.46112060546875,227.47921752929688,174.11561584472656,138.81326293945312,203.87852478027344,160.43783569335938,0.2367798238992691,0.8405967950820923,0.4871678352355957,138.81326293945312,203.87852478027344,160.43783569335938,130.08885192871094,198.47872924804688,172.09603881835938,0.561771035194397,0.3476966619491577,-0.7506799697875977,130.08885192871094,198.47872924804688,172.09603881835938,125.49310302734375,201.2117462158203,184.69480895996094,0.33578789234161377,-0.19968760013580322,-0.9205278158187866
1,112.292724609375,225.768310546875,178.59213256835938,0.0076052602380514145,0.30014050006866455,0.13533303141593933,-0.2482069432735443,0.21712252497673035,-0.9440609812736511,113.88946533203125,210.80824279785156,241.81466674804688,170.9908447265625,160.85800170898438,459.00115966796875,1110,41.38172912597656,16.309661865234375,88.37535858154297,206.70187377929688,221.08248901367188,88.37535858154297,206.70187377929688,221.08248901367188,0.0,0.0,0.0,88.37535858154297,206.70187377929688,221.08248901367188,91.45780181884766,202.10394287109375,178.9115753173828,-0.07247235625982285,0.10810349136590958,0.9914944767951965,91.45780181884766,202.10394287109375,178.9115753173828,103.66654205322266,195.80165100097656,155.5842742919922,-0.45096004009246826,0.2327907532453537,0.861651599407196,103.66654205322266,195.80165100097656,155.5842742919922,118.01453399658203,189.82298278808594,145.3999481201172,-0.7721009254455566,0.32172691822052,0.5480437874794006,1111,46.694664001464844,15.578988075256348,96.2448959350586,225.08099365234375,218.21771240234375,93.87403869628906,234.43667602539062,156.2796173095703,0.03782143443822861,-0.14924784004688263,0.9880762100219727,93.87403869628906,234.43667602539062,156.2796173095703,98.65267944335938,231.46878051757812,122.63337707519531,-0.14008168876171112,0.087001271545887,0.9863102436065674,98.65267944335938,231.46878051757812,122.63337707519531,101.19648742675781,225.78668212890625,104.479248046875,-0.1325458139181137,0.2960672974586487,0.9459258913993835,101.19648742675781,225.78668212890625,104.479248046875,102.90170288085938,220.25909423828125,92.20793151855469,-0.12569402158260345,0.4074469208717346,0.9045374393463135,1112,53.2048225402832,15.300636291503906,106.5774917602539,226.78221130371094,217.57118225097656,112.48123168945312,235.63877868652344,159.08547973632812,-0.09931203722953796,-0.1489841639995575,0.9838398098945618,112.48123168945312,235.63877868652344,159.08547973632812,108.14435577392578,200.80349731445312,143.83859252929688,0.11331616342067719,0.910194456577301,0.3983786404132843,108.14435577392578,200.80349731445312,143.83859252929688,103.62898254394531,190.7995147705078,163.57061767578125,0.19997915625572205,0.443061500787735,-0.8739020228385925,103.62898254394531,190.7995147705078,163.57061767578125,102.17882537841797,193.6613311767578,178.14295959472656,0.0971868559718132,-0.19179365038871765,-0.9766114354133606,1113,51.15785598754883,14.559525489807129,117.00232696533203,225.8564453125,217.77281188964844,130.23773193359375,233.44752502441406,166.6272735595703,-0.24797986447811127,-0.14222723245620728,0.9582679271697998,130.23773193359375,233.44752502441406,166.6272735595703,124.68321990966797,201.23065185546875,152.84976196289062,0.15656767785549164,0.9081124067306519,0.3883533179759979,124.68321990966797,201.23065185546875,152.84976196289062,116.90858459472656,192.841064453125,171.63800048828125,0.3534553050994873,0.38141265511512756,-0.8541626334190369,116.90858459472656,192.841064453125,171.63800048828125,114.06051635742188,196.67369079589844,185.6841278076172,0.1919756382703781,-0.25834032893180847,-0.9467870593070984,1114,40.1068115234375,12.93290901184082,126.83214569091797,218.87136840820312,219.0537109375,145.69329833984375,227.380615234375,174.1886444091797,-0.38175272941589355,-0.17222851514816284,0.9080761075019836,145.69329833984375,227.380615234375,174.1886444091797,139.07835388183594,203.7565460205078,160.53529357910156,0.2356075644493103,0.8414295315742493,0.4862977862358093,139.07835388183594,203.7565460205078,160.53529357910156,130.36570739746094,198.34080505371094,172.19488525390625,0.5610138177871704,0.3487236201763153,-0.750769853591919,130.36570739746094,198.34080505371094,172.19488525390625,125.76280975341797,201.06214904785156,184.79356384277344,0.3363104462623596,-0.1988348364830017,-0.9205216765403748
1,112.40238952636719,225.7095947265625,178.66151428222656,0.00515921413898468,0.30043312907218933,0.13503114879131317,-0.24367068707942963,0.22547835111618042,-0.9432836771011353,113.98136901855469,210.643310546875,241.8587646484375,170.03916931152344,158.77076721191406,458.8664245605469,1110,41.38172912597656,16.309661865234375,88.4857406616211,206.66912841796875,221.16390991210938,88.4857406616211,206.66912841796875,221.16390991210938,0.0,0.0,0.0,88.4857406616211,206.66912841796875,221.16390991210938,91.5619125366211,202.11244201660156,178.98806762695312,-0.07232491672039032,0.10713379830121994,0.9916105270385742,91.5619125366211,202.11244201660156,178.98806762695312,103.7178726196289,195.81939697265625,155.63072204589844,-0.44901037216186523,0.23244914412498474,0.8627611994743347,103.7178726196289,195.81939697265625,155.63072204589844,118.0251693725586,189.8233642578125,145.3994598388672,-0.769910991191864,0.3226613402366638,0.550569474697113,1111,46.694664001464844,15.578988075256348,96.39188385009766,225.0330352783203,218.30238342285156,93.98052978515625,234.4307861328125,156.37222290039062,0.038467470556497574,-0.14991895854473114,0.9879497289657593,93.98052978515625,234.4307861328125,156.37222290039062,98.64070129394531,231.4303741455078,122.71224975585938,-0.13660885393619537,0.08795445412397385,0.986712634563446,98.64070129394531,231.4303741455078,122.71224975585938,101.1124496459961,225.7283935546875,104.55440521240234,-0.12879116833209991,0.2971033453941345,0.9461197257041931,101.1124496459961,225.7283935546875,104.55440521240234,102.76457977294922,220.1731719970703,92.28829956054688,-0.12178097665309906,0.4094836711883545,0.9041529297828674,1112,53.2048225402832,15.300636291503906,106.72747039794922,226.71246337890625,217.64674377441406,112.59298706054688,235.59129333496094,159.16058349609375,-0.09866908192634583,-0.14935870468616486,0.9838477969169617,112.59298706054688,235.59129333496094,159.16058349609375,108.15719604492188,200.75643920898438,143.9412078857422,0.1159006655216217,0.910183310508728,0.3976598083972931,108.15719604492188,200.75643920898438,143.9412078857422,103.64154052734375,190.76669311523438,163.68038940429688,0.19999158382415771,0.4424307942390442,-0.8742186427116394,103.64154052734375,190.76669311523438,163.68038940429688,102.21550750732422,193.64065551757812,178.25271606445312,0.0955701395869255,-0.19260773062705994,-0.9766108393669128,1113,51.15785598754883,14.559525489807129,117.1504898071289,225.7642364501953,217.83761596679688,130.3521270751953,233.35745239257812,166.6836700439453,-0.24734722077846527,-0.14226727187633514,0.9584255218505859,130.3521270751953,233.35745239257812,166.6836700439453,124.7134017944336,201.1593017578125,152.8966064453125,0.15894146263599396,0.9075847864151001,0.38862261176109314,124.7134017944336,201.1593017578125,152.8966064453125,116.93660736083984,192.75833129882812,171.67886352539062,0.3535534739494324,0.3819301426410675,-0.8538906574249268,116.93660736083984,192.75833129882812,171.67886352539062,114.10149383544922,196.56309509277344,185.7351837158203,0.19110238552093506,-0.2564622163772583,-0.9474740028381348,1114,40.1068115234375,12.93290901184082,126.96654510498047,218.75732421875,219.104736328125,145.80201721191406,227.25289916992188,174.2262725830078,-0.3812327980995178,-0.17195171117782593,0.9083468317985535,145.80201721191406,227.25289916992188,174.2262725830078,139.12384033203125,203.64724731445312,160.57186889648438,0.2378598153591156,0.8407737612724304,0.486335426568985,139.12384033203125,203.64724731445312,160.57186889648438,130.39756774902344,198.23590087890625,172.2233123779297,0.5618910789489746,0.348440557718277,-0.7502449750900269,130.39756774902344,198.23590087890625,172.2233123779297,125.79229736328125,200.9437255859375,184.8240509033203,0.3364834487438202,-0.19784684479236603,-0.9206712245941162
1,112.08489990234375,225.5291290283203,178.65309143066406,0.004278206266462803,0.29748091101646423,0.12885835766792297,-0.23760931193828583,0.23800192773342133,-0.941752016544342,113.93182373046875,210.50640869140625,241.85179138183594,168.5951690673828,155.7527313232422,458.5071105957031,1110,41.38172912597656,16.309661865234375,88.43182373046875,206.58840942382812,221.3471221923828,88.43182373046875,206.58840942382812,221.3471221923828,0.0,0.0,0.0,88.43182373046875,206.58840942382812,221.3471221923828,91.47430419921875,201.92654418945312,179.18032836914062,-0.07153279334306717,0.10960669070482254,0.9913977980613708,91.47430419921875,201.92654418945312,179.18032836914062,103.53385162353516,195.60369873046875,155.78109741210938,-0.4454492926597595,0.23354996740818024,0.8643085956573486,103.53385162353516,195.60369873046875,155.78109741210938,117.77897644042969,189.60020446777344,145.46778869628906,-0.7665653824806213,0.32306286692619324,0.5549846291542053,1111,46.694664001464844,15.578988075256348,96.30455780029297,224.95114135742188,218.3876953125,93.52649688720703,234.17031860351562,156.44606018066406,0.04431741312146187,-0.1470702439546585,0.9881327748298645,93.52649688720703,234.17031860351562,156.44606018066406,97.71401977539062,230.83270263671875,122.75572967529297,-0.1227535828948021,0.09783930331468582,0.987602710723877,97.71401977539062,230.83270263671875,122.75572967529297,99.93512725830078,224.9310302734375,104.62932586669922,-0.11573141068220139,0.307508260011673,0.9444812536239624,99.93512725830078,224.9310302734375,104.62932586669922,101.4180679321289,219.21275329589844,92.4166488647461,-0.10930979251861572,0.4215027987957001,0.9002148509025574,1112,53.2048225402832,15.300636291503906,106.6346435546875,226.63795471191406,217.66749572753906,112.1537094116211,235.35540771484375,159.12335205078125,-0.09284109622240067,-0.1466439962387085,0.9848228693008423,112.1537094116211,235.35540771484375,159.12335205078125,107.62682342529297,200.40432739257812,144.20016479492188,0.11828087270259857,0.9132202863693237,0.3899209201335907,107.62682342529297,200.40432739257812,144.20016479492188,103.24968719482422,190.59652709960938,164.0614013671875,0.1938568651676178,0.4343729317188263,-0.8796247243881226,103.24968719482422,190.59652709960938,164.0614013671875,101.93203735351562,193.638671875,178.60977172851562,0.0883064940571785,-0.20387901365756989,-0.9750053286552429,1113,51.15785598754883,14.559525489807129,117.05945587158203,225.69956970214844,217.8007354736328,129.9580841064453,233.1588897705078,166.5498809814453,-0.24167001247406006,-0.13975857198238373,0.9602411985397339,129.9580841064453,233.1588897705078,166.5498809814453,124.25402069091797,200.9025421142578,152.9267120361328,0.16078318655490875,0.9092252850532532,0.3840028643608093,124.25402069091797,200.9025421142578,152.9267120361328,116.59814453125,192.5773468017578,171.79220581054688,0.3480561375617981,0.3784851133823395,-0.8576745986938477,116.59814453125,192.5773468017578,171.79220581054688,113.84713745117188,196.4373779296875,185.8501739501953,0.18543310463428497,-0.2601874768733978,-0.947584867477417,1114,40.1068115234375,12.93290901184082,126.88905334472656,218.705078125,219.03094482421875,145.45689392089844,227.0896453857422,174.02029418945312,-0.3758160471916199,-0.16970497369766235,0.9110227823257446,145.45689392089844,227.0896453857422,174.02029418945312,138.7482452392578,203.40567016601562,160.5172882080078,0.2389451265335083,0.8435633778572083,0.480942964553833,138.7482452392578,203.40567016601562,160.5172882080078,129.98716735839844,198.1023712158203,172.1922607421875,0.5641325116157532,0.341483473777771,-0.7517604231834412,129.98716735839844,198.1023712158203,172.1922607421875,125.3625717163086,200.90731811523438,184.76463317871094,0.3378957211971283,-0.2049432247877121,-0.9185994267463684
1,111.61577606201172,225.39442443847656,178.56895446777344,-0.01006345171481371,0.29259344935417175,0.12477890402078629,-0.2367820143699646,0.24391961097717285,-0.9404453635215759,113.71257019042969,210.49681091308594,241.78855895996094,168.1855926513672,154.3817596435547,458.14324951171875,1110,41.38172912597656,16.309661865234375,88.06072998046875,206.87557983398438,221.5015869140625,88.06072998046875,206.87557983398438,221.5015869140625,0.0,0.0,0.0,88.06072998046875,206.87557983398438,221.5015869140625,90.77605438232422,201.97801208496094,179.33917236328125,-0.06384091079235077,0.11514836549758911,0.9912947416305542,90.77605438232422,201.97801208496094,179.33917236328125,102.64363861083984,195.3956756591797,155.91336059570312,-0.4383585453033447,0.24313487112522125,0.8652902245521545,102.64363861083984,195.3956756591797,155.91336059570312,116.80631256103516,189.16802978515625,145.6194305419922,-0.762128472328186,0.33512499928474426,0.5539417862892151,1111,46.694664001464844,15.578988075256348,96.13117980957031,225.1326141357422,218.42306518554688,92.99494171142578,234.18833923339844,156.47442626953125,0.05003129318356514,-0.14446276426315308,0.9882446527481079,92.99494171142578,234.18833923339844,156.47442626953125,96.95618438720703,230.78163146972656,122.7636489868164,-0.1161203607916832,0.0998646542429924,0.988201916217804,96.95618438720703,230.78163146972656,122.7636489868164,99.00813293457031,224.8768310546875,104.61833190917969,-0.10691732913255692,0.3076711893081665,0.9454665780067444,99.00813293457031,224.8768310546875,104.61833190917969,100.3551025390625,219.13766479492188,92.39970397949219,-0.09928716719150543,0.4230426251888275,0.9006535410881042,1112,53.2048225402832,15.300636291503906,106.47505950927734,226.6924591064453,217.61952209472656,111.65481567382812,235.15724182128906,159.00733947753906,-0.0871332660317421,-0.14239360392093658,0.9859673976898193,111.65481567382812,235.15724182128906,159.00733947753906,106.60930633544922,200.24488830566406,144.16001892089844,0.13183172047138214,0.9122083783149719,0.38793861865997314,106.60930633544922,200.24488830566406,144.16001892089844,102.25444793701172,190.4735107421875,164.04409790039062,0.19287018477916718,0.43275973200798035,-0.8806362152099609,102.25444793701172,190.4735107421875,164.04409790039062,101.06929016113281,193.51156616210938,178.60472106933594,0.0794270858168602,-0.20360486209392548,-0.9758260250091553,1113,51.15785598754883,14.559525489807129,116.88853454589844,225.62889099121094,217.67721557617188,129.48724365234375,232.76976013183594,166.30654907226562,-0.23605073988437653,-0.13379207253456116,0.962486207485199,129.48724365234375,232.76976013183594,166.30654907226562,123.3142318725586,200.56167602539062,152.77391052246094,0.17400166392326355,0.9078648090362549,0.3814510107040405,123.3142318725586,200.56167602539062,152.77391052246094,115.69012451171875,192.31968688964844,171.68873596191406,0.3466119170188904,0.37470245361328125,-0.8599175810813904,115.69012451171875,192.31968688964844,171.68873596191406,113.06588745117188,196.1839141845703,185.769775390625,0.17688803374767303,-0.2604702115058899,-0.9491395950317383,1114,40.1068115234375,12.93290901184082,126.64230346679688,218.52032470703125,218.8560791015625,144.96807861328125,226.5377960205078,173.67962646484375,-0.3709165155887604,-0.16227485239505768,0.9143783450126648,144.96807861328125,226.5377960205078,173.67962646484375,137.8802947998047,202.91944885253906,160.25559997558594,0.25244900584220886,0.8412260413169861,0.4781300127506256,137.8802947998047,202.91944885253906,160.25559997558594,129.18438720703125,197.68658447265625,172.01080322265625,0.5599360466003418,0.33694809675216675,-0.756926417350769,129.18438720703125,197.68658447265625,172.01080322265625,124.6993408203125,200.5038604736328,184.63088989257812,0.3276994228363037,-0.2058439701795578,-0.9220852851867676
1,111.1669921875,225.276123046875,178.36843872070312,-0.020483698695898056,0.28940892219543457,0.1207931712269783,-0.23637287318706512,0.251962274312973,-0.9384257197380066,113.50212860107422,210.4147491455078,241.58604431152344,167.8810272216797,152.4494171142578,457.4761047363281,1110,41.38172912597656,16.309661865234375,87.73201751708984,207.04315185546875,221.48873901367188,87.73201751708984,207.04315185546875,221.48873901367188,0.0,0.0,0.0,87.73201751708984,207.04315185546875,221.48873901367188,90.19258880615234,201.94607543945312,179.33433532714844,-0.05785132199525833,0.11983907967805862,0.991106390953064,90.19258880615234,201.94607543945312,179.33433532714844,101.92827606201172,195.1620330810547,155.8996124267578,-0.4334864914417267,0.25058528780937195,0.8656191229820251,101.92827606201172,195.1620330810547,155.8996124267578,116.05416870117188,188.76893615722656,145.65670776367188,-0.760149359703064,0.34402844309806824,0.5511961579322815,1111,46.694664001464844,15.578988075256348,95.93720245361328,225.2247772216797,218.32144165039062,92.47985076904297,234.18434143066406,156.3759002685547,0.055153898894786835,-0.14292873442173004,0.9881951212882996,92.47985076904297,234.18434143066406,156.3759002685547,96.27227783203125,230.75526428222656,122.64799499511719,-0.11117172986268997,0.10052043944597244,0.9887044429779053,96.27227783203125,230.75526428222656,122.64799499511719,98.20046997070312,224.86851501464844,104.4832534790039,-0.10046898573637009,0.306730717420578,0.9464789032936096,98.20046997070312,224.86851501464844,104.4832534790039,99.44815063476562,219.12681579589844,92.2552719116211,-0.09196840226650238,0.4232292175292969,0.9013427495956421,1112,53.2048225402832,15.300636291503906,106.28857421875,226.69503784179688,217.4484405517578,111.16316986083984,234.99957275390625,158.7871856689453,-0.08199989795684814,-0.13969795405864716,0.986793041229248,111.16316986083984,234.99957275390625,158.7871856689453,105.74014282226562,200.12997436523438,143.9724884033203,0.14169566333293915,0.9110909104347229,0.38708606362342834,105.74014282226562,200.12997436523438,143.9724884033203,101.41960144042969,190.360595703125,163.8650360107422,0.1913503110408783,0.4326711893081665,-0.8810111880302429,101.41960144042969,190.360595703125,163.8650360107422,100.34075164794922,193.37965393066406,178.43788146972656,0.07230246067047119,-0.20233154296875,-0.9766443967819214,1113,51.15785598754883,14.559525489807129,116.69280242919922,225.5430908203125,217.44154357910156,129.021240234375,232.47500610351562,165.9767608642578,-0.23098689317703247,-0.12987707555294037,0.9642494916915894,129.021240234375,232.47500610351562,165.9767608642578,122.50761413574219,200.31175231933594,152.4972381591797,0.18360267579555511,0.9066009521484375,0.3799537122249603,122.50761413574219,200.31175231933594,152.4972381591797,114.9239501953125,192.10801696777344,171.44491577148438,0.34477338194847107,0.37296345829963684,-0.8614113926887512,114.9239501953125,192.10801696777344,171.44491577148438,112.40009307861328,195.959716796875,185.54771423339844,0.1701219230890274,-0.2596258521080017,-0.9506065845489502,1114,40.1068115234375,12.93290901184082,126.39324951171875,218.35421752929688,218.57229614257812,144.4956817626953,226.12625122070312,173.2631072998047,-0.36639609932899475,-0.1573071926832199,0.9170651435852051,144.4956817626953,226.12625122070312,173.2631072998047,137.13319396972656,202.56117248535156,159.89341735839844,0.2622332274913788,0.8393285870552063,0.4761945903301239,137.13319396972656,202.56117248535156,159.89341735839844,128.4870147705078,197.36863708496094,171.70306396484375,0.5567339062690735,0.33435121178627014,-0.7604318857192993,128.4870147705078,197.36863708496094,171.70306396484375,124.10286712646484,200.18438720703125,184.35888671875,0.320327490568161,-0.20573261380195618,-0.9246969223022461
1,110.65206146240234,225.160888671875,178.19451904296875,-0.022838903591036797,0.2854641377925873,0.11356563866138458,-0.23608484864234924,0.2614646255970001,-0.9358953833580017,113.37126922607422,210.41505432128906,241.41957092285156,167.68389892578125,150.26365661621094,456.7275085449219,1110,41.38172912597656,16.309661865234375,87.52277374267578,207.09303283691406,221.54872131347656,87.52277374267578,207.09303283691406,221.54872131347656,0.0,0.0,0.0,87.52277374267578,207.09303283691406,221.54872131347656,89.78509521484375,201.73236083984375,179.41592407226562,-0.053190212696790695,0.12603658437728882,0.9905985593795776,89.78509521484375,201.73236083984375,179.41592407226562,101.47442626953125,194.79078674316406,156.0041961669922,-0.43177446722984314,0.2564042806625366,0.8647702932357788,101.47442626953125,194.79078674316406,156.0041961669922,115.63919067382812,188.32635498046875,145.86019897460938,-0.7622407078742981,0.3478669226169586,0.5458733439445496,1111,46.694664001464844,15.578988075256348,95.70919036865234,225.26077270507812,218.255615234375,91.8097152709961,233.99269104003906,156.30381774902344,0.0622069276869297,-0.13929715752601624,0.988294780254364,91.8097152709961,233.99269104003906,156.30381774902344,95.4521713256836,230.52239990234375,122.5635986328125,-0.10677545517683029,0.10172858834266663,0.9890653491020203,95.4521713256836,230.52239990234375,122.5635986328125,97.30094146728516,224.65582275390625,104.38407897949219,-0.0963306725025177,0.3056796193122864,0.9472488760948181,97.30094146728516,224.65582275390625,104.38407897949219,98.49453735351562,218.9215850830078,92.14720153808594,-0.08798174560070038,0.42267924547195435,0.9019985795021057,1112,53.2048225402832,15.300636291503906,106.05436706542969,226.72515869140625,217.302978515625,110.5100326538086,234.81204223632812,158.57803344726562,-0.07495270669460297,-0.13603664934635162,0.9878644347190857,110.5100326538086,234.81204223632812,158.57803344726562,104.98461151123047,199.91343688964844,143.86988830566406,0.14437110722064972,0.9118491411209106,0.38430216908454895,104.98461151123047,199.91343688964844,143.86988830566406,100.7970199584961,190.16717529296875,163.8021697998047,0.18546214699745178,0.43164733052253723,-0.8827708959579468,100.7970199584961,190.16717529296875,163.8021697998047,99.81657409667969,193.21006774902344,178.3769989013672,0.06570766866207123,-0.20392902195453644,-0.9767780900001526,1113,51.15785598754883,14.559525489807129,116.45801544189453,225.57054138183594,217.22573852539062,128.4186248779297,232.3094482421875,165.64865112304688,-0.22409524023532867,-0.1262608766555786,0.9663537740707397,128.4186248779297,232.3094482421875,165.64865112304688,121.81686401367188,200.113037109375,152.291748046875,0.18608702719211578,0.9075357913970947,0.3764974772930145,121.81686401367188,200.113037109375,152.291748046875,114.3590087890625,191.93521118164062,171.30047607421875,0.33905357122421265,0.37178531289100647,-0.8641864061355591,114.3590087890625,191.93521118164062,171.30047607421875,111.92219543457031,195.79852294921875,185.4154052734375,0.16425465047359467,-0.26040852069854736,-0.9514240622520447,1114,40.1068115234375,12.93290901184082,126.16468048095703,218.38340759277344,218.31341552734375,143.94346618652344,225.98367309570312,172.8472137451172,-0.35984542965888977,-0.15383057296276093,0.9202430844306946,143.94346618652344,225.98367309570312,172.8472137451172,136.4675750732422,202.40126037597656,159.5713348388672,0.26627230644226074,0.8399457931518555,0.4728531837463379,136.4675750732422,202.40126037597656,159.5713348388672,127.9808578491211,197.1796875,171.48341369628906,0.5464657545089722,0.33622080087661743,-0.7670272588729858,127.9808578491211,197.1796875,171.48341369628906,123.74027252197266,199.96815490722656,184.19407653808594,0.30983811616897583,-0.203739196062088,-0.928703784942627
1,110.06510162353516,225.0824432373047,177.9893035888672,-0.02130117453634739,0.2850596010684967,0.10708193480968475,-0.23675261437892914,0.2711469829082489,-0.9329670667648315,113.13108825683594,210.2815399169922,241.1812744140625,167.59735107421875,147.90267944335938,455.8155212402344,1110,41.38172912597656,16.309661865234375,87.23406219482422,206.96609497070312,221.48114013671875,87.23406219482422,206.96609497070312,221.48114013671875,0.0,0.0,0.0,87.23406219482422,206.96609497070312,221.48114013671875,89.36451721191406,201.49017333984375,179.35629272460938,-0.05008985847234726,0.12874627113342285,0.9904116988182068,89.36451721191406,201.49017333984375,179.35629272460938,101.0684814453125,194.50607299804688,155.9645233154297,-0.43231484293937683,0.2579750120639801,0.8640328049659729,101.0684814453125,194.50607299804688,155.9645233154297,115.31290435791016,188.0524444580078,145.92575073242188,-0.7665275931358337,0.3472856879234314,0.5402111411094666,1111,46.694664001464844,15.578988075256348,95.34437561035156,225.15782165527344,218.13262939453125,91.0737075805664,233.84193420410156,156.19859313964844,0.06812843680381775,-0.1385345309972763,0.9880114793777466,91.0737075805664,233.84193420410156,156.19859313964844,94.66130828857422,230.4282684326172,122.44670867919922,-0.10516737401485443,0.10006862133741379,0.989406943321228,94.66130828857422,230.4282684326172,122.44670867919922,96.4952163696289,224.64439392089844,104.23921203613281,-0.09555631130933762,0.30137044191360474,0.948706865310669,96.4952163696289,224.64439392089844,104.23921203613281,97.68489074707031,218.97064208984375,91.97378540039062,-0.08769264817237854,0.418220579624176,0.904102623462677,1112,53.2048225402832,15.300636291503906,105.67940521240234,226.6544647216797,217.12181091308594,109.78365325927734,234.72189331054688,158.3685760498047,-0.0690411925315857,-0.13570936024188995,0.9883401989936829,109.78365325927734,234.72189331054688,158.3685760498047,104.29081726074219,199.80447387695312,143.69293212890625,0.14351972937583923,0.9123408794403076,0.38345301151275635,104.29081726074219,199.80447387695312,143.69293212890625,100.24199676513672,190.03738403320312,163.6436767578125,0.1793162226676941,0.43256983160972595,-0.8835887312889099,100.24199676513672,190.03738403320312,163.6436767578125,99.33386993408203,193.090576171875,178.22103881835938,0.060860972851514816,-0.20461927354335785,-0.9769477248191833,1113,51.15785598754883,14.559525489807129,116.0860824584961,225.53282165527344,216.98748779296875,127.73902893066406,232.28016662597656,165.3411102294922,-0.21833078563213348,-0.12641894817352295,0.9676517844200134,127.73902893066406,232.28016662597656,165.3411102294922,121.16840362548828,200.0580596923828,152.03091430664062,0.18520942330360413,0.9082602262496948,0.3751809895038605,121.16840362548828,200.0580596923828,152.03091430664062,113.83861541748047,191.8484649658203,171.0757293701172,0.3332313299179077,0.37322962284088135,-0.8658270239830017,113.83861541748047,191.8484649658203,171.0757293701172,111.46273040771484,195.6979217529297,185.20480346679688,0.16014796495437622,-0.2594749629497528,-0.9523787498474121,1114,40.1068115234375,12.93290901184082,125.82139587402344,218.37713623046875,218.02528381347656,143.3235626220703,226.0077667236328,172.4569549560547,-0.3542466163635254,-0.15444517135620117,0.9223101735115051,143.3235626220703,226.0077667236328,172.4569549560547,135.82615661621094,202.41229248046875,159.21649169921875,0.2670387327671051,0.840411365032196,0.4715919494628906,135.82615661621094,202.41229248046875,159.21649169921875,127.48848724365234,197.12185668945312,171.2032012939453,0.5368686318397522,0.34065502882003784,-0.7718330025672913,127.48848724365234,197.12185668945312,171.2032012939453,123.36266326904297,199.85910034179688,183.96267700195312,0.30145302414894104,-0.19999650120735168,-0.9322701096534729
1,109.56791687011719,225.03932189941406,177.7834014892578,-0.02011452242732048,0.2845226526260376,0.10222341120243073,-0.23776887357234955,0.28172099590301514,-0.9295693635940552,112.89814758300781,210.17913818359375,240.94232177734375,167.59820556640625,145.36764526367188,454.794921875,1110,41.38172912597656,16.309661865234375,86.96084594726562,206.89675903320312,221.38119506835938,86.96084594726562,206.89675903320312,221.38119506835938,0.0,0.0,0.0,86.96084594726562,206.89675903320312,221.38119506835938,89.06658172607422,201.31997680664062,179.26832580566406,-0.04950866103172302,0.13111759722232819,0.9901297688484192,89.06658172607422,201.31997680664062,179.26832580566406,100.84234619140625,194.29029846191406,155.92630004882812,-0.4349670112133026,0.2596585750579834,0.8621954917907715,100.84234619140625,194.29029846191406,155.92630004882812,115.19078063964844,187.83717346191406,146.03643798828125,-0.7721248865127563,0.34725865721702576,0.5321980118751526,1111,46.694664001464844,15.578988075256348,95.01343536376953,225.105712890625,217.98731994628906,90.46541595458984,233.7388458251953,156.06590270996094,0.07255291938781738,-0.13772127032279968,0.9878101348876953,90.46541595458984,233.7388458251953,156.06590270996094,94.06953430175781,230.42193603515625,122.30613708496094,-0.10565158724784851,0.09723231941461563,0.989638090133667,94.06953430175781,230.42193603515625,122.30613708496094,95.92395782470703,224.74365234375,104.0675048828125,-0.09662526845932007,0.2958686053752899,0.9503291249275208,95.92395782470703,224.74365234375,104.0675048828125,97.13224792480469,219.14630126953125,91.76884460449219,-0.08906486630439758,0.41258910298347473,0.9065526127815247,1112,53.2048225402832,15.300636291503906,105.34056854248047,226.62652587890625,216.93272399902344,109.18202209472656,234.66517639160156,158.1577911376953,-0.06462050974369049,-0.13522528111934662,0.9887053966522217,109.18202209472656,234.66517639160156,158.1577911376953,103.71968078613281,199.7409210205078,143.48703002929688,0.142722949385643,0.9125194549560547,0.3833254277706146,103.71968078613281,199.7409210205078,143.48703002929688,99.77269744873047,189.94769287109375,163.44537353515625,0.17480593919754028,0.43372732400894165,-0.8839249610900879,99.77269744873047,189.94769287109375,163.44537353515625,98.91595458984375,193.00070190429688,178.02587890625,0.057417336851358414,-0.2046070694923401,-0.9771587252616882,1113,51.15785598754883,14.559525489807129,115.74925994873047,225.52978515625,216.75601196289062,127.17194366455078,232.27117919921875,165.0574493408203,-0.21401658654212952,-0.12630745768547058,0.9686295986175537,127.17194366455078,232.27117919921875,165.0574493408203,120.63270568847656,200.03329467773438,151.76998901367188,0.18432462215423584,0.9087046384811401,0.3745400011539459,120.63270568847656,200.03329467773438,151.76998901367188,113.39704132080078,191.7932891845703,170.83766174316406,0.3289520740509033,0.374612033367157,-0.866865873336792,113.39704132080078,191.7932891845703,170.83766174316406,111.06085205078125,195.61947631835938,184.97967529296875,0.15747219324111938,-0.25790637731552124,-0.9532506465911865,1114,40.1068115234375,12.93290901184082,125.50597381591797,218.398193359375,217.7581024169922,142.8008575439453,226.04090881347656,172.11270141601562,-0.35005104541778564,-0.1546897143125534,0.923869788646698,142.8008575439453,226.04090881347656,172.11270141601562,135.27850341796875,202.44580078125,158.8857421875,0.2679273188114166,0.8403983116149902,0.4711109697818756,135.27850341796875,202.44580078125,158.8857421875,127.09387969970703,197.07879638671875,170.94369506835938,0.5270134806632996,0.34558507800102234,-0.7764198184013367,127.09387969970703,197.07879638671875,170.94369506835938,123.0853500366211,199.751220703125,183.7541961669922,0.2928829491138458,-0.19526049494743347,-0.9359983801841736
1,108.99793243408203,224.98451232910156,177.58395385742188,-0.01950742118060589,0.2824127674102783,0.09754291921854019,-0.2389533668756485,0.2926041781902313,-0.9258963465690613,112.58419799804688,210.1440887451172,240.72607421875,167.55674743652344,142.82887268066406,453.73370361328125,1110,41.38172912597656,16.309661865234375,86.60242462158203,206.89608764648438,221.31321716308594,86.60242462158203,206.89608764648438,221.31321716308594,0.0,0.0,0.0,86.60242462158203,206.89608764648438,221.31321716308594,88.73926544189453,201.14613342285156,179.22520446777344,-0.05023997649550438,0.13518908619880676,0.9895452857017517,88.73926544189453,201.14613342285156,179.22520446777344,100.63423156738281,194.01983642578125,155.97308349609375,-0.43936991691589355,0.2632273733615875,0.8588744401931763,100.63423156738281,194.01983642578125,155.97308349609375,115.10919189453125,187.54180908203125,146.2859649658203,-0.7789337038993835,0.34859880805015564,0.5212879776954651,1111,46.694664001464844,15.578988075256348,94.60823059082031,225.11203002929688,217.84698486328125,89.79096221923828,233.6026611328125,155.9262237548828,0.07684815675020218,-0.13544799387454987,0.9877997040748596,89.79096221923828,233.6026611328125,155.9262237548828,93.38982391357422,230.29530334472656,122.16496276855469,-0.10549750924110413,0.09695232659578323,0.9896820783615112,93.38982391357422,230.29530334472656,122.16496276855469,95.24893188476562,224.650146484375,103.91651916503906,-0.09686931222677231,0.29414239525794983,0.9508399367332458,95.24893188476562,224.650146484375,103.91651916503906,96.46342468261719,219.07557678222656,91.6081314086914,-0.0895221009850502,0.4109099805355072,0.9072698950767517,1112,53.2048225402832,15.300636291503906,104.9281997680664,226.64906311035156,216.7467498779297,108.51428985595703,234.5670623779297,157.93931579589844,-0.060324810445308685,-0.13319571316242218,0.9892521500587463,108.51428985595703,234.5670623779297,157.93931579589844,103.06644439697266,199.62762451171875,143.29933166503906,0.1423441767692566,0.9129160642623901,0.38252121210098267,103.06644439697266,199.62762451171875,143.29933166503906,99.21354675292969,189.83396911621094,163.2758331298828,0.17063909769058228,0.43374642729759216,-0.8847295045852661,99.21354675292969,189.83396911621094,163.2758331298828,98.40718841552734,192.89907836914062,177.85667419433594,0.05404065549373627,-0.20541800558567047,-0.9771812558174133,1113,51.15785598754883,14.559525489807129,115.33804321289062,225.5706024169922,216.52972412109375,126.53661346435547,232.22027587890625,164.77027893066406,-0.2098175287246704,-0.12458894401788712,0.9697701334953308,126.53661346435547,232.22027587890625,164.77027893066406,120.01749420166016,199.95809936523438,151.53201293945312,0.18375758826732635,0.9093896746635437,0.3731534481048584,120.01749420166016,199.95809936523438,151.53201293945312,112.86983489990234,191.71861267089844,170.633056640625,0.3249513506889343,0.37458866834640503,-0.868383526802063,112.86983489990234,191.71861267089844,170.633056640625,110.57347869873047,195.53952026367188,184.78302001953125,0.15478722751140594,-0.25755050778388977,-0.9537864923477173,1114,40.1068115234375,12.93290901184082,125.11160278320312,218.4586944580078,217.50718688964844,142.20550537109375,226.03335571289062,171.7748260498047,-0.34598323702812195,-0.1533123105764389,0.9256300330162048,142.20550537109375,226.03335571289062,171.7748260498047,134.65013122558594,202.4329376220703,158.576171875,0.2691033184528351,0.8405871987342834,0.4701026678085327,134.65013122558594,202.4329376220703,158.576171875,126.62889862060547,197.00469970703125,170.71621704101562,0.5164930820465088,0.3495282232761383,-0.7817063927650452,126.62889862060547,197.00469970703125,170.71621704101562,122.74989318847656,199.6256866455078,183.57711791992188,0.28341931104660034,-0.19150227308273315,-0.9396810531616211
1,108.54500579833984,225.04551696777344,177.43190002441406,-0.022050315514206886,0.2827730178833008,0.09577132016420364,-0.23972155153751373,0.30296823382377625,-0.9223577380180359,112.24247741699219,210.07374572753906,240.5306396484375,167.39175415039062,140.37420654296875,452.72418212890625,1110,41.38172912597656,16.309661865234375,86.21749114990234,206.97300720214844,221.2025146484375,86.21749114990234,206.97300720214844,221.2025146484375,0.0,0.0,0.0,86.21749114990234,206.97300720214844,221.2025146484375,88.44792175292969,201.1667938232422,179.1270751953125,-0.05244038626551628,0.13651178777217865,0.9892494678497314,88.44792175292969,201.1667938232422,179.1270751953125,100.4632568359375,193.97412109375,155.9574432373047,-0.44381627440452576,0.2656792402267456,0.8558279871940613,100.4632568359375,193.97412109375,155.9574432373047,115.04718017578125,187.44920349121094,146.46719360351562,-0.7847965359687805,0.3511217534542084,0.5106934905052185,1111,46.694664001464844,15.578988075256348,94.24911499023438,225.1760711669922,217.72833251953125,89.3038558959961,233.7121124267578,155.82391357421875,0.07888995110988617,-0.13617241382598877,0.9875391125679016,89.3038558959961,233.7121124267578,155.82391357421875,92.9509048461914,230.52572631835938,122.05619049072266,-0.10691007226705551,0.09340614080429077,0.9898715019226074,92.9509048461914,230.52572631835938,122.05619049072266,94.82954406738281,224.9691619873047,103.78257751464844,-0.09788700938224792,0.2895263135433197,0.9521515965461731,94.82954406738281,224.9691619873047,103.78257751464844,96.05366516113281,219.4515838623047,91.4494857788086,-0.09023181349039078,0.4067089855670929,0.9090907573699951,1112,53.2048225402832,15.300636291503906,104.56934356689453,226.69454956054688,216.6050262451172,108.0335693359375,234.64051818847656,157.79405212402344,-0.05827481672167778,-0.13366618752479553,0.9893115758895874,108.0335693359375,234.64051818847656,157.79405212402344,102.4970703125,199.74354553222656,143.086181640625,0.14466053247451782,0.9118062853813171,0.38429489731788635,102.4970703125,199.74354553222656,143.086181640625,98.66693115234375,189.90892028808594,163.04693603515625,0.16963109374046326,0.4355607330799103,-0.8840317726135254,98.66693115234375,189.90892028808594,163.04693603515625,97.8952407836914,192.94432067871094,177.6358642578125,0.05171727389097214,-0.20342697203159332,-0.977723240852356,1113,51.15785598754883,14.559525489807129,114.97662353515625,225.59686279296875,216.36317443847656,126.06730651855469,232.25619506835938,164.58175659179688,-0.20779620110988617,-0.12476994842290878,0.9701821208000183,126.06730651855469,232.25619506835938,164.58175659179688,119.4715347290039,200.02792358398438,151.29893493652344,0.18591821193695068,0.9084338545799255,0.3744093179702759,119.4715347290039,200.02792358398438,151.29893493652344,112.34685516357422,191.75733947753906,170.39512634277344,0.3239066004753113,0.3760024309158325,-0.8681628704071045,112.34685516357422,191.75733947753906,170.39512634277344,110.076416015625,195.53456115722656,184.56100463867188,0.15304015576839447,-0.25460562109947205,-0.9548585414886475,1114,40.1068115234375,12.93290901184082,124.73918151855469,218.46621704101562,217.31378173828125,141.7408905029297,226.0360107421875,171.5462646484375,-0.34411725401878357,-0.15321379899978638,0.926341712474823,141.7408905029297,226.0360107421875,171.5462646484375,134.09410095214844,202.48614501953125,158.3100128173828,0.27235931158065796,0.8387866616249084,0.4714418053627014,134.09410095214844,202.48614501953125,158.3100128173828,126.16959381103516,197.00352478027344,170.4890899658203,0.5102645754814148,0.3530297875404358,-0.7842193245887756,126.16959381103516,197.00352478027344,170.4890899658203,122.38304138183594,199.55874633789062,183.39071655273438,0.27666419744491577,-0.1866970807313919,-0.9426564574241638
1,108.18427276611328,225.20663452148438,177.42111206054688,-0.018250038847327232,0.2827858626842499,0.09302297979593277,-0.23995578289031982,0.31388765573501587,-0.9186379909515381,112.01799774169922,210.15725708007812,240.48524475097656,167.22116088867188,137.94566345214844,451.8230285644531,1110,41.38172912597656,16.309661865234375,86.00006866455078,207.05368041992188,221.2312774658203,86.00006866455078,207.05368041992188,221.2312774658203,0.0,0.0,0.0,86.00006866455078,207.05368041992188,221.2312774658203,88.30681610107422,201.1869354248047,179.16836547851562,-0.054234717041254044,0.13793501257896423,0.9889553189277649,88.30681610107422,201.1869354248047,179.16836547851562,100.43811798095703,193.99620056152344,156.05862426757812,-0.44809961318969727,0.2656075656414032,0.853615403175354,100.43811798095703,193.99620056152344,156.05862426757812,115.13701629638672,187.5125732421875,146.7186737060547,-0.7909842133522034,0.34890007972717285,0.5026059150695801,1111,46.694664001464844,15.578988075256348,93.94911193847656,225.28952026367188,217.73916625976562,88.87376403808594,233.78457641601562,155.83963012695312,0.08096520602703094,-0.13551858067512512,0.9874610900878906,88.87376403808594,233.78457641601562,155.83963012695312,92.591064453125,230.68951416015625,122.07107543945312,-0.10896943509578705,0.09072906523942947,0.9898958802223206,92.591064453125,230.68951416015625,122.07107543945312,94.52470397949219,225.20530700683594,103.78134155273438,-0.10075278580188751,0.28575602173805237,0.9529913067817688,94.52470397949219,225.20530700683594,103.78134155273438,95.79376220703125,219.7411651611328,91.42902374267578,-0.09354422986507416,0.4027702808380127,0.9105083346366882,1112,53.2048225402832,15.300636291503906,104.2610855102539,226.85140991210938,216.59970092773438,107.60233306884766,234.7930450439453,157.78103637695312,-0.056206103414297104,-0.13359332084655762,0.9894411563873291,107.60233306884766,234.7930450439453,157.78103637695312,102.20108795166016,199.8902587890625,143.03672790527344,0.1411265730857849,0.9119583964347839,0.38524705171585083,102.20108795166016,199.8902587890625,143.03672790527344,98.43848419189453,190.01492309570312,162.99021911621094,0.16664008796215057,0.437363862991333,-0.8837102651596069,98.43848419189453,190.01492309570312,162.99021911621094,97.67314147949219,193.0379638671875,177.58204650878906,0.051291871815919876,-0.2025986760854721,-0.9779176115989685,1113,51.15785598754883,14.559525489807129,114.67256164550781,225.79779052734375,216.34239196777344,125.65631103515625,232.4874267578125,164.54208374023438,-0.2057926505804062,-0.12533770501613617,0.9705358147621155,125.65631103515625,232.4874267578125,164.54208374023438,119.18927764892578,200.23931884765625,151.24412536621094,0.18228942155838013,0.908993124961853,0.3748360276222229,119.18927764892578,200.23931884765625,151.24412536621094,112.1244125366211,191.92066955566406,170.34165954589844,0.321187287569046,0.3781876266002655,-0.868224024772644,112.1244125366211,191.92066955566406,170.34165954589844,109.85105895996094,195.6687469482422,184.51480102539062,0.15323667228221893,-0.2526412606239319,-0.955348551273346,1114,40.1068115234375,12.93290901184082,124.46670532226562,218.7089385986328,217.28042602539062,141.36668395996094,226.33604431152344,171.4847412109375,-0.34205812215805054,-0.15437376499176025,0.9269115328788757,141.36668395996094,226.33604431152344,171.4847412109375,133.78370666503906,202.77505493164062,158.23158264160156,0.27008646726608276,0.8391828536987305,0.4720439910888672,133.78370666503906,202.77505493164062,158.23158264160156,125.97251892089844,197.21090698242188,170.4468231201172,0.5029683113098145,0.3582797050476074,-0.7865485548973083,125.97251892089844,197.21090698242188,170.4468231201172,122.25113677978516,199.70394897460938,183.37953186035156,0.2719026803970337,-0.18215402960777283,-0.9449279308319092
1,107.80316162109375,225.2783203125,177.3711395263672,-0.020209262147545815,0.27884602546691895,0.08993276208639145,-0.24026256799697876,0.3248790204524994,-0.9147281050682068,111.80648803710938,210.3302764892578,240.43865966796875,167.08023071289062,135.59005737304688,450.876953125,1110,41.38172912597656,16.309661865234375,85.74456024169922,207.3136444091797,221.3220977783203,85.74456024169922,207.3136444091797,221.3220977783203,0.0,0.0,0.0,85.74456024169922,207.3136444091797,221.3220977783203,87.9959945678711,201.23939514160156,179.28565979003906,-0.05293424054980278,0.14281374216079712,0.9883330464363098,87.9959945678711,201.23939514160156,179.28565979003906,100.13859558105469,193.91558837890625,156.22369384765625,-0.4485170245170593,0.27052292227745056,0.8518508076667786,100.13859558105469,193.91558837890625,156.22369384765625,114.88754272460938,187.36749267578125,147.0084228515625,-0.7936768531799316,0.3523690104484558,0.49589622020721436,1111,46.694664001464844,15.578988075256348,93.7007064819336,225.52796936035156,217.735107421875,88.43059539794922,233.79476928710938,155.82095336914062,0.08407220244407654,-0.13187730312347412,0.9876943826675415,88.43059539794922,233.79476928710938,155.82095336914062,92.15153503417969,230.68112182617188,122.05450439453125,-0.1090761050581932,0.09127385914325714,0.9898340106010437,92.15153503417969,230.68112182617188,122.05450439453125,94.08465576171875,225.2187042236328,103.7582015991211,-0.10072578489780426,0.2846207618713379,0.953333854675293,94.08465576171875,225.2187042236328,103.7582015991211,95.3519287109375,219.77186584472656,91.39805603027344,-0.0934126153588295,0.40149474143981934,0.9110851287841797,1112,53.2048225402832,15.300636291503906,104.01046752929688,227.0748748779297,216.555908203125,107.16646575927734,234.7912139892578,157.69703674316406,-0.05308985337615013,-0.12980340421199799,0.9901174306869507,107.16646575927734,234.7912139892578,157.69703674316406,101.69451141357422,199.87020874023438,143.02207946777344,0.14297407865524292,0.9124342203140259,0.383434921503067,101.69451141357422,199.87020874023438,143.02207946777344,97.9798812866211,190.0229949951172,162.9984588623047,0.16451531648635864,0.43611812591552734,-0.8847234845161438,97.9798812866211,190.0229949951172,162.9984588623047,97.25934600830078,193.07241821289062,177.5870819091797,0.04828894883394241,-0.20436672866344452,-0.9777026772499084,1113,51.15785598754883,14.559525489807129,114.41995239257812,226.00955200195312,216.26840209960938,125.24020385742188,232.49244689941406,164.40744018554688,-0.20272937417030334,-0.12146420031785965,0.9716724753379822,125.24020385742188,232.49244689941406,164.40744018554688,118.71463775634766,200.21922302246094,151.19927978515625,0.18393924832344055,0.9097008109092712,0.3723047375679016,118.71463775634766,200.21922302246094,151.19927978515625,111.69776153564453,191.94500732421875,170.33377075195312,0.3190056383609772,0.3761675953865051,-0.8699042201042175,111.69776153564453,191.94500732421875,170.33377075195312,109.46466064453125,195.71975708007812,184.50624084472656,0.1505233496427536,-0.25443899631500244,-0.9553028345108032,1114,40.1068115234375,12.93290901184082,124.20989227294922,218.91415405273438,217.20101928710938,140.96702575683594,226.35104370117188,171.32164001464844,-0.33916690945625305,-0.15052376687526703,0.9286055564880371,140.96702575683594,226.35104370117188,171.32164001464844,133.3124542236328,202.77572631835938,158.1352996826172,0.2726365029811859,0.8396932482719421,0.4696641266345978,133.3124542236328,202.77572631835938,158.1352996826172,125.5933609008789,197.2129364013672,170.40957641601562,0.4970378577709198,0.35819196701049805,-0.7903493046760559,125.5933609008789,197.2129364013672,170.40957641601562,121.96048736572266,199.70864868164062,183.36691284179688,0.2654357850551605,-0.18234913051128387,-0.9467273950576782
1,107.40333557128906,225.30438232421875,177.28965759277344,-0.019556934013962746,0.27796655893325806,0.08821824938058853,-0.2408813089132309,0.33433833718299866,-0.9111498594284058,111.50105285644531,210.32022094726562,240.33425903320312,166.91714477539062,133.40382385253906,449.9493713378906,1110,41.38172912597656,16.309661865234375,85.42483520507812,207.357666015625,221.28807067871094,85.42483520507812,207.357666015625,221.28807067871094,0.0,0.0,0.0,85.42483520507812,207.357666015625,221.28807067871094,87.70201110839844,201.19549560546875,179.26580810546875,-0.053539447486400604,0.14488086104393005,0.9879994988441467,87.70201110839844,201.19549560546875,179.26580810546875,99.915283203125,193.8262176513672,156.25570678710938,-0.45112746953964233,0.2722025513648987,0.8499351143836975,99.915283203125,193.8262176513672,156.25570678710938,114.74029541015625,187.27220153808594,147.1676025390625,-0.7977706789970398,0.35268786549568176,0.4890534281730652,1111,46.694664001464844,15.578988075256348,93.35687255859375,225.57696533203125,217.67300415039062,87.99183654785156,233.78042602539062,155.75857543945312,0.08558650314807892,-0.1308668851852417,0.9876987934112549,87.99183654785156,233.78042602539062,155.75857543945312,91.77622985839844,230.73822021484375,121.99266052246094,-0.11093617975711823,0.08917959779500961,0.989818274974823,91.77622985839844,230.73822021484375,121.99266052246094,93.74812316894531,225.32774353027344,103.68506622314453,-0.10274603962898254,0.2819143831729889,0.9539222121238708,93.74812316894531,225.32774353027344,103.68506622314453,95.04315185546875,219.91188049316406,91.31419372558594,-0.09545855224132538,0.399211585521698,0.9118760228157043,1112,53.2048225402832,15.300636291503906,103.6633529663086,227.13356018066406,216.4779815673828,106.729248046875,234.79823303222656,157.60760498046875,-0.05157415196299553,-0.12893429398536682,0.9903110861778259,106.729248046875,234.79823303222656,157.60760498046875,101.28836059570312,199.89341735839844,142.88265991210938,0.14216232299804688,0.9120110869407654,0.3847409784793854,101.28836059570312,199.89341735839844,142.88265991210938,97.6043701171875,190.00985717773438,162.8467559814453,0.1631583571434021,0.4377279281616211,-0.8841795921325684,97.6043701171875,190.00985717773438,162.8467559814453,96.89321899414062,193.03541564941406,177.4407958984375,0.04766007140278816,-0.2027674913406372,-0.9780663251876831,1113,51.15785598754883,14.559525489807129,114.07353973388672,226.078857421875,216.1769561767578,124.8147201538086,232.524658203125,164.29493713378906,-0.20124787092208862,-0.1207691878080368,0.9720668792724609,124.8147201538086,232.524658203125,164.29493713378906,118.3252182006836,200.2531280517578,151.0648956298828,0.18292269110679626,0.9096530675888062,0.37292149662971497,118.3252182006836,200.2531280517578,151.0648956298828,111.33726501464844,191.95384216308594,170.19911193847656,0.31769073009490967,0.37730735540390015,-0.8698918223381042,111.33726501464844,191.95384216308594,170.19911193847656,109.10868072509766,195.70703125,184.3780059814453,0.15021902322769165,-0.2529858946800232,-0.9557365775108337,1114,40.1068115234375,12.93290901184082,123.87220001220703,218.99459838867188,217.1025390625,140.55758666992188,226.40618896484375,171.19293212890625,-0.3377147912979126,-0.15001173317432404,0.929217517375946,140.55758666992188,226.40618896484375,171.19293212890625,132.90354919433594,202.84263610839844,157.98524475097656,0.2726173996925354,0.839273989200592,0.4704243242740631,132.90354919433594,202.84263610839844,157.98524475097656,125.2750015258789,197.22299194335938,170.29019165039062,0.4912075698375702,0.36185285449028015,-0.7923241853713989,125.2750015258789,197.22299194335938,170.29019165039062,121.71002960205078,199.67178344726562,183.27532958984375,0.26047420501708984,-0.17892064154148102,-0.9487574100494385
1,107.06990051269531,225.33233642578125,177.186767578125,-0.01788417622447014,0.27724435925483704,0.08812479674816132,-0.2411036491394043,0.3436529338359833,-0.9076187014579773,111.1683578491211,210.30963134765625,240.2132568359375,166.63558959960938,131.25035095214844,449.0159912109375,1110,41.38172912597656,16.309661865234375,85.10316467285156,207.38905334472656,221.1924591064453,85.10316467285156,207.38905334472656,221.1924591064453,0.0,0.0,0.0,85.10316467285156,207.38905334472656,221.1924591064453,87.44156646728516,201.14024353027344,179.1863555908203,-0.05497894808650017,0.14691786468029022,0.9876195788383484,87.44156646728516,201.14024353027344,179.1863555908203,99.7553939819336,193.7311248779297,156.24273681640625,-0.4548417329788208,0.2736741602420807,0.8474794626235962,99.7553939819336,193.7311248779297,156.24273681640625,114.66893768310547,187.18099975585938,147.29779052734375,-0.8025345206260681,0.35247835516929626,0.4813495874404907,1111,46.694664001464844,15.578988075256348,93.00807189941406,225.61761474609375,217.56466674804688,87.65316772460938,233.75955200195312,155.6412353515625,0.08542486280202866,-0.12988540530204773,0.9878422617912292,87.65316772460938,233.75955200195312,155.6412353515625,91.54430389404297,230.8154754638672,121.87876892089844,-0.11406530439853668,0.08630306273698807,0.9897176027297974,91.54430389404297,230.8154754638672,121.87876892089844,93.58106994628906,225.47352600097656,103.55815887451172,-0.10612625628709793,0.27834373712539673,0.9546003937721252,93.58106994628906,225.47352600097656,103.55815887451172,94.92290496826172,220.10247802734375,91.17273712158203,-0.09890866279602051,0.3959079682826996,0.9129478931427002,1112,53.2048225402832,15.300636291503906,103.31255340576172,227.18930053710938,216.37213134765625,106.38827514648438,234.80821228027344,157.49630737304688,-0.051739439368247986,-0.12816445529460907,0.990402340888977,106.38827514648438,234.80821228027344,157.49630737304688,101.0237808227539,199.9217071533203,142.70013427734375,0.14016631245613098,0.9115328788757324,0.38660216331481934,101.0237808227539,199.9217071533203,142.70013427734375,97.3405990600586,189.99957275390625,162.64523315429688,0.16312256455421448,0.4394363462924957,-0.8833383321762085,97.3405990600586,189.99957275390625,162.64523315429688,96.6116714477539,193.00003051757812,177.24359130859375,0.0488513745367527,-0.20108510553836823,-0.9783548712730408,1113,51.15785598754883,14.559525489807129,113.72447967529297,226.15060424804688,216.0758514404297,124.47480010986328,232.56863403320312,164.19227600097656,-0.20141910016536713,-0.12024886161088943,0.9720959663391113,124.47480010986328,232.56863403320312,164.19227600097656,118.06240844726562,200.2977752685547,150.92306518554688,0.18074917793273926,0.9096342325210571,0.3740256428718567,118.06240844726562,200.2977752685547,150.92306518554688,111.07508087158203,191.97439575195312,170.0470428466797,0.3176622688770294,0.3784027099609375,-0.8694262504577637,111.07508087158203,191.97439575195312,170.0470428466797,108.82670593261719,195.71116638183594,184.22715759277344,0.1515529304742813,-0.2518790662288666,-0.9558183550834656,1114,40.1068115234375,12.93290901184082,123.53385162353516,219.0824432373047,217.01112365722656,140.22463989257812,226.48069763183594,171.10133361816406,-0.33782416582107544,-0.14974182844161987,0.9292213320732117,140.22463989257812,226.48069763183594,171.10133361816406,132.61895751953125,202.92124938964844,157.8584442138672,0.2708951234817505,0.839127779006958,0.47167813777923584,132.61895751953125,202.92124938964844,157.8584442138672,125.03654479980469,197.25950622558594,170.17259216308594,0.4882372319698334,0.36456388235092163,-0.7929171919822693,125.03654479980469,197.25950622558594,170.17259216308594,121.49624633789062,199.6791534423828,183.169921875,0.25867173075675964,-0.17679141461849213,-0.9496492743492126
1,106.76132202148438,225.5132598876953,177.20330810546875,-0.016532864421606064,0.2803725004196167,0.08962459117174149,-0.24145537614822388,0.35268816351890564,-0.904052197933197,110.78268432617188,210.24159240722656,240.16876220703125,166.33084106445312,129.1037139892578,448.1510009765625,1110,41.38172912597656,16.309661865234375,84.73690795898438,207.41795349121094,221.11782836914062,84.73690795898438,207.41795349121094,221.11782836914062,0.0,0.0,0.0,84.73690795898438,207.41795349121094,221.11782836914062,87.21074676513672,201.27699279785156,179.10357666015625,-0.05816325172781944,0.14438217878341675,0.9878111481666565,87.21074676513672,201.27699279785156,179.10357666015625,99.62935638427734,193.9309844970703,156.1961669921875,-0.4587121307849884,0.27134302258491516,0.8461419343948364,99.62935638427734,193.9309844970703,156.1961669921875,114.60833740234375,187.41482543945312,147.33615112304688,-0.8060556650161743,0.35065048933029175,0.47677916288375854,1111,46.694664001464844,15.578988075256348,92.63170623779297,225.66433715820312,217.5582733154297,87.37320709228516,233.98829650878906,155.65078735351562,0.08388695865869522,-0.13278914988040924,0.9875880479812622,87.37320709228516,233.98829650878906,155.65078735351562,91.3926773071289,231.25311279296875,121.88577270507812,-0.11782725155353546,0.08017951995134354,0.9897918701171875,91.3926773071289,231.25311279296875,121.88577270507812,93.50303649902344,226.0286102294922,103.53964233398438,-0.10996085405349731,0.27222415804862976,0.955930233001709,93.50303649902344,226.0286102294922,103.53964233398438,94.89613342285156,220.73292541503906,91.12745666503906,-0.10268725454807281,0.3903528153896332,0.9149207472801208,1112,53.2048225402832,15.300636291503906,102.936767578125,227.24868774414062,216.3877410888672,106.104248046875,235.04788208007812,157.5404052734375,-0.05328300595283508,-0.13119718432426453,0.989923357963562,106.104248046875,235.04788208007812,157.5404052734375,100.81004333496094,200.23658752441406,142.54315185546875,0.13832977414131165,0.9095678925514221,0.3918561637401581,100.81004333496094,200.23658752441406,142.54315185546875,97.09661102294922,190.2113800048828,162.43101501464844,0.16446232795715332,0.44400134682655334,-0.8808035254478455,97.09661102294922,190.2113800048828,162.43101501464844,96.33326721191406,193.1319580078125,177.04380798339844,0.0511578805744648,-0.19573169946670532,-0.9793221354484558,1113,51.15785598754883,14.559525489807129,113.35009765625,226.22007751464844,216.10577392578125,124.1815185546875,232.8040771484375,164.2598876953125,-0.20293864607810974,-0.12335851043462753,0.9713900089263916,124.1815185546875,232.8040771484375,164.2598876953125,117.8377685546875,200.5859832763672,150.83042907714844,0.1788143366575241,0.9081469178199768,0.37854263186454773,117.8377685546875,200.5859832763672,150.83042907714844,110.82218170166016,192.17799377441406,169.90699768066406,0.318946897983551,0.3822491765022278,-0.8672706484794617,110.82218170166016,192.17799377441406,169.90699768066406,108.537841796875,195.84405517578125,184.0998077392578,0.15397725999355316,-0.24711300432682037,-0.9566746354103088,1114,40.1068115234375,12.93290901184082,123.16415405273438,219.1577911376953,217.0361785888672,139.9251708984375,226.70921325683594,171.17694091796875,-0.33924561738967896,-0.1528419703245163,0.9281982183456421,139.9251708984375,226.70921325683594,171.17694091796875,132.36624145507812,203.20652770996094,157.80703735351562,0.2692299485206604,0.8371062278747559,0.4762021601200104,132.36624145507812,203.20652770996094,157.80703735351562,124.80724334716797,197.46994018554688,170.10092163085938,0.48672959208488464,0.36938321590423584,-0.7916125059127808,124.80724334716797,197.46994018554688,170.10092163085938,121.27265167236328,199.8159637451172,183.11331176757812,0.25825443863868713,-0.17141187191009521,-0.9507484436035156
1,106.41676330566406,225.56900024414062,177.14976501464844,-0.014657769352197647,0.28133657574653625,0.08983006328344345,-0.24162212014198303,0.3616507947444916,-0.9004595875740051,110.42388916015625,210.1710968017578,240.07736206054688,166.01040649414062,126.97132110595703,447.2331237792969,1110,41.38172912597656,16.309661865234375,84.39362335205078,207.40110778808594,221.03492736816406,84.39362335205078,207.40110778808594,221.03492736816406,0.0,0.0,0.0,84.39362335205078,207.40110778808594,221.03492736816406,86.96275329589844,201.27301025390625,179.02452087402344,-0.06040367856621742,0.1440797597169876,0.9877208471298218,86.96275329589844,201.27301025390625,179.02452087402344,99.48397827148438,193.94322204589844,156.16783142089844,-0.46250244975090027,0.27074387669563293,0.8442683815956116,99.48397827148438,193.94322204589844,156.16783142089844,114.53448486328125,187.4519500732422,147.41136169433594,-0.8099046349525452,0.3493112623691559,0.4712071120738983,1111,46.694664001464844,15.578988075256348,92.26001739501953,225.66363525390625,217.49539184570312,87.02874755859375,234.02879333496094,155.5911407470703,0.08345256000757217,-0.1334463506937027,0.9875361919403076,87.02874755859375,234.02879333496094,155.5911407470703,91.15353393554688,231.4166717529297,121.82909393310547,-0.12091454863548279,0.07657209038734436,0.9897052645683289,91.15353393554688,231.4166717529297,121.82909393310547,93.32904815673828,226.28858947753906,103.46337890625,-0.11335576325654984,0.26720014214515686,0.9569506049156189,93.32904815673828,226.28858947753906,103.46337890625,94.77001190185547,221.06434631347656,91.02640533447266,-0.10621557384729385,0.38508671522140503,0.9167478084564209,1112,53.2048225402832,15.300636291503906,102.56317138671875,227.2663116455078,216.33302307128906,105.7567138671875,235.118408203125,157.49412536621094,-0.053721413016319275,-0.1320870816707611,0.9897813200950623,105.7567138671875,235.118408203125,157.49412536621094,100.53886413574219,200.3289794921875,142.41957092285156,0.13633473217487335,0.9089965224266052,0.3938758969306946,100.53886413574219,200.3289794921875,142.41957092285156,96.82646942138672,190.26290893554688,162.28697204589844,0.16441641747951508,0.4458112120628357,-0.8798974752426147,96.82646942138672,190.26290893554688,162.28697204589844,96.0457992553711,193.15744018554688,176.90402221679688,0.05231909453868866,-0.1939862221479416,-0.9796081185340881,1113,51.15785598754883,14.559525489807129,112.97840881347656,226.25547790527344,216.0571746826172,123.83325958251953,232.89964294433594,164.22386169433594,-0.2033776342868805,-0.12448577582836151,0.9711543917655945,123.83325958251953,232.89964294433594,164.22386169433594,117.5601577758789,200.68936157226562,150.74253845214844,0.17682288587093353,0.9079264402389526,0.3800044357776642,117.5601577758789,200.68936157226562,150.74253845214844,110.54508972167969,192.24868774414062,169.8048553466797,0.31892338395118713,0.38373517990112305,-0.8666229248046875,110.54508972167969,192.24868774414062,169.8048553466797,108.24189758300781,195.88999938964844,184.00099182128906,0.15524797141551971,-0.2454446703195572,-0.9568986296653748,1114,40.1068115234375,12.93290901184082,122.8037338256836,219.208984375,216.98843383789062,139.58255004882812,226.82571411132812,171.14649963378906,-0.33960580825805664,-0.15416376292705536,0.9278477430343628,139.58255004882812,226.82571411132812,171.14649963378906,132.05564880371094,203.34059143066406,157.72776794433594,0.268089234828949,0.8364808559417725,0.4779413938522339,132.05564880371094,203.34059143066406,157.72776794433594,124.55847930908203,197.55014038085938,170.03424072265625,0.48274874687194824,0.37285178899765015,-0.792423665523529,124.55847930908203,197.55014038085938,170.03424072265625,121.06343841552734,199.8517608642578,183.0652313232422,0.25536465644836426,-0.1681675761938095,-0.9521074295043945
1,106.04705047607422,225.63677978515625,177.07794189453125,-0.015811774879693985,0.28390899300575256,0.09012556821107864,-0.24220047891139984,0.3702901005744934,-0.8967854380607605,110.05164337158203,210.0093231201172,239.9431610107422,165.77120971679688,124.82201385498047,446.253662109375,1110,41.38172912597656,16.309661865234375,84.00777435302734,207.37643432617188,220.91661071777344,84.00777435302734,207.37643432617188,220.91661071777344,0.0,0.0,0.0,84.00777435302734,207.37643432617188,220.91661071777344,86.64546203613281,201.336181640625,178.89773559570312,-0.06201557070016861,0.14201442897319794,0.9879200458526611,86.64546203613281,201.336181640625,178.89773559570312,99.23861694335938,194.03257751464844,156.0721893310547,-0.465159147977829,0.2697765827178955,0.8431177139282227,99.23861694335938,194.03257751464844,156.0721893310547,114.33827209472656,187.54010009765625,147.40167236328125,-0.812549889087677,0.3493763208389282,0.4665820300579071,1111,46.694664001464844,15.578988075256348,91.8941879272461,225.63955688476562,217.42503356933594,86.66646575927734,234.17562866210938,155.5438232421875,0.08339597284793854,-0.13617289066314697,0.9871687293052673,86.66646575927734,234.17562866210938,155.5438232421875,90.86497497558594,231.6984405517578,121.78069305419922,-0.12307567149400711,0.07261662930250168,0.9897369742393494,90.86497497558594,231.6984405517578,121.78069305419922,93.0761947631836,226.64772033691406,103.39781188964844,-0.1152162104845047,0.26316916942596436,0.9578450322151184,93.0761947631836,226.64772033691406,103.39781188964844,94.53915405273438,221.47511291503906,90.94184112548828,-0.10783692449331284,0.38128066062927246,0.9181482791900635,1112,53.2048225402832,15.300636291503906,102.19901275634766,227.2338409423828,216.2659454345703,105.39581298828125,235.2393035888672,157.44790649414062,-0.053776226937770844,-0.1346670240163803,0.9894306659698486,105.39581298828125,235.2393035888672,157.44790649414062,100.14290618896484,200.508544921875,142.25074768066406,0.13725072145462036,0.9074636101722717,0.3970794081687927,100.14290618896484,200.508544921875,142.25074768066406,96.41923522949219,190.3802032470703,162.08436584472656,0.1649157851934433,0.44856902956962585,-0.8784011602401733,96.41923522949219,190.3802032470703,162.08436584472656,95.63956451416016,193.21923828125,176.7123565673828,0.052252091467380524,-0.19026687741279602,-0.9803408980369568,1113,51.15785598754883,14.559525489807129,112.61309051513672,226.21214294433594,215.98641967773438,123.47050476074219,232.98243713378906,164.16995239257812,-0.2034256011247635,-0.12684890627861023,0.9708384871482849,123.47050476074219,232.98243713378906,164.16995239257812,117.16287231445312,200.8179931640625,150.59568786621094,0.17779633402824402,0.9066349864006042,0.38262444734573364,117.16287231445312,200.8179931640625,150.59568786621094,110.14009857177734,192.3338165283203,169.63583374023438,0.31927382946014404,0.38571304082870483,-0.8656152486801147,110.14009857177734,192.3338165283203,169.63583374023438,107.83883666992188,195.9297637939453,183.84385681152344,0.1551177054643631,-0.2423866242170334,-0.9576988816261292,1114,40.1068115234375,12.93290901184082,122.43064880371094,219.15225219726562,216.89791870117188,139.2136688232422,226.87252807617188,171.07485961914062,-0.3396909832954407,-0.15625959634780884,0.9274659752845764,139.2136688232422,226.87252807617188,171.07485961914062,131.64080810546875,203.4448699951172,157.5817413330078,0.2697261869907379,0.8344340920448303,0.4805908501148224,131.64080810546875,203.4448699951172,157.5817413330078,124.189208984375,197.60496520996094,169.89254760742188,0.479813814163208,0.3760356605052948,-0.7927016615867615,124.189208984375,197.60496520996094,169.89254760742188,120.74020385742188,199.84959411621094,182.94570922851562,0.2520013749599457,-0.16400368511676788,-0.9537285566329956
1,105.65377044677734,225.68223571777344,177.0093536376953,-0.013733076862990856,0.28605321049690247,0.08942520618438721,-0.24314171075820923,0.3789490759372711,-0.8929052352905273,109.70077514648438,209.86880493164062,239.8179931640625,165.6368865966797,122.68946838378906,445.2358093261719,1110,41.38172912597656,16.309661865234375,83.65933990478516,207.2886962890625,220.81484985351562,83.65933990478516,207.2886962890625,220.81484985351562,0.0,0.0,0.0,83.65933990478516,207.2886962890625,220.81484985351562,86.36760711669922,201.31996154785156,178.7902374267578,-0.06367497891187668,0.1403329223394394,0.9880547523498535,86.36760711669922,201.31996154785156,178.7902374267578,99.04586791992188,194.06961059570312,155.99485778808594,-0.4683029353618622,0.26780965924263,0.8420037627220154,99.04586791992188,194.06961059570312,155.99485778808594,114.21267700195312,187.6189727783203,147.4107208251953,-0.8161630034446716,0.3471245765686035,0.46193334460258484,1111,46.694664001464844,15.578988075256348,91.50642395019531,225.5753936767578,217.3582305908203,86.25213623046875,234.2222900390625,155.4946746826172,0.08381978422403336,-0.13794086873531342,0.9868873357772827,86.25213623046875,234.2222900390625,155.4946746826172,90.52110290527344,231.85269165039062,121.73265075683594,-0.12514103949069977,0.06946270912885666,0.9897043108940125,90.52110290527344,231.85269165039062,121.73265075683594,92.77821350097656,226.8653564453125,103.33804321289062,-0.11760736256837845,0.25986647605895996,0.9584560394287109,92.77821350097656,226.8653564453125,103.33804321289062,94.27599334716797,221.7387237548828,90.8672103881836,-0.11040358990430832,0.37789174914360046,0.9192436933517456,1112,53.2048225402832,15.300636291503906,101.80767822265625,227.19386291503906,216.20094299316406,104.97943878173828,235.32203674316406,157.3983612060547,-0.05335499346256256,-0.13673120737075806,0.9891703128814697,104.97943878173828,235.32203674316406,157.3983612060547,99.800537109375,200.61563110351562,142.120361328125,0.13531705737113953,0.9068270921707153,0.39919155836105347,99.800537109375,200.61563110351562,142.120361328125,96.10137176513672,190.44212341308594,161.93544006347656,0.1638304740190506,0.45056936144828796,-0.8775800466537476,96.10137176513672,190.44212341308594,161.93544006347656,95.31684875488281,193.2467803955078,176.56979370117188,0.05257730558514595,-0.18796300888061523,-0.9807677865028381,1113,51.15785598754883,14.559525489807129,112.22386169433594,226.1948699951172,215.9180145263672,123.05980682373047,233.0903778076172,164.1135711669922,-0.20302337408065796,-0.1291949301958084,0.9706133008003235,123.05980682373047,233.0903778076172,164.1135711669922,116.8162841796875,200.9368133544922,150.48394775390625,0.17598915100097656,0.9063278436660767,0.38418468832969666,116.8162841796875,200.9368133544922,150.48394775390625,109.8167953491211,192.41543579101562,169.5160675048828,0.318215012550354,0.38740405440330505,-0.8652498126029968,109.8167953491211,192.41543579101562,169.5160675048828,107.51138305664062,195.9830322265625,183.7305450439453,0.15539765357971191,-0.24047590792179108,-0.9581351280212402,1114,40.1068115234375,12.93290901184082,122.05653381347656,219.1540985107422,216.81431579589844,138.81686401367188,227.0003662109375,171.0043487548828,-0.3392316699028015,-0.15880966186523438,0.9272007942199707,138.81686401367188,227.0003662109375,171.0043487548828,131.2664031982422,203.59579467773438,157.45870971679688,0.2689283490180969,0.8336117267608643,0.48246145248413086,131.2664031982422,203.59579467773438,157.45870971679688,123.89149475097656,197.69764709472656,169.78790283203125,0.4748759865760803,0.3797862231731415,-0.7938861846923828,123.89149475097656,197.69764709472656,169.78790283203125,120.49468231201172,199.88987731933594,182.8636474609375,0.24818772077560425,-0.16017505526542664,-0.9553778171539307
1,105.25546264648438,225.6737060546875,176.95489501953125,-0.013535114005208015,0.2862333059310913,0.08853932470083237,-0.24388821423053741,0.38731643557548523,-0.8891032338142395,109.3567886352539,209.77224731445312,239.72927856445312,165.46463012695312,120.6679458618164,444.2724304199219,1110,41.38172912597656,16.309661865234375,83.30241394042969,207.26365661621094,220.7742156982422,83.30241394042969,207.26365661621094,220.7742156982422,0.0,0.0,0.0,83.30241394042969,207.26365661621094,220.7742156982422,86.05729675292969,201.2957000732422,178.7525177001953,-0.06477096676826477,0.14031460881233215,0.987986147403717,86.05729675292969,201.2957000732422,178.7525177001953,98.79243469238281,194.04185485839844,155.98997497558594,-0.470403790473938,0.2679387032985687,0.8407907485961914,98.79243469238281,194.04185485839844,155.98997497558594,114.00163269042969,187.59307861328125,147.4797821044922,-0.818444550037384,0.3470245897769928,0.4579545259475708,1111,46.694664001464844,15.578988075256348,91.13907623291016,225.55426025390625,217.31459045410156,85.83372497558594,234.2090301513672,155.45648193359375,0.08463436365127563,-0.13806644082069397,0.9868001937866211,85.83372497558594,234.2090301513672,155.45648193359375,90.13397979736328,231.86248779296875,121.69682312011719,-0.12605823576450348,0.0687868520617485,0.9896351099014282,90.13397979736328,231.86248779296875,121.69682312011719,92.40889739990234,226.88414001464844,103.3019790649414,-0.11853522807359695,0.2593982219696045,0.9584686160087585,92.40889739990234,226.88414001464844,103.3019790649414,93.91907501220703,221.76255798339844,90.83056640625,-0.11131744831800461,0.3775194585323334,0.9192864298820496,1112,53.2048225402832,15.300636291503906,101.43875122070312,227.1772918701172,216.149658203125,104.56201171875,235.31642150878906,157.34600830078125,-0.052539143711328506,-0.13691553473472595,0.9891884922981262,104.56201171875,235.31642150878906,157.34600830078125,99.3923568725586,200.62574768066406,142.0292205810547,0.13507547974586487,0.9064162373542786,0.400205135345459,99.3923568725586,200.62574768066406,142.0292205810547,95.7108383178711,190.43421936035156,161.83831787109375,0.16304896771907806,0.45136758685112,-0.8773154020309448,95.7108383178711,190.43421936035156,161.83831787109375,94.93209838867188,193.2153778076172,176.4774627685547,0.05218973755836487,-0.18638819456100464,-0.9810889959335327,1113,51.15785598754883,14.559525489807129,111.85514831542969,226.18276977539062,215.8585968017578,122.6484603881836,233.0913543701172,164.0469970703125,-0.20222459733486176,-0.12943994998931885,0.9707474112510681,122.6484603881836,233.0913543701172,164.0469970703125,116.41179656982422,200.94119262695312,150.40623474121094,0.17579582333564758,0.9062319993972778,0.3844986855983734,116.41179656982422,200.94119262695312,150.40623474121094,109.43132019042969,192.4184112548828,169.4447021484375,0.3173507750034332,0.38746801018714905,-0.8655386567115784,109.43132019042969,192.4184112548828,169.4447021484375,107.13304138183594,195.97610473632812,183.66282653808594,0.15491671860218048,-0.23980823159217834,-0.9583802819252014,1114,40.1068115234375,12.93290901184082,121.69149017333984,219.14602661132812,216.74620056152344,138.4133758544922,227.0069122314453,170.92469787597656,-0.33845359086990356,-0.1591055691242218,0.9274344444274902,138.4133758544922,227.0069122314453,170.92469787597656,130.84962463378906,203.61331176757812,157.36752319335938,0.2694016993045807,0.833220899105072,0.48287227749824524,130.84962463378906,203.61331176757812,157.36752319335938,123.529052734375,197.695556640625,169.7196807861328,0.47137728333473206,0.3810488283634186,-0.7953649759292603,123.529052734375,197.695556640625,169.7196807861328,120.17680358886719,199.86651611328125,182.8104705810547,0.2449316531419754,-0.15862087905406952,-0.9564768671989441
1,104.90641784667969,225.66160583496094,176.86679077148438,-0.01697087660431862,0.2849750220775604,0.08868923783302307,-0.24470379948616028,0.3949609398841858,-0.8855088353157043,109.0180435180664,209.7334747314453,239.62515258789062,165.3135223388672,118.8705062866211,443.3414001464844,1110,41.38172912597656,16.309661865234375,82.92774200439453,207.36500549316406,220.72076416015625,82.92774200439453,207.36500549316406,220.72076416015625,0.0,0.0,0.0,82.92774200439453,207.36500549316406,220.72076416015625,85.67329406738281,201.33360290527344,178.70751953125,-0.06455159187316895,0.14180633425712585,0.9877874851226807,85.67329406738281,201.33360290527344,178.70751953125,98.42771911621094,193.99998474121094,155.9813690185547,-0.47111624479293823,0.2708853483200073,0.8394466042518616,98.42771911621094,193.99998474121094,155.9813690185547,113.65593719482422,187.48785400390625,147.5538330078125,-0.819468080997467,0.3504338562488556,0.45350655913352966,1111,46.694664001464844,15.578988075256348,90.8205337524414,225.62693786621094,217.2373046875,85.4958267211914,234.2383575439453,155.3748016357422,0.08494313061237335,-0.1373748779296875,0.9868701696395874,85.4958267211914,234.2383575439453,155.3748016357422,89.79562377929688,231.85401916503906,121.61773681640625,-0.1260448396205902,0.06989482045173645,0.9895591735839844,89.79562377929688,231.85401916503906,121.61773681640625,92.0572738647461,226.84173583984375,103.23046875,-0.11784389615058899,0.26116639375686646,0.958073616027832,92.0572738647461,226.84173583984375,103.23046875,93.55217742919922,221.6930389404297,90.76838684082031,-0.11019159108400345,0.37951821088790894,0.9185988306999207,1112,53.2048225402832,15.300636291503906,101.12448120117188,227.2156982421875,216.06295776367188,104.22901916503906,235.287353515625,157.2490234375,-0.05222420021891594,-0.13578049838542938,0.989361584186554,104.22901916503906,235.287353515625,157.2490234375,98.94403076171875,200.61802673339844,141.9232635498047,0.13808897137641907,0.9058585166931152,0.4004395604133606,98.94403076171875,200.61802673339844,141.9232635498047,95.24180603027344,190.43630981445312,161.7335662841797,0.16396589577198029,0.45093274116516113,-0.877368152141571,95.24180603027344,190.43630981445312,161.7335662841797,94.47701263427734,193.2045135498047,176.3759002685547,0.05125507339835167,-0.1855200231075287,-0.981302797794342,1113,51.15785598754883,14.559525489807129,111.53739929199219,226.18740844726562,215.76495361328125,122.31332397460938,233.01068115234375,163.9384307861328,-0.20189881324768066,-0.1278415322303772,0.9710270166397095,122.31332397460938,233.01068115234375,163.9384307861328,115.96893310546875,200.8737335205078,150.31619262695312,0.17883233726024628,0.9058593511581421,0.38397645950317383,115.96893310546875,200.8737335205078,150.31619262695312,108.97527313232422,192.39007568359375,169.36729431152344,0.317950040102005,0.38568925857543945,-0.8661128282546997,108.97527313232422,192.39007568359375,169.36729431152344,106.69552612304688,195.95802307128906,183.58583068847656,0.15366758406162262,-0.24049943685531616,-0.9584081768989563,1114,40.1068115234375,12.93290901184082,121.35173797607422,219.11993408203125,216.65196228027344,138.0638427734375,226.8822784423828,170.81008911132812,-0.3382555842399597,-0.1571110486984253,0.9278465509414673,138.0638427734375,226.8822784423828,170.81008911132812,130.41282653808594,203.5086212158203,157.26751708984375,0.27250999212265015,0.8325110077857971,0.4823524057865143,130.41282653808594,203.5086212158203,157.26751708984375,123.10184478759766,197.61758422851562,169.6381378173828,0.4707590937614441,0.3793278932571411,-0.7965527176856995,123.10184478759766,197.61758422851562,169.6381378173828,119.78137969970703,199.80050659179688,182.73501586914062,0.24260972440242767,-0.15949518978595734,-0.9569231867790222
1,104.54446411132812,225.6774139404297,176.84799194335938,-0.016963815316557884,0.2843901216983795,0.08755265176296234,-0.2453693151473999,0.4021977186203003,-0.8820605874061584,108.72271728515625,209.7123260498047,239.58404541015625,165.17129516601562,117.18450927734375,442.5069885253906,1110,41.38172912597656,16.309661865234375,82.61669921875,207.39974975585938,220.73533630371094,82.61669921875,207.39974975585938,220.73533630371094,0.0,0.0,0.0,82.61669921875,207.39974975585938,220.73533630371094,85.38353729248047,201.3332061767578,178.7285614013672,-0.06505206972360611,0.14263257384300232,0.987635612487793,85.38353729248047,201.3332061767578,178.7285614013672,98.16986083984375,193.97923278808594,156.02691650390625,-0.4722943603992462,0.2716371417045593,0.8385412096977234,98.16986083984375,193.97923278808594,156.02691650390625,113.42781829833984,187.4622039794922,147.6571502685547,-0.8210684061050415,0.35069742798805237,0.450397789478302,1111,46.694664001464844,15.578988075256348,90.50025939941406,225.66204833984375,217.23304748535156,85.10906219482422,234.23561096191406,155.3710479736328,0.08600382506847382,-0.13677094876766205,0.9868621826171875,85.10906219482422,234.23561096191406,155.3710479736328,89.4188003540039,231.8545379638672,121.61502075195312,-0.1263362467288971,0.06979909539222717,0.9895287752151489,89.4188003540039,231.8545379638672,121.61502075195312,91.68669891357422,226.84498596191406,103.22777557373047,-0.11816944926977158,0.26102402806282043,0.9580722451210022,91.68669891357422,226.84498596191406,103.22777557373047,93.18623352050781,221.69810485839844,90.76551055908203,-0.11053303629159927,0.3793846368789673,0.9186129570007324,1112,53.2048225402832,15.300636291503906,100.80250549316406,227.2532958984375,216.04713439941406,103.8438491821289,235.29147338867188,157.22531127929688,-0.05116114765405655,-0.1352173238992691,0.9894942045211792,103.8438491821289,235.29147338867188,157.22531127929688,98.56108856201172,200.62989807128906,141.8812713623047,0.1380307674407959,0.9056560397148132,0.4009172022342682,98.56108856201172,200.62989807128906,141.8812713623047,94.87909698486328,190.4353790283203,161.68875122070312,0.16306985914707184,0.451499879360199,-0.8772434592247009,94.87909698486328,190.4353790283203,161.68875122070312,94.12297058105469,193.18482971191406,176.33506774902344,0.05067422613501549,-0.1842632293701172,-0.9815697073936462,1113,51.15785598754883,14.559525489807129,111.21542358398438,226.22802734375,215.73898315429688,121.93575286865234,233.02426147460938,163.8973846435547,-0.20085719227790833,-0.12733495235443115,0.9713095426559448,121.93575286865234,233.02426147460938,163.8973846435547,115.59283447265625,200.88333129882812,150.28390502929688,0.17879091203212738,0.9059719443321228,0.3837297260761261,115.59283447265625,200.88333129882812,150.28390502929688,108.62106323242188,192.40643310546875,169.34603881835938,0.3169548809528351,0.38538187742233276,-0.8666142225265503,108.62106323242188,192.40643310546875,169.34603881835938,106.35223388671875,195.97422790527344,183.5663604736328,0.15293167531490326,-0.2404891550540924,-0.9585285186767578,1114,40.1068115234375,12.93290901184082,121.03285217285156,219.16409301757812,216.6199951171875,137.6952362060547,226.9047393798828,170.75636291503906,-0.3372492492198944,-0.1566718965768814,0.9282870888710022,137.6952362060547,226.9047393798828,170.75636291503906,130.0298309326172,203.53286743164062,157.21884155273438,0.27302247285842896,0.8324472904205322,0.4821724593639374,130.0298309326172,203.53286743164062,157.21884155273438,122.76764678955078,197.63299560546875,169.6139678955078,0.4676170349121094,0.3798968195915222,-0.7981307506561279,122.76764678955078,197.63299560546875,169.6139678955078,119.48928833007812,199.80831909179688,182.72271728515625,0.23953311145305634,-0.1589399129152298,-0.9577901363372803
1,104.19706726074219,225.6167755126953,176.75357055664062,-0.022193562239408493,0.2831994295120239,0.08838563412427902,-0.24567633867263794,0.4084712862968445,-0.8790872097015381,108.3504638671875,209.62266540527344,239.47691345214844,164.8696746826172,115.65158081054688,441.7158203125,1110,41.38172912597656,16.309661865234375,82.20407104492188,207.4837188720703,220.6682586669922,82.20407104492188,207.4837188720703,220.6682586669922,0.0,0.0,0.0,82.20407104492188,207.4837188720703,220.6682586669922,84.96366119384766,201.36871337890625,178.66802978515625,-0.06488166004419327,0.1437719613313675,0.9874815940856934,84.96366119384766,201.36871337890625,178.66802978515625,97.74984741210938,193.9239044189453,155.99594116210938,-0.47228938341140747,0.2749924063682556,0.8374496102333069,97.74984741210938,193.9239044189453,155.99594116210938,113.00390625,187.31898498535156,147.6881866455078,-0.8208582997322083,0.3554269075393677,0.44706064462661743,1111,46.694664001464844,15.578988075256348,90.17770385742188,225.70326232910156,217.14715576171875,84.79202270507812,234.2567138671875,155.2819061279297,0.08591585606336594,-0.1364501714706421,0.986914336681366,84.79202270507812,234.2567138671875,155.2819061279297,89.10863494873047,231.86488342285156,121.52751159667969,-0.1265377402305603,0.07011443376541138,0.9894807934761047,89.10863494873047,231.86488342285156,121.52751159667969,91.36161804199219,226.8524169921875,103.13923645019531,-0.11739233136177063,0.2611760199069977,0.9581263661384583,91.36161804199219,226.8524169921875,103.13923645019531,92.84215545654297,221.70335388183594,90.67558288574219,-0.10913258045911789,0.3795449733734131,0.9187141060829163,1112,53.2048225402832,15.300636291503906,100.48712921142578,227.2415008544922,215.95376586914062,103.53303527832031,235.21926879882812,157.1239471435547,-0.051237888634204865,-0.13420110940933228,0.9896285533905029,103.53303527832031,235.21926879882812,157.1239471435547,98.07291412353516,200.5908203125,141.76719665527344,0.14266493916511536,0.9047904014587402,0.4012492895126343,98.07291412353516,200.5908203125,141.76719665527344,94.3484878540039,190.40948486328125,161.57351684570312,0.16494926810264587,0.4509161114692688,-0.8771923184394836,94.3484878540039,190.40948486328125,161.57351684570312,93.60990142822266,193.14869689941406,176.22265625,0.049498703330755234,-0.18357694149017334,-0.9817583560943604,1113,51.15785598754883,14.559525489807129,110.89453887939453,226.16336059570312,215.6400604248047,121.6173324584961,232.86572265625,163.78675842285156,-0.20090338587760925,-0.1255761682987213,0.971528947353363,121.6173324584961,232.86572265625,163.78675842285156,115.11101531982422,200.75448608398438,150.18031311035156,0.18339671194553375,0.9051349759101868,0.38353145122528076,115.11101531982422,200.75448608398438,150.18031311035156,108.10643005371094,192.3180389404297,169.2483673095703,0.31844663619995117,0.3835428059101105,-0.8668832778930664,108.10643005371094,192.3180389404297,169.2483673095703,105.85891723632812,195.89244079589844,183.4704132080078,0.1514948308467865,-0.24093450605869293,-0.9586447477340698,1114,40.1068115234375,12.93290901184082,120.67667388916016,219.05056762695312,216.52052307128906,137.34988403320312,226.67184448242188,170.64083862304688,-0.33746838569641113,-0.15425583720207214,0.9286119937896729,137.34988403320312,226.67184448242188,170.64083862304688,129.56455993652344,203.3358154296875,157.10987854003906,0.27729347348213196,0.8311700820922852,0.4819384217262268,129.56455993652344,203.3358154296875,157.10987854003906,122.28400421142578,197.47686767578125,169.5136260986328,0.46880027651786804,0.3772619068622589,-0.7986863255500793,122.28400421142578,197.47686767578125,169.5136260986328,119.02530670166016,199.6702423095703,182.62428283691406,0.23809635639190674,-0.16025866568088531,-0.9579286575317383
1,103.85394287109375,225.58004760742188,176.6729278564453,-0.021659888327121735,0.28287869691848755,0.08895201236009598,-0.24589648842811584,0.4143937826156616,-0.8762492537498474,107.97734069824219,209.5487823486328,239.38121032714844,164.5471954345703,114.2151870727539,440.96722412109375,1110,41.38172912597656,16.309661865234375,81.83749389648438,207.45562744140625,220.5794219970703,81.83749389648438,207.45562744140625,220.5794219970703,0.0,0.0,0.0,81.83749389648438,207.45562744140625,220.5794219970703,84.6708755493164,201.31553649902344,178.58775329589844,-0.06661657989025116,0.1443617194890976,0.9872801303863525,84.6708755493164,201.31553649902344,178.58775329589844,97.52130126953125,193.85520935058594,155.95712280273438,-0.47466224431991577,0.27556562423706055,0.8359182476997375,97.52130126953125,193.85520935058594,155.95712280273438,112.81634521484375,187.24810791015625,147.72683715820312,-0.8230642676353455,0.3555445373058319,0.4428921043872833,1111,46.694664001464844,15.578988075256348,89.8073959350586,225.67654418945312,217.05703735351562,84.46044921875,234.20567321777344,155.18507385253906,0.08529794216156006,-0.1360621601343155,0.9870214462280273,84.46044921875,234.20567321777344,155.18507385253906,88.82384490966797,231.83221435546875,121.43539428710938,-0.12790913879871368,0.06957587599754333,0.989342451095581,88.82384490966797,231.83221435546875,121.43539428710938,91.10310363769531,226.8211212158203,103.04997253417969,-0.11876136809587479,0.2611043155193329,0.9579771757125854,91.10310363769531,226.8211212158203,103.04997253417969,92.6019058227539,221.67210388183594,90.58849334716797,-0.11047898232936859,0.37954187393188477,0.9185544848442078,1112,53.2048225402832,15.300636291503906,100.11711120605469,227.21780395507812,215.87002563476562,103.19990539550781,235.1751708984375,157.03936767578125,-0.05185842141509056,-0.13385795056819916,0.9896427989006042,103.19990539550781,235.1751708984375,157.03936767578125,97.767578125,200.5537872314453,141.65682983398438,0.1419386863708496,0.9046056270599365,0.4019230008125305,97.767578125,200.5537872314453,141.65682983398438,94.03093719482422,190.36288452148438,161.4559326171875,0.16549019515514374,0.4513397216796875,-0.8768724203109741,94.03093719482422,190.36288452148438,161.4559326171875,93.27725982666016,193.0867462158203,176.10716247558594,0.05051007494330406,-0.18254821002483368,-0.9818985462188721,1113,51.15785598754883,14.559525489807129,110.52508544921875,226.14303588867188,215.56370544433594,121.28050231933594,232.83010864257812,163.71517944335938,-0.2015146017074585,-0.1252896934747696,0.9714393615722656,121.28050231933594,232.83010864257812,163.71517944335938,114.79930114746094,200.7171630859375,150.1007537841797,0.18268869817256927,0.9051828980445862,0.3837563097476959,114.79930114746094,200.7171630859375,150.1007537841797,107.78356170654297,192.27896118164062,169.16392517089844,0.3189537823200226,0.3836226463317871,-0.8666614294052124,107.78356170654297,192.27896118164062,169.16392517089844,105.52086639404297,195.8450469970703,183.38565063476562,0.15251822769641876,-0.24037398397922516,-0.9586232304573059,1114,40.1068115234375,12.93290901184082,120.30900573730469,219.03382873535156,216.4533233642578,137.01051330566406,226.64398193359375,170.58209228515625,-0.33804118633270264,-0.1540307104587555,0.928441047668457,137.01051330566406,226.64398193359375,170.58209228515625,129.2377471923828,203.30914306640625,157.04190063476562,0.27684634923934937,0.8311281800270081,0.4822675287723541,129.2377471923828,203.30914306640625,157.04190063476562,121.97237396240234,197.4385986328125,169.44906616210938,0.4678226709365845,0.378008633852005,-0.7989063858985901,121.97237396240234,197.4385986328125,169.44906616210938,118.720703125,199.62045288085938,182.56338500976562,0.23758302628993988,-0.15941697359085083,-0.9581965208053589
1,103.53610229492188,225.58424377441406,176.6676483154297,-0.021786177530884743,0.280365526676178,0.08811065554618835,-0.2461402267217636,0.4202221930027008,-0.8734004497528076,107.70439910888672,209.63278198242188,239.38380432128906,164.33033752441406,112.95832061767578,440.3144226074219,1110,41.38172912597656,16.309661865234375,81.55424499511719,207.56800842285156,220.63597106933594,81.55424499511719,207.56800842285156,220.63597106933594,0.0,0.0,0.0,81.55424499511719,207.56800842285156,220.63597106933594,84.376708984375,201.3207244873047,178.6593780517578,-0.06635988503694534,0.14688195288181305,0.9869255423545837,84.376708984375,201.3207244873047,178.6593780517578,97.24446105957031,193.79701232910156,156.05960083007812,-0.4753022789955139,0.2779069244861603,0.8347787261009216,97.24446105957031,193.79701232910156,156.05960083007812,112.55750274658203,187.1676025390625,147.88087463378906,-0.8240326046943665,0.3567449152469635,0.4401174485683441,1111,46.694664001464844,15.578988075256348,89.52005004882812,225.7806854248047,217.06199645996094,84.12570190429688,234.1545867919922,155.17294311523438,0.08605412393808365,-0.1335858702659607,0.98729407787323,84.12570190429688,234.1545867919922,155.17294311523438,88.47691345214844,231.72964477539062,121.42534637451172,-0.12755195796489716,0.07108505070209503,0.9892812967300415,88.47691345214844,231.72964477539062,121.42534637451172,90.75050354003906,226.6968231201172,103.045166015625,-0.11846604198217392,0.2622365653514862,0.9577044248580933,90.75050354003906,226.6968231201172,103.045166015625,92.2461166381836,221.5370330810547,90.58775329589844,-0.11024384945631027,0.3803357481956482,0.9182543158531189,1112,53.2048225402832,15.300636291503906,99.8287353515625,227.31976318359375,215.86334228515625,102.8664779663086,235.13015747070312,157.01065063476562,-0.05110057070851326,-0.13138559460639954,0.9900134801864624,102.8664779663086,235.13015747070312,157.01065063476562,97.43038940429688,200.4825897216797,141.6885223388672,0.14203698933124542,0.905289888381958,0.4003446400165558,97.43038940429688,200.4825897216797,141.6885223388672,93.70648956298828,190.32069396972656,161.50491333007812,0.16492600739002228,0.450055330991745,-0.8776386380195618,93.70648956298828,190.32069396972656,161.50491333007812,92.95921325683594,193.06004333496094,176.15359497070312,0.050081055611371994,-0.18358604609966278,-0.981727123260498,1113,51.15785598754883,14.559525489807129,110.236572265625,226.24502563476562,215.55184936523438,120.9522933959961,232.80319213867188,163.6786346435547,-0.20077082514762878,-0.12287446111440659,0.9719017148017883,120.9522933959961,232.80319213867188,163.6786346435547,114.466552734375,200.65911865234375,150.1400604248047,0.18281669914722443,0.9060604572296143,0.38161832094192505,114.466552734375,200.65911865234375,150.1400604248047,107.46490478515625,192.26272583007812,169.2268524169922,0.31831327080726624,0.38172200322151184,-0.8677355647087097,107.46490478515625,192.26272583007812,169.2268524169922,105.21073913574219,195.858642578125,183.44241333007812,0.15194334089756012,-0.2423848658800125,-0.9582081437110901,1114,40.1068115234375,12.93290901184082,120.02171325683594,219.13882446289062,216.4518585205078,136.68797302246094,226.63548278808594,170.5491180419922,-0.33732765913009644,-0.15173351764678955,0.9290785193443298,136.68797302246094,226.63548278808594,170.5491180419922,128.90765380859375,203.27015686035156,157.06593322753906,0.27711525559425354,0.8322136998176575,0.48023688793182373,128.90765380859375,203.27015686035156,157.06593322753906,121.65837097167969,197.42703247070312,169.4954376220703,0.4667864739894867,0.3762429356575012,-0.8003446459770203,121.65837097167969,197.42703247070312,169.4954376220703,118.42125701904297,199.63754272460938,182.6085662841797,0.23651930689811707,-0.1615106463432312,-0.9581090807914734
1,103.23267364501953,225.5978546142578,176.6646270751953,-0.019721172749996185,0.27763602137565613,0.08625064045190811,-0.24593760073184967,0.4254172146320343,-0.8709390759468079,107.48847198486328,209.75881958007812,239.3937225341797,164.06777954101562,111.88922119140625,439.75811767578125,1110,41.38172912597656,16.309661865234375,81.34245300292969,207.6570587158203,220.70944213867188,81.34245300292969,207.6570587158203,220.70944213867188,0.0,0.0,0.0,81.34245300292969,207.6570587158203,220.70944213867188,84.14252471923828,201.2899169921875,178.74937438964844,-0.0658334270119667,0.14970001578330994,0.9865372776985168,84.14252471923828,201.2899169921875,178.74937438964844,97.02920532226562,193.7232666015625,156.1747283935547,-0.4760013520717621,0.27949291467666626,0.8338502645492554,97.02920532226562,193.7232666015625,156.1747283935547,112.36873626708984,187.10423278808594,148.03732299804688,-0.8254575729370117,0.3561863601207733,0.4378936290740967,1111,46.694664001464844,15.578988075256348,89.2610855102539,225.87811279296875,217.07388305664062,83.77814483642578,234.0599365234375,155.1669158935547,0.08746738731861115,-0.13052169978618622,0.9875796437263489,83.77814483642578,234.0599365234375,155.1669158935547,88.09931945800781,231.56658935546875,121.42044830322266,-0.1266714632511139,0.07309029996395111,0.9892482757568359,88.09931945800781,231.56658935546875,121.42044830322266,90.36601257324219,226.5034942626953,103.04773712158203,-0.11810670793056488,0.2638140618801117,0.9573155045509338,90.36601257324219,226.5034942626953,103.04773712158203,91.8614730834961,221.3251953125,90.59799194335938,-0.1102326363325119,0.38170018792152405,0.9176893830299377,1112,53.2048225402832,15.300636291503906,99.56475830078125,227.4381103515625,215.85923767089844,102.5185775756836,235.08518981933594,156.9808349609375,-0.04968881979584694,-0.12863832712173462,0.9904459714889526,102.5185775756836,235.08518981933594,156.9808349609375,97.1567153930664,200.4031982421875,141.7105255126953,0.14009755849838257,0.9061893224716187,0.3989906907081604,97.1567153930664,200.4031982421875,141.7105255126953,93.47491455078125,190.26234436035156,161.54556274414062,0.1630614548921585,0.4491232633590698,-0.8784641623497009,93.47491455078125,190.26234436035156,161.54556274414062,92.73213195800781,193.01698303222656,176.1916046142578,0.049779895693063736,-0.18461070954799652,-0.9815502166748047,1113,51.15785598754883,14.559525489807129,109.9747543334961,226.38711547851562,215.5392303466797,120.61725616455078,232.8203582763672,163.63531494140625,-0.19939899444580078,-0.12053389102220535,0.9724770188331604,120.61725616455078,232.8203582763672,163.63531494140625,114.20305633544922,200.63267517089844,150.16644287109375,0.18080011010169983,0.9072896242141724,0.37965354323387146,114.20305633544922,200.63267517089844,150.16644287109375,107.24077606201172,192.26522827148438,169.2803192138672,0.31652361154556274,0.3804061710834503,-0.8689671754837036,107.24077606201172,192.26522827148438,169.2803192138672,104.99095916748047,195.888427734375,183.48965454101562,0.151650071144104,-0.24422362446784973,-0.9577875733375549,1114,40.1068115234375,12.93290901184082,119.77771759033203,219.30673217773438,216.44886779785156,136.37513732910156,226.7098388671875,170.50601196289062,-0.33593428134918213,-0.14983999729156494,0.9298903346061707,136.37513732910156,226.7098388671875,170.50601196289062,128.63880920410156,203.2996368408203,157.07550048828125,0.2755486071109772,0.8338127136230469,0.4783611595630646,128.63880920410156,203.2996368408203,157.07550048828125,121.43482208251953,197.4634246826172,169.5345458984375,0.4638700783252716,0.3757980167865753,-0.802247166633606,121.43482208251953,197.4634246826172,169.5345458984375,118.22268676757812,199.6953125,182.6501922607422,0.23469430208206177,-0.1630726307630539,-0.9582931995391846
1,102.9112548828125,225.59500122070312,176.65402221679688,-0.020582886412739754,0.27517077326774597,0.08568479865789413,-0.24584627151489258,0.4297496974468231,-0.8688353300094604,107.19676971435547,209.8429412841797,239.39517211914062,163.7550811767578,110.97663879394531,439.27557373046875,1110,41.38172912597656,16.309661865234375,81.03971099853516,207.7745819091797,220.75694274902344,81.03971099853516,207.7745819091797,220.75694274902344,0.0,0.0,0.0,81.03971099853516,207.7745819091797,220.75694274902344,83.75111389160156,201.2990264892578,178.80763244628906,-0.06374868750572205,0.15224891901016235,0.986284077167511,83.75111389160156,201.2990264892578,178.80763244628906,96.62012481689453,193.65911865234375,156.24758911132812,-0.4753487706184387,0.2821989059448242,0.8333110213279724,96.62012481689453,193.65911865234375,156.24758911132812,111.96892547607422,187.00816345214844,148.15383911132812,-0.8259571194648743,0.35790443420410156,0.43554478883743286,1111,46.694664001464844,15.578988075256348,88.96810913085938,225.98150634765625,217.0722198486328,83.44742584228516,234.01873779296875,155.14967346191406,0.08806949108839035,-0.12821508944034576,0.987828254699707,83.44742584228516,234.01873779296875,155.14967346191406,87.73780822753906,231.46319580078125,121.4039306640625,-0.12576882541179657,0.07491348683834076,0.9892270565032959,87.73780822753906,231.46319580078125,121.4039306640625,89.9854965209961,226.36415100097656,103.03882598876953,-0.11711645126342773,0.2656871974468231,0.9569190740585327,89.9854965209961,226.36415100097656,103.03882598876953,91.46736907958984,221.16567993164062,90.59586334228516,-0.10923103988170624,0.38318705558776855,0.917189359664917,1112,53.2048225402832,15.300636291503906,99.27198791503906,227.53160095214844,215.84666442871094,102.18981170654297,235.03564453125,156.94805908203125,-0.04908330366015434,-0.12623217701911926,0.9907857179641724,102.18981170654297,235.03564453125,156.94805908203125,96.80278015136719,200.3428955078125,141.7110595703125,0.14075516164302826,0.9064702391624451,0.398120254278183,96.80278015136719,200.3428955078125,141.7110595703125,93.12472534179688,190.22988891601562,161.56100463867188,0.16289553046226501,0.44788989424705505,-0.8791243433952332,93.12472534179688,190.22988891601562,161.56100463867188,92.39045715332031,193.00291442871094,176.20399475097656,0.04920930787920952,-0.1858430802822113,-0.9813463687896729,1113,51.15785598754883,14.559525489807129,109.68104553222656,226.47280883789062,215.52191162109375,120.29161071777344,232.77450561523438,163.59532165527344,-0.19880062341690063,-0.11806923151016235,0.9729018807411194,120.29161071777344,232.77450561523438,163.59532165527344,113.85729217529297,200.57040405273438,150.17539978027344,0.18136724829673767,0.9077525734901428,0.3782738149166107,113.85729217529297,200.57040405273438,150.17539978027344,106.901123046875,192.2445831298828,169.30967712402344,0.3162456750869751,0.3785136342048645,-0.8698943853378296,106.901123046875,192.2445831298828,169.30967712402344,104.6620864868164,195.89869689941406,183.51278686523438,0.15092350542545319,-0.2463075816631317,-0.9573685526847839,1114,40.1068115234375,12.93290901184082,119.47985076904297,219.3879852294922,216.44166564941406,136.05015563964844,226.66978454589844,170.4696502685547,-0.3353855311870575,-0.14738474786281586,0.9304806590080261,136.05015563964844,226.66978454589844,170.4696502685547,128.29730224609375,203.24298095703125,157.07765197753906,0.276137113571167,0.8344037532806396,0.4769892692565918,128.29730224609375,203.24298095703125,157.07765197753906,121.10423278808594,197.43382263183594,169.55563354492188,0.46316707134246826,0.37405601143836975,-0.8034664988517761,121.10423278808594,197.43382263183594,169.55563354492188,117.90984344482422,199.69725036621094,182.67019653320312,0.23339790105819702,-0.16537724435329437,-0.9582149386405945
1,102.57329559326172,225.570068359375,176.59075927734375,-0.01836811751127243,0.27455493807792664,0.0841299518942833,-0.24588580429553986,0.43331292271614075,-0.8670524954795837,106.93441772460938,209.83209228515625,239.32443237304688,163.50181579589844,110.14604187011719,438.7947082519531,1110,41.38172912597656,16.309661865234375,80.78295135498047,207.73101806640625,220.726318359375,80.78295135498047,207.73101806640625,220.726318359375,0.0,0.0,0.0,80.78295135498047,207.73101806640625,220.726318359375,83.43154907226562,201.21206665039062,178.7797393798828,-0.0622720904648304,0.15326930582523346,0.9862204194068909,83.43154907226562,201.21206665039062,178.7797393798828,96.30386352539062,193.5727996826172,156.2213592529297,-0.4754706919193268,0.2821751832962036,0.8332494497299194,96.30386352539062,193.5727996826172,156.2213592529297,111.6782455444336,186.95150756835938,148.15185546875,-0.8273333311080933,0.3563080132007599,0.43423983454704285,1111,46.694664001464844,15.578988075256348,88.66355895996094,225.9543914794922,217.02049255371094,83.07063293457031,233.92906188964844,155.09634399414062,0.08922195434570312,-0.12721706926822662,0.9878538250923157,83.07063293457031,233.92906188964844,155.09634399414062,87.33158874511719,231.35256958007812,121.34846496582031,-0.12490620464086533,0.0755276307463646,0.9892896413803101,87.33158874511719,231.35256958007812,121.34846496582031,89.57174682617188,226.2302703857422,102.98890686035156,-0.11672405153512955,0.2668988108634949,0.9566298127174377,89.57174682617188,226.2302703857422,102.98890686035156,91.05265045166016,221.015869140625,90.55250549316406,-0.1091596856713295,0.38436153531074524,0.9167062640190125,1112,53.2048225402832,15.300636291503906,98.96255493164062,227.52877807617188,215.7849578857422,101.8119888305664,234.9933319091797,156.87799072265625,-0.047932859510183334,-0.12556789815425873,0.9909265041351318,101.8119888305664,234.9933319091797,156.87799072265625,96.50593566894531,200.29762268066406,141.61932373046875,0.13863930106163025,0.9065474271774292,0.39868634939193726,96.50593566894531,200.29762268066406,141.61932373046875,92.86717224121094,190.17498779296875,161.4716033935547,0.16115537285804749,0.4483163356781006,-0.8792276978492737,92.86717224121094,190.17498779296875,161.4716033935547,92.13617706298828,192.9463653564453,176.1150665283203,0.04898996651172638,-0.1857326775789261,-0.9813782572746277,1113,51.15785598754883,14.559525489807129,109.3739013671875,226.4952392578125,215.45217895507812,119.9249038696289,232.78182983398438,163.51162719726562,-0.1976846605539322,-0.11778619885444641,0.9731634855270386,119.9249038696289,232.78182983398438,163.51162719726562,113.57020568847656,200.56394958496094,150.08682250976562,0.1791229099035263,0.9081407785415649,0.3784113824367523,113.57020568847656,200.56394958496094,150.08682250976562,106.64982604980469,192.23126220703125,169.23109436035156,0.31461846828460693,0.3788256347179413,-0.8703483939170837,106.64982604980469,192.23126220703125,169.23109436035156,104.41307830810547,195.88873291015625,183.43370056152344,0.15076924860477448,-0.24653388559818268,-0.9573346972465515,1114,40.1068115234375,12.93290901184082,119.19082641601562,219.4351806640625,216.3691864013672,135.70420837402344,226.72119140625,170.3773651123047,-0.33423343300819397,-0.14746999740600586,0.9308816194534302,135.70420837402344,226.72119140625,170.3773651123047,128.00363159179688,203.2792205810547,156.9817352294922,0.2742750942707062,0.8349437713623047,0.47711849212646484,128.00363159179688,203.2792205810547,156.9817352294922,120.85277557373047,197.4504852294922,169.474853515625,0.46044859290122986,0.375316321849823,-0.8044406175613403,120.85277557373047,197.4504852294922,169.474853515625,117.68082427978516,199.71038818359375,182.59547424316406,0.23175837099552155,-0.16511963307857513,-0.9586571455001831
1,102.28873443603516,225.53665161132812,176.62152099609375,-0.01502017118036747,0.273255318403244,0.08240023255348206,-0.24605421721935272,0.43697547912597656,-0.865164577960968,106.73137664794922,209.85592651367188,239.35658264160156,163.33750915527344,109.3272933959961,438.39251708984375,1110,41.38172912597656,16.309661865234375,80.59271240234375,207.68942260742188,220.80023193359375,80.59271240234375,207.68942260742188,220.80023193359375,0.0,0.0,0.0,80.59271240234375,207.68942260742188,220.80023193359375,83.16497802734375,201.10679626464844,178.8588409423828,-0.06047740951180458,0.15476636588573456,0.9860982894897461,83.16497802734375,201.10679626464844,178.8588409423828,96.03269958496094,193.47019958496094,156.29693603515625,-0.475301057100296,0.28207653760910034,0.8333796262741089,96.03269958496094,193.47019958496094,156.29693603515625,111.43151092529297,186.89024353027344,148.24021911621094,-0.8286480903625488,0.35408368706703186,0.4335518479347229,1111,46.694664001464844,15.578988075256348,88.40614318847656,225.93478393554688,217.06045532226562,82.74148559570312,233.7930450439453,155.1279296875,0.09036623686552048,-0.12536001205444336,0.987987220287323,82.74148559570312,233.7930450439453,155.1279296875,86.98802185058594,231.20660400390625,121.3790054321289,-0.12448354810476303,0.07581929117441177,0.9893206357955933,86.98802185058594,231.20660400390625,121.3790054321289,89.23352813720703,226.07174682617188,103.02361297607422,-0.11700274795293808,0.2675532102584839,0.9564129710197449,89.23352813720703,226.07174682617188,103.02361297607422,90.72454071044922,220.85150146484375,90.59086608886719,-0.10990478098392487,0.38479214906692505,0.916436493396759,1112,53.2048225402832,15.300636291503906,98.6986312866211,227.54367065429688,215.81517028808594,101.48020935058594,234.92640686035156,156.89463806152344,-0.046791382133960724,-0.1241915300488472,0.9911543130874634,101.48020935058594,234.92640686035156,156.89463806152344,96.2975082397461,200.2168731689453,141.6250457763672,0.13541634380817413,0.9069089889526367,0.39897194504737854,96.2975082397461,200.2168731689453,141.6250457763672,92.70475006103516,190.08538818359375,161.48118591308594,0.1591179072856903,0.44870835542678833,-0.8793988227844238,92.70475006103516,190.08538818359375,161.48118591308594,91.97126007080078,192.8622589111328,176.1234893798828,0.04915715008974075,-0.1861007660627365,-0.9813002347946167,1113,51.15785598754883,14.559525489807129,109.11333465576172,226.54647827148438,215.47662353515625,119.60549926757812,232.78936767578125,163.51889038085938,-0.19658230245113373,-0.11696743220090866,0.9734855890274048,119.60549926757812,232.78936767578125,163.51889038085938,113.37157440185547,200.54518127441406,150.10061645507812,0.17571862041950226,0.9088823199272156,0.3782272934913635,113.37157440185547,200.54518127441406,150.10061645507812,106.49185180664062,192.20445251464844,169.2560272216797,0.3127702474594116,0.37919139862060547,-0.8708552122116089,106.49185180664062,192.20445251464844,169.2560272216797,104.24971008300781,195.868896484375,183.4559783935547,0.15113288164138794,-0.24700400233268738,-0.9571560621261597,1114,40.1068115234375,12.93290901184082,118.9558334350586,219.52264404296875,216.39767456054688,135.41098022460938,226.7953338623047,170.38287353515625,-0.33305472135543823,-0.14720036089420319,0.9313466548919678,135.41098022460938,226.7953338623047,170.38287353515625,127.79166412353516,203.32290649414062,156.99411010742188,0.27138078212738037,0.8360285758972168,0.4768739342689514,127.79166412353516,203.32290649414062,156.99411010742188,120.68961334228516,197.4696044921875,169.50357055664062,0.45730605721473694,0.37689822912216187,-0.8054929375648499,120.68961334228516,197.4696044921875,169.50357055664062,117.53709411621094,199.72781372070312,182.62916564941406,0.23033857345581055,-0.16499587893486023,-0.9590206146240234
1,102.01180267333984,225.52687072753906,176.6273193359375,-0.015409169718623161,0.27466994524002075,0.08146271854639053,-0.2466459572315216,0.4398747980594635,-0.8635252714157104,106.51348114013672,209.7394256591797,239.32928466796875,163.25575256347656,108.54378509521484,437.98809814453125,1110,41.38172912597656,16.309661865234375,80.35810089111328,207.6180419921875,220.80186462402344,80.35810089111328,207.6180419921875,220.80186462402344,0.0,0.0,0.0,80.35810089111328,207.6180419921875,220.80186462402344,82.89956665039062,201.09637451171875,178.8490753173828,-0.05975326895713806,0.1533331423997879,0.986366331577301,82.89956665039062,201.09637451171875,178.8490753173828,95.76300811767578,193.48773193359375,156.27528381347656,-0.4751428961753845,0.2810439467430115,0.8338186144828796,95.76300811767578,193.48773193359375,156.27528381347656,111.16561126708984,186.91673278808594,148.218505859375,-0.828852117061615,0.35360169410705566,0.43355512619018555,1111,46.694664001464844,15.578988075256348,88.16964721679688,225.8679962158203,217.08062744140625,82.4439468383789,233.8162384033203,155.1652069091797,0.09134004265069962,-0.1267954558134079,0.9877144694328308,82.4439468383789,233.8162384033203,155.1652069091797,86.66093444824219,231.27047729492188,121.40947723388672,-0.12361731380224228,0.07462676614522934,0.9895197749137878,86.66093444824219,231.27047729492188,121.40947723388672,88.88842010498047,226.13072204589844,103.05325317382812,-0.11606372892856598,0.26780828833580017,0.9564558863639832,88.88842010498047,226.13072204589844,103.05325317382812,90.3663330078125,220.90274047851562,90.6221923828125,-0.10893918573856354,0.3853623867034912,0.9163122177124023,1112,53.2048225402832,15.300636291503906,98.46105194091797,227.4776611328125,215.82737731933594,101.18453216552734,234.94515991210938,156.91482543945312,-0.04581408202648163,-0.12561744451522827,0.9910204410552979,101.18453216552734,234.94515991210938,156.91482543945312,95.99459838867188,200.28793334960938,141.5293426513672,0.1356053501367569,0.9055423736572266,0.4020000696182251,95.99459838867188,200.28793334960938,141.5293426513672,92.41679382324219,190.10101318359375,161.35980224609375,0.15845562517642975,0.45116350054740906,-0.8782615065574646,92.41679382324219,190.10101318359375,161.35980224609375,91.6921615600586,192.8268585205078,176.0121307373047,0.04856352135539055,-0.1826811283826828,-0.9819720983505249,1113,51.15785598754883,14.559525489807129,108.87531280517578,226.4799041748047,215.4770050048828,119.31621551513672,232.7967529296875,163.5178680419922,-0.1956217736005783,-0.11835309863090515,0.9735114574432373,119.31621551513672,232.7967529296875,163.5178680419922,113.08020782470703,200.58804321289062,150.015625,0.17577733099460602,0.9078822731971741,0.3805941641330719,113.08020782470703,200.58804321289062,150.015625,106.21717834472656,192.21128845214844,169.16131591796875,0.31201112270355225,0.38082900643348694,-0.8704127669334412,106.21717834472656,192.21128845214844,169.16131591796875,103.9848403930664,195.84136962890625,183.37164306640625,0.15047197043895721,-0.24468763172626495,-0.9578549265861511,1114,40.1068115234375,12.93290901184082,118.71800994873047,219.45376586914062,216.37806701660156,135.1279296875,226.79122924804688,170.35740661621094,-0.33213937282562256,-0.14851140975952148,0.9314654469490051,135.1279296875,226.79122924804688,170.35740661621094,127.49788665771484,203.35440063476562,156.9125213623047,0.2717629075050354,0.834760844707489,0.47887295484542847,127.49788665771484,203.35440063476562,156.9125213623047,120.42784881591797,197.46946716308594,169.42526245117188,0.4552449882030487,0.37893521785736084,-0.805704653263092,120.42784881591797,197.46946716308594,169.42526245117188,117.30467224121094,199.695068359375,182.56344604492188,0.2281944900751114,-0.16261325776576996,-0.95993971824646
1,101.77499389648438,225.5008544921875,176.63868713378906,-0.016979128122329712,0.27308738231658936,0.08141285181045532,-0.24723917245864868,0.44263577461242676,-0.8619433641433716,106.28886413574219,209.76234436035156,239.3468780517578,163.16761779785156,107.93151092529297,437.6417541503906,1110,41.38172912597656,16.309661865234375,80.11396789550781,207.68826293945312,220.84854125976562,80.11396789550781,207.68826293945312,220.84854125976562,0.0,0.0,0.0,80.11396789550781,207.68826293945312,220.84854125976562,82.56769561767578,201.10398864746094,178.90029907226562,-0.057690415531396866,0.15480507910251617,0.9862591624259949,82.56769561767578,201.10398864746094,178.90029907226562,95.39098358154297,193.44192504882812,156.32174682617188,-0.4736599624156952,0.2830173373222351,0.8339948654174805,95.39098358154297,193.44192504882812,156.32174682617188,110.78226470947266,186.8365936279297,148.2714080810547,-0.828242838382721,0.35544919967651367,0.4332086145877838,1111,46.694664001464844,15.578988075256348,87.95051574707031,225.9213409423828,217.09730529785156,82.21012878417969,233.78732299804688,155.1727294921875,0.09157432615756989,-0.1254831701517105,0.9878604412078857,82.21012878417969,233.78732299804688,155.1727294921875,86.39627838134766,231.2045440673828,121.41597747802734,-0.1227133572101593,0.0757119357585907,0.989549994468689,86.39627838134766,231.2045440673828,121.41597747802734,88.60092163085938,226.0250244140625,103.06817626953125,-0.11487352102994919,0.2698802649974823,0.9560170769691467,88.60092163085938,226.0250244140625,103.06817626953125,90.06047821044922,220.7656707763672,90.64818572998047,-0.10758611559867859,0.38767486810684204,0.9154962301254272,1112,53.2048225402832,15.300636291503906,98.24372100830078,227.51417541503906,215.8373565673828,100.95308685302734,234.89149475097656,156.9127960205078,-0.04557665064930916,-0.1241004467010498,0.9912224411964417,100.95308685302734,234.89149475097656,156.9127960205078,95.71640014648438,200.24574279785156,141.5172882080078,0.13682688772678375,0.9052423238754272,0.402261883020401,95.71640014648438,200.24574279785156,141.5172882080078,92.1273422241211,190.05935668945312,161.3459930419922,0.15895399451255798,0.45113977789878845,-0.8781836032867432,92.1273422241211,190.05935668945312,161.3459930419922,91.40641021728516,192.77581787109375,176.000244140625,0.048315539956092834,-0.18205223977565765,-0.9821010231971741,1113,51.15785598754883,14.559525489807129,108.65636444091797,226.500732421875,215.48403930664062,119.08441925048828,232.72633361816406,163.51132202148438,-0.19538109004497528,-0.1166434958577156,0.9737660884857178,119.08441925048828,232.72633361816406,163.51132202148438,112.8064193725586,200.51828002929688,150.0269775390625,0.1769609898328781,0.9078637957572937,0.380089670419693,112.8064193725586,200.51828002929688,150.0269775390625,105.93767547607422,192.17022705078125,169.1831512451172,0.3122709095478058,0.3795241415500641,-0.8708893656730652,105.93767547607422,192.17022705078125,169.1831512451172,103.71420288085938,195.81710815429688,183.39056396484375,0.14987443387508392,-0.245820090174675,-0.9576587080955505,1114,40.1068115234375,12.93290901184082,118.48919677734375,219.46157836914062,216.3912353515625,134.89027404785156,226.70777893066406,170.35296630859375,-0.33196038007736206,-0.14666424691677094,0.9318218231201172,134.89027404785156,226.70777893066406,170.35296630859375,127.22760009765625,203.27024841308594,156.9278564453125,0.27292507886886597,0.8347855806350708,0.47816845774650574,127.22760009765625,203.27024841308594,156.9278564453125,120.15694427490234,197.40652465820312,169.4501953125,0.4552849233150482,0.37756964564323425,-0.8063229918479919,120.15694427490234,197.40652465820312,169.4501953125,117.04485321044922,199.65130615234375,182.58773803710938,0.22738467156887054,-0.1640147715806961,-0.9598934650421143
1,101.60462951660156,225.47377014160156,176.66586303710938,-0.014447762630879879,0.27209314703941345,0.08105738461017609,-0.2477782517671585,0.4447021484375,-0.8607240915298462,106.13302612304688,209.78466796875,239.38038635253906,163.1357879638672,107.47846984863281,437.3947448730469,1110,41.38172912597656,16.309661865234375,79.97157287597656,207.66099548339844,220.88934326171875,79.97157287597656,207.66099548339844,220.88934326171875,0.0,0.0,0.0,79.97157287597656,207.66099548339844,220.88934326171875,82.35980224609375,201.04298400878906,178.942626953125,-0.05615046247839928,0.15559828281402588,0.9862232804298401,82.35980224609375,201.04298400878906,178.942626953125,95.15283203125,193.3917694091797,156.34323120117188,-0.4725421369075775,0.2826164960861206,0.8347644805908203,95.15283203125,193.3917694091797,156.34323120117188,110.54402923583984,186.81594848632812,148.26861572265625,-0.8282384872436523,0.3538612425327301,0.4345150887966156,1111,46.694664001464844,15.578988075256348,87.7651138305664,225.90859985351562,217.1191864013672,82.02714538574219,233.687255859375,155.18336486816406,0.09153575450181961,-0.12409010529518127,0.9880399107933044,82.02714538574219,233.687255859375,155.18336486816406,86.20860290527344,231.1011199951172,121.42628479003906,-0.1225757971405983,0.07581032812595367,0.989559531211853,86.20860290527344,231.1011199951172,121.42628479003906,88.42015838623047,225.9119110107422,103.08206176757812,-0.11523373425006866,0.2703852355480194,0.9558310508728027,88.42015838623047,225.9119110107422,103.08206176757812,89.88897705078125,220.64720153808594,90.6654281616211,-0.10826881229877472,0.38806959986686707,0.9152485728263855,1112,53.2048225402832,15.300636291503906,98.05486297607422,227.52493286132812,215.86090087890625,100.76676177978516,234.83901977539062,156.92857360839844,-0.045619260519742966,-0.12303675711154938,0.9913530945777893,100.76676177978516,234.83901977539062,156.92857360839844,95.62840270996094,200.1851806640625,141.51812744140625,0.1342577189207077,0.9054535627365112,0.40265217423439026,95.62840270996094,200.1851806640625,141.51812744140625,92.05366516113281,189.98828125,161.34400939941406,0.15831980109214783,0.45160549879074097,-0.8780587911605835,92.05366516113281,189.98828125,161.34400939941406,91.31768798828125,192.70362854003906,175.9977264404297,0.04932381957769394,-0.1819775104522705,-0.9820647835731506,1113,51.15785598754883,14.559525489807129,108.47005462646484,226.53636169433594,215.51235961914062,118.90100860595703,232.7257080078125,163.53590393066406,-0.19543544948101044,-0.11596424132585526,0.973836362361908,118.90100860595703,232.7257080078125,163.53590393066406,112.71772766113281,200.49903869628906,150.05230712890625,0.17429117858409882,0.9083889722824097,0.38006874918937683,112.71772766113281,200.49903869628906,150.05230712890625,105.8606185913086,192.1454315185547,169.210205078125,0.31174227595329285,0.3797770142555237,-0.8709685802459717,105.8606185913086,192.1454315185547,169.210205078125,103.6219711303711,195.79959106445312,183.41336059570312,0.1508973389863968,-0.246310755610466,-0.9573719501495361,1114,40.1068115234375,12.93290901184082,118.31964111328125,219.52220153808594,216.43128967285156,134.71905517578125,226.75369262695312,170.39012145996094,-0.33192676305770874,-0.14636653661727905,0.9318805932998657,134.71905517578125,226.75369262695312,170.39012145996094,127.12860107421875,203.29052734375,156.96876525878906,0.2703527808189392,0.8356986045837402,0.47803476452827454,127.12860107421875,203.29052734375,156.96876525878906,120.06697082519531,197.41624450683594,169.4912567138672,0.45470359921455383,0.3782494366168976,-0.806332528591156,120.06697082519531,197.41624450683594,169.4912567138672,116.9453353881836,199.66697692871094,182.62550354003906,0.22808223962783813,-0.16444972157478333,-0.9596534967422485
1,101.48006439208984,225.48397827148438,176.69737243652344,-0.014747214503586292,0.27273088693618774,0.08139394223690033,-0.24845777451992035,0.44575339555740356,-0.8599840998649597,105.99874877929688,209.74737548828125,239.39984130859375,163.1578369140625,107.1993179321289,437.2439880371094,1110,41.38172912597656,16.309661865234375,79.83079528808594,207.6497802734375,220.90426635742188,79.83079528808594,207.6497802734375,220.90426635742188,0.0,0.0,0.0,79.83079528808594,207.6497802734375,220.90426635742188,82.14973449707031,201.06166076660156,178.94895935058594,-0.0545213557779789,0.15489548444747925,0.9864252805709839,82.14973449707031,201.06166076660156,178.94895935058594,94.90581512451172,193.4224853515625,156.3246307373047,-0.4711775481700897,0.28217193484306335,0.8356858491897583,94.90581512451172,193.4224853515625,156.3246307373047,110.28205108642578,186.84771728515625,148.22068786621094,-0.8274329304695129,0.3538043797016144,0.4360930323600769,1111,46.694664001464844,15.578988075256348,87.63172149658203,225.89707946777344,217.14788818359375,81.9103012084961,233.7186737060547,155.21595764160156,0.0912717878818512,-0.12477511167526245,0.9879781007766724,81.9103012084961,233.7186737060547,155.21595764160156,86.07595825195312,231.1733856201172,121.45381164550781,-0.12211259454488754,0.07461289316415787,0.9897077679634094,86.07595825195312,231.1733856201172,121.45381164550781,88.27681732177734,225.97972106933594,103.10955810546875,-0.11467637121677399,0.2706173360347748,0.9558324217796326,88.27681732177734,225.97972106933594,103.10955810546875,89.73751831054688,220.70895385742188,90.69454193115234,-0.10767047107219696,0.3885161876678467,0.915129542350769,1112,53.2048225402832,15.300636291503906,97.92232513427734,227.5105438232422,215.89295959472656,100.64994049072266,234.862548828125,156.96607971191406,-0.04588364437222481,-0.12367461621761322,0.9912614226341248,100.64994049072266,234.862548828125,156.96607971191406,95.51225280761719,200.24575805664062,141.47239685058594,0.13424022495746613,0.904485821723938,0.40482714772224426,95.51225280761719,200.24575805664062,141.47239685058594,91.92513275146484,190.00633239746094,161.2741241455078,0.15886811912059784,0.45348864793777466,-0.8769885301589966,91.92513275146484,190.00633239746094,161.2741241455078,91.181396484375,192.6850128173828,175.93418884277344,0.04984384775161743,-0.17952026426792145,-0.9824907779693604,1113,51.15785598754883,14.559525489807129,108.33724212646484,226.51846313476562,215.54608154296875,118.7819595336914,232.73837280273438,163.57603454589844,-0.19569332897663116,-0.11653688549995422,0.9737162590026855,118.7819595336914,232.73837280273438,163.57603454589844,112.60345458984375,200.53700256347656,150.02993774414062,0.17415650188922882,0.907675564289093,0.3818303942680359,112.60345458984375,200.53700256347656,150.02993774414062,105.73643493652344,192.1579132080078,169.1731719970703,0.31219255924224854,0.3809351921081543,-0.8703012466430664,105.73643493652344,192.1579132080078,169.1731719970703,103.49176788330078,195.7910919189453,183.38076782226562,0.1513030081987381,-0.24489638209342957,-0.9576707482337952,1114,40.1068115234375,12.93290901184082,118.1841049194336,219.5001678466797,216.4625701904297,134.59634399414062,226.7561492919922,170.4298095703125,-0.3321862518787384,-0.1468621790409088,0.9317101836204529,134.59634399414062,226.7561492919922,170.4298095703125,127.01431274414062,203.3141632080078,156.96673583984375,0.2700527310371399,0.8349440693855286,0.4795205295085907,127.01431274414062,203.3141632080078,156.96673583984375,119.94303894042969,197.42471313476562,169.47666931152344,0.4553242027759552,0.3792257606983185,-0.8055232167243958,119.94303894042969,197.42471313476562,169.47666931152344,116.81414031982422,199.6615447998047,182.611572265625,0.2286127656698227,-0.1634339541196823,-0.9597007632255554
1,101.341552734375,225.4521026611328,176.7650604248047,-0.013193528167903423,0.2720547914505005,0.08043620735406876,-0.24945789575576782,0.44667038321495056,-0.859218418598175,105.9150390625,209.75323486328125,239.4702606201172,163.30421447753906,106.99422454833984,437.13824462890625,1110,41.38172912597656,16.309661865234375,79.74320983886719,207.6165771484375,220.99632263183594,79.74320983886719,207.6165771484375,220.99632263183594,0.0,0.0,0.0,79.74320983886719,207.6165771484375,220.99632263183594,81.98970031738281,201.00491333007812,179.040771484375,-0.05281797796487808,0.1554490029811859,0.986430823802948,81.98970031738281,201.00491333007812,179.040771484375,94.71251678466797,193.3726043701172,156.39540100097656,-0.46994876861572266,0.2819182574748993,0.8364629149436951,94.71251678466797,193.3726043701172,156.39540100097656,110.08162689208984,186.8184814453125,148.26129150390625,-0.8270498514175415,0.3526935577392578,0.437716543674469,1111,46.694664001464844,15.578988075256348,87.51164245605469,225.8739776611328,217.22178649902344,81.7478256225586,233.63681030273438,155.28639221191406,0.09194811433553696,-0.12383769452571869,0.9880332350730896,81.7478256225586,233.63681030273438,155.28639221191406,85.88311004638672,231.08851623535156,121.52074432373047,-0.12122225761413574,0.07470101863145828,0.9898105263710022,85.88311004638672,231.08851623535156,121.52074432373047,88.07410430908203,225.88746643066406,103.17740631103516,-0.1141623854637146,0.2710022032260895,0.9557849168777466,88.07410430908203,225.88746643066406,103.17740631103516,89.53160095214844,220.61697387695312,90.76189422607422,-0.10743426531553268,0.38849592208862305,0.9151660203933716,1112,53.2048225402832,15.300636291503906,97.79891967773438,227.50376892089844,215.96070861816406,100.486328125,234.81361389160156,157.0267333984375,-0.04520728811621666,-0.12296540290117264,0.9913808107376099,100.486328125,234.81361389160156,157.0267333984375,95.4052963256836,200.1907501220703,141.52793884277344,0.13275988399982452,0.9046444892883301,0.4049606919288635,95.4052963256836,200.1907501220703,141.52793884277344,91.8431396484375,189.94931030273438,161.3331298828125,0.1577625274658203,0.4535778760910034,-0.8771419525146484,91.8431396484375,189.94931030273438,161.3331298828125,91.10010528564453,192.6297607421875,175.992919921875,0.04979676008224487,-0.17963872849941254,-0.9824714660644531,1113,51.15785598754883,14.559525489807129,108.21532440185547,226.52894592285156,215.6096954345703,118.6250228881836,232.72520446777344,163.62979125976562,-0.19503717124462128,-0.11609373241662979,0.9739007949829102,118.6250228881836,232.72520446777344,163.62979125976562,112.50250244140625,200.51144409179688,150.08770751953125,0.17257840931415558,0.9080246686935425,0.38171717524528503,112.50250244140625,200.51144409179688,150.08770751953125,105.65785217285156,192.13145446777344,169.23855590820312,0.3111756145954132,0.3809761106967926,-0.8706473708152771,105.65785217285156,192.13145446777344,169.23855590820312,103.41378784179688,195.7721405029297,183.44432067871094,0.15126241743564606,-0.2454024851322174,-0.9575475454330444,1114,40.1068115234375,12.93290901184082,118.07441711425781,219.5279541015625,216.52706909179688,134.4526824951172,226.77503967285156,170.48081970214844,-0.3314986824989319,-0.14668215811252594,0.9319833517074585,134.4526824951172,226.77503967285156,170.48081970214844,126.90387725830078,203.32040405273438,157.02113342285156,0.26886942982673645,0.8353950381278992,0.4794001281261444,126.90387725830078,203.32040405273438,157.02113342285156,119.86653900146484,197.41668701171875,169.54345703125,0.45313942432403564,0.38014471530914307,-0.8063216805458069,119.86653900146484,197.41668701171875,169.54345703125,116.75711822509766,199.6514129638672,182.683349609375,0.22718949615955353,-0.16328001022338867,-0.9600648283958435
1,101.2671127319336,225.46041870117188,176.84535217285156,-0.011115919798612595,0.27372846007347107,0.08068598806858063,-0.25060683488845825,0.44713735580444336,-0.8586410284042358,105.83285522460938,209.67796325683594,239.53036499023438,163.48635864257812,106.8115234375,437.0655212402344,1110,41.38172912597656,16.309661865234375,79.66973114013672,207.51727294921875,221.03353881835938,79.66973114013672,207.51727294921875,221.03353881835938,0.0,0.0,0.0,79.66973114013672,207.51727294921875,221.03353881835938,81.90828704833984,200.9720001220703,179.06715393066406,-0.052631426602602005,0.1538880616426468,0.9866855144500732,81.90828704833984,200.9720001220703,179.06715393066406,94.6324691772461,193.3985595703125,156.40280151367188,-0.4699993133544922,0.27974385023117065,0.8371642231941223,94.6324691772461,193.3985595703125,156.40280151367188,110.0062484741211,186.88674926757812,148.24354553222656,-0.8273006081581116,0.3504163920879364,0.4390694797039032,1111,46.694664001464844,15.578988075256348,87.40666198730469,225.794921875,217.29244995117188,81.67386627197266,233.64097595214844,155.36465454101562,0.09145323187112808,-0.12516528367996216,0.9879118800163269,81.67386627197266,233.64097595214844,155.36465454101562,85.81273651123047,231.15682983398438,121.59467315673828,-0.12132740765810013,0.07282059639692307,0.9899378418922424,85.81273651123047,231.15682983398438,121.59467315673828,88.0124282836914,225.97230529785156,103.24769592285156,-0.11461556702852249,0.2701411247253418,0.9559744596481323,88.0124282836914,225.97230529785156,103.24769592285156,89.47944641113281,220.7185516357422,90.82621002197266,-0.10813609510660172,0.3872620165348053,0.9156062602996826,1112,53.2048225402832,15.300636291503906,97.6917953491211,227.44590759277344,216.04144287109375,100.40885162353516,234.8502655029297,157.12062072753906,-0.04570601508021355,-0.12455527484416962,0.9911594390869141,100.40885162353516,234.8502655029297,157.12062072753906,95.4085922241211,200.25302124023438,141.53857421875,0.1306494176387787,0.9039750695228577,0.407135933637619,95.4085922241211,200.25302124023438,141.53857421875,91.85069274902344,189.9720001220703,161.32400512695312,0.15757402777671814,0.455331027507782,-0.8762670755386353,91.85069274902344,189.9720001220703,161.32400512695312,91.09142303466797,192.6266632080078,175.98764038085938,0.050884876400232315,-0.1779106855392456,-0.9827301502227783,1113,51.15785598754883,14.559525489807129,108.11026763916016,226.4911651611328,215.69664001464844,118.54656219482422,232.7858428955078,163.73390197753906,-0.19553549587726593,-0.11793773621320724,0.9735792279243469,118.54656219482422,232.7858428955078,163.73390197753906,112.50091552734375,200.5882110595703,150.11915588378906,0.1704115867614746,0.9075703620910645,0.38376548886299133,112.50091552734375,200.5882110595703,150.11915588378906,105.65778350830078,192.16555786132812,169.25181579589844,0.3111066520214081,0.38291582465171814,-0.8698207139968872,105.65778350830078,192.16555786132812,169.25181579589844,103.39710998535156,195.782470703125,183.46102905273438,0.15238186717033386,-0.2437998652458191,-0.9577793478965759,1114,40.1068115234375,12.93290901184082,117.98180389404297,219.5072784423828,216.61068725585938,134.38031005859375,226.85498046875,170.58758544921875,-0.33190828561782837,-0.14871862530708313,0.9315146803855896,134.38031005859375,226.85498046875,170.58758544921875,126.89057159423828,203.4132537841797,157.07252502441406,0.2667655944824219,0.834935188293457,0.4813723564147949,126.89057159423828,203.4132537841797,157.07252502441406,119.85938262939453,197.47396850585938,169.58148193359375,0.4527433216571808,0.3824348449707031,-0.8054607510566711,119.85938262939453,197.47396850585938,169.58148193359375,116.74150085449219,199.68357849121094,182.72361755371094,0.22780770063400269,-0.16144491732120514,-0.9602287411689758
1,101.24352264404297,225.52989196777344,176.93905639648438,-0.011315347626805305,0.2759142518043518,0.08178117871284485,-0.2513929009437561,0.4478296935558319,-0.8580502271652222,105.7613525390625,209.6191864013672,239.5963897705078,163.59568786621094,106.59346771240234,436.99560546875,1110,41.38172912597656,16.309661865234375,79.59745788574219,207.49935913085938,221.0677947998047,79.59745788574219,207.49935913085938,221.0677947998047,0.0,0.0,0.0,79.59745788574219,207.49935913085938,221.0677947998047,81.816162109375,201.05075073242188,179.0854034423828,-0.052164699882268906,0.15161539614200592,0.9870620965957642,81.816162109375,201.05075073242188,179.0854034423828,94.52906799316406,193.52386474609375,156.3992156982422,-0.4695827066898346,0.27802419662475586,0.8379705548286438,94.52906799316406,193.52386474609375,156.3992156982422,109.89456939697266,187.02418518066406,148.21475219726562,-0.826855480670929,0.34976375102996826,0.44042614102363586,1111,46.694664001464844,15.578988075256348,87.3460693359375,225.7816925048828,217.37405395507812,81.67372131347656,233.76657104492188,155.45843505859375,0.09048893302679062,-0.127379909157753,0.9877176284790039,81.67372131347656,233.76657104492188,155.45843505859375,85.81187438964844,231.35028076171875,121.68343353271484,-0.12130633741617203,0.07083143293857574,0.9900845885276794,85.81187438964844,231.35028076171875,121.68343353271484,88.0086441040039,226.17787170410156,103.33268737792969,-0.11446331441402435,0.26950985193252563,0.9561708569526672,88.0086441040039,226.17787170410156,103.33268737792969,89.47289276123047,220.93402099609375,90.90670013427734,-0.10793201625347137,0.3865323066711426,0.9159386157989502,1112,53.2048225402832,15.300636291503906,97.63308715820312,227.43077087402344,216.1361083984375,100.40762329101562,234.9635009765625,157.2342529296875,-0.046672943979501724,-0.1267147660255432,0.9908406138420105,100.40762329101562,234.9635009765625,157.2342529296875,95.40971374511719,200.4124298095703,141.54933166503906,0.13058802485466003,0.9027686715126038,0.4098239243030548,95.40971374511719,200.4124298095703,141.54933166503906,91.8285140991211,190.08596801757812,161.30686950683594,0.15860600769519806,0.4573436379432678,-0.8750319480895996,91.8285140991211,190.08596801757812,161.30686950683594,91.0557861328125,192.7027130126953,175.97662353515625,0.051786795258522034,-0.17536939680576324,-0.98313969373703,1113,51.15785598754883,14.559525489807129,108.05143737792969,226.47206115722656,215.79876708984375,118.53831481933594,232.87632751464844,163.859619140625,-0.19648325443267822,-0.11999101936817169,0.9731374382972717,118.53831481933594,232.87632751464844,163.859619140625,112.49636840820312,200.71762084960938,150.15151977539062,0.1703072339296341,0.9064728617668152,0.38639673590660095,112.49636840820312,200.71762084960938,150.15151977539062,105.6312484741211,192.25238037109375,169.25747680664062,0.3121064603328705,0.38485217094421387,-0.868607223033905,105.6312484741211,192.25238037109375,169.25747680664062,103.35802459716797,195.83566284179688,183.47320556640625,0.15322786569595337,-0.2415330559015274,-0.9582186937332153,1114,40.1068115234375,12.93290901184082,117.91897583007812,219.48170471191406,216.70651245117188,134.3630828857422,226.9232177734375,170.7147674560547,-0.3328312933444977,-0.15061739087104797,0.930880069732666,134.3630828857422,226.9232177734375,170.7147674560547,126.88328552246094,203.51858520507812,157.13006591796875,0.2664113938808441,0.8336136341094971,0.4838525950908661,126.88328552246094,203.51858520507812,157.13006591796875,119.83269500732422,197.55332946777344,169.61570739746094,0.45399296283721924,0.38410741090774536,-0.8039600849151611,119.83269500732422,197.55332946777344,169.61570739746094,116.69941711425781,199.73580932617188,182.7587127685547,0.22893263399600983,-0.15946267545223236,-0.960292398929596
1,101.18919372558594,225.5314483642578,177.07220458984375,-0.01010668370872736,0.2767036557197571,0.08171819895505905,-0.2522282600402832,0.44858649373054504,-0.8574095368385315,105.71512603759766,209.57749938964844,239.71717834472656,163.74163818359375,106.37767028808594,436.9690246582031,1110,41.38172912597656,16.309661865234375,79.55303955078125,207.44541931152344,221.18310546875,79.55303955078125,207.44541931152344,221.18310546875,0.0,0.0,0.0,79.55303955078125,207.44541931152344,221.18310546875,81.7551040649414,201.02455139160156,179.19558715820312,-0.05177348107099533,0.1509631872177124,0.9871826767921448,81.7551040649414,201.02455139160156,179.19558715820312,94.46019744873047,193.52781677246094,156.4950408935547,-0.46929407119750977,0.2769104540348053,0.8385008573532104,94.46019744873047,193.52781677246094,156.4950408935547,109.82109832763672,187.0526123046875,148.2825927734375,-0.8266080021858215,0.3484467566013336,0.4419321119785309,1111,46.694664001464844,15.578988075256348,87.28166961669922,225.73916625976562,217.50399780273438,81.61519622802734,233.76075744628906,155.59259033203125,0.09039521962404251,-0.12796556949615479,0.987650454044342,81.61519622802734,233.76075744628906,155.59259033203125,85.74140167236328,231.3711395263672,121.8142318725586,-0.12095611542463303,0.07004956901073456,0.9901831746101379,85.74140167236328,231.3711395263672,121.8142318725586,87.93575286865234,226.19903564453125,103.46310424804688,-0.1143372505903244,0.26949384808540344,0.9561904072761536,87.93575286865234,226.19903564453125,103.46310424804688,89.4004135131836,220.95689392089844,91.03644561767578,-0.10796238481998444,0.3864063322544098,0.9159880876541138,1112,53.2048225402832,15.300636291503906,97.56709289550781,227.40084838867188,216.26971435546875,100.3472900390625,234.97784423828125,157.37379455566406,-0.04676816985011101,-0.12745939195156097,0.9907406568527222,100.3472900390625,234.97784423828125,157.37379455566406,95.3975601196289,200.44497680664062,141.6335906982422,0.1293291300535202,0.9022928476333618,0.41126829385757446,95.3975601196289,200.44497680664062,141.6335906982422,91.82191467285156,190.08993530273438,161.37718200683594,0.15835994482040405,0.4586091935634613,-0.8744139075279236,91.82191467285156,190.08993530273438,161.37718200683594,91.04071807861328,192.68572998046875,176.05020141601562,0.052354373037815094,-0.1739654392004013,-0.9833590984344482,1113,51.15785598754883,14.559525489807129,107.98661804199219,226.4542694091797,215.93423461914062,118.47875213623047,232.90673828125,164.00210571289062,-0.19658170640468597,-0.12089412659406662,0.9730057716369629,118.47875213623047,232.90673828125,164.00210571289062,112.48432159423828,200.7588348388672,150.24790954589844,0.16896791756153107,0.906168520450592,0.38769617676734924,112.48432159423828,200.7588348388672,150.24790954589844,105.6229019165039,192.26446533203125,169.34226989746094,0.31193816661834717,0.38617634773254395,-0.8680797815322876,105.6229019165039,192.26446533203125,169.34226989746094,103.34068298339844,195.83084106445312,183.56080627441406,0.15383419394493103,-0.2403934746980667,-0.9584080576896667,1114,40.1068115234375,12.93290901184082,117.86190795898438,219.4745635986328,216.83949279785156,134.3086395263672,226.9669189453125,170.85693359375,-0.3328843414783478,-0.1516464203596115,0.9306939840316772,134.3086395263672,226.9669189453125,170.85693359375,126.86576843261719,203.570068359375,157.23861694335938,0.2650963366031647,0.8333368897438049,0.48505014181137085,126.86576843261719,203.570068359375,157.23861694335938,119.81975555419922,197.5809326171875,169.71542358398438,0.4536978304386139,0.3856447637081146,-0.8033905625343323,119.81975555419922,197.5809326171875,169.71542358398438,116.68132019042969,199.74630737304688,182.86001586914062,0.22930967807769775,-0.1582130342721939,-0.9604092240333557
1,101.16059112548828,225.53753662109375,177.19248962402344,-0.009307047352194786,0.2784961760044098,0.0831117331981659,-0.2533937096595764,0.4489867687225342,-0.8568561673164368,105.62242889404297,209.485107421875,239.81756591796875,163.9170684814453,106.19319152832031,436.9421081542969,1110,41.38172912597656,16.309661865234375,79.46697998046875,207.3668212890625,221.24032592773438,79.46697998046875,207.3668212890625,221.24032592773438,0.0,0.0,0.0,79.46697998046875,207.3668212890625,221.24032592773438,81.72386932373047,200.99827575683594,179.2477569580078,-0.05306249111890793,0.1497330367565155,0.9873015284538269,81.72386932373047,200.99827575683594,179.2477569580078,94.46788024902344,193.53573608398438,156.55776977539062,-0.4707317352294922,0.27564746141433716,0.8381111025810242,94.46788024902344,193.53573608398438,156.55776977539062,109.84416198730469,187.08053588867188,148.35833740234375,-0.8274351954460144,0.34737005829811096,0.4412314295768738,1111,46.694664001464844,15.578988075256348,87.19388580322266,225.66989135742188,217.60418701171875,81.61483001708984,233.79647827148438,155.6985321044922,0.08900067210197449,-0.12964051961898804,0.9875587224960327,81.61483001708984,233.79647827148438,155.6985321044922,85.77555084228516,231.47854614257812,121.91941833496094,-0.12196791917085648,0.06794817000627518,0.9902054071426392,85.77555084228516,231.47854614257812,121.91941833496094,87.98934936523438,226.31930541992188,103.5670166015625,-0.1153506189584732,0.2688237428665161,0.9562572836875916,87.98934936523438,226.31930541992188,103.5670166015625,89.46762084960938,221.08387756347656,91.13912963867188,-0.10896559804677963,0.3859111964702606,0.9160780906677246,1112,53.2048225402832,15.300636291503906,97.48046112060547,227.33766174316406,216.38783264160156,100.34382629394531,235.0177001953125,157.50924682617188,-0.04816720634698868,-0.12919273972511292,0.9904489517211914,100.34382629394531,235.0177001953125,157.50924682617188,95.43545532226562,200.52320861816406,141.67225646972656,0.12824849784374237,0.901290237903595,0.4137972295284271,95.43545532226562,200.52320861816406,141.67225646972656,91.83332824707031,190.1204376220703,161.38592529296875,0.15953275561332703,0.46072298288345337,-0.873088538646698,91.83332824707031,190.1204376220703,161.38592529296875,91.02701568603516,192.67698669433594,176.06446838378906,0.05403762683272362,-0.1713353395462036,-0.9837297201156616,1113,51.15785598754883,14.559525489807129,107.90082550048828,226.3956756591797,216.0659637451172,118.46637725830078,232.94210815429688,164.1604766845703,-0.19795724749565125,-0.12265462428331375,0.9725064635276794,118.46637725830078,232.94210815429688,164.1604766845703,112.51204681396484,200.82391357421875,150.31968688964844,0.16783753037452698,0.9053307175636292,0.39013686776161194,112.51204681396484,200.82391357421875,150.31968688964844,105.62445831298828,192.28456115722656,169.38455200195312,0.31312769651412964,0.3882211744785309,-0.8667383790016174,105.62445831298828,192.28456115722656,169.38455200195312,103.31700134277344,195.816162109375,183.60768127441406,0.155535489320755,-0.23804964125156403,-0.9587184190750122,1114,40.1068115234375,12.93290901184082,117.77749633789062,219.41822814941406,216.97357177734375,134.28854370117188,226.99652099609375,171.02816772460938,-0.3341861665248871,-0.15338583290576935,0.9299421310424805,134.28854370117188,226.99652099609375,171.02816772460938,126.87980651855469,203.62762451171875,157.3433837890625,0.2638804614543915,0.8323408961296082,0.4874173402786255,126.87980651855469,203.62762451171875,157.3433837890625,119.8215560913086,197.6051025390625,169.79718017578125,0.45448586344718933,0.387794554233551,-0.8019089698791504,119.8215560913086,197.6051025390625,169.79718017578125,116.66510009765625,199.73873901367188,182.94265747070312,0.2306261658668518,-0.1558939516544342,-0.9604731202125549
1,101.13518524169922,225.54537963867188,177.38568115234375,-0.009605522267520428,0.27857717871665955,0.08416380733251572,-0.25435197353363037,0.44967561960220337,-0.8562107682228088,105.55109405517578,209.4781951904297,240.00894165039062,164.06619262695312,106.02782440185547,436.9850158691406,1110,41.38172912597656,16.309661865234375,79.39221954345703,207.38211059570312,221.41224670410156,79.39221954345703,207.38211059570312,221.41224670410156,0.0,0.0,0.0,79.39221954345703,207.38211059570312,221.41224670410156,81.69666290283203,201.00204467773438,179.42401123046875,-0.054180555045604706,0.15000391006469727,0.9871997237205505,81.69666290283203,201.00204467773438,179.42401123046875,94.4681167602539,193.5279541015625,156.7532501220703,-0.47174516320228577,0.27607399225234985,0.837400496006012,94.4681167602539,193.5279541015625,156.7532501220703,109.85254669189453,187.06468200683594,148.57553100585938,-0.8278744220733643,0.3478047251701355,0.44006338715553284,1111,46.694664001464844,15.578988075256348,87.13249969482422,225.68125915527344,217.78492736816406,81.61318969726562,233.8173828125,155.8751678466797,0.0880475714802742,-0.12979266047477722,0.9876241683959961,81.61318969726562,233.8173828125,155.8751678466797,85.78872680664062,231.52667236328125,122.09601593017578,-0.12240221351385117,0.06715017557144165,0.9902063012123108,85.78872680664062,231.52667236328125,122.09601593017578,88.00811004638672,226.36306762695312,103.74551391601562,-0.11564160138368607,0.26905110478401184,0.9561582207679749,88.00811004638672,226.36306762695312,103.74551391601562,89.48918151855469,221.1238250732422,91.31957244873047,-0.109172023832798,0.3861925005912781,0.9159349799156189,1112,53.2048225402832,15.300636291503906,97.42108154296875,227.34347534179688,216.57791137695312,100.34123992919922,235.0280303955078,157.7027130126953,-0.049122586846351624,-0.12926875054836273,0.9903921484947205,100.34123992919922,235.0280303955078,157.7027130126953,95.43490600585938,200.55621337890625,141.8157958984375,0.12819527089595795,0.9006977677345276,0.4151017367839813,95.43490600585938,200.55621337890625,141.8157958984375,91.8066635131836,190.13279724121094,161.51376342773438,0.1606893688440323,0.46163731813430786,-0.8723931908607483,91.8066635131836,190.13279724121094,161.51376342773438,90.98445129394531,192.6668243408203,176.19534301757812,0.05510314181447029,-0.16982580721378326,-0.9839323163032532,1113,51.15785598754883,14.559525489807129,107.8412094116211,226.395751953125,216.26524353027344,118.45669555664062,232.94171142578125,164.36988830566406,-0.19889283180236816,-0.12264576554298401,0.9723166823387146,118.45669555664062,232.94171142578125,164.36988830566406,112.50841522216797,200.84072875976562,150.4866485595703,0.16766701638698578,0.9048457145690918,0.39133352041244507,112.50841522216797,200.84072875976562,150.4866485595703,105.59615325927734,192.2857208251953,169.53555297851562,0.3142494559288025,0.3889329731464386,-0.8660128712654114,105.59615325927734,192.2857208251953,169.53555297851562,103.27206420898438,195.79934692382812,183.76043701171875,0.15665648877620697,-0.23683787882328033,-0.9588360786437988,1114,40.1068115234375,12.93290901184082,117.71319580078125,219.4127197265625,217.18093872070312,134.26942443847656,226.9866485595703,171.25108337402344,-0.3351007103919983,-0.1532975286245346,0.9296275973320007,134.26942443847656,226.9866485595703,171.25108337402344,126.8703384399414,203.63409423828125,157.53321838378906,0.2635366916656494,0.8317588567733765,0.4885956048965454,126.8703384399414,203.63409423828125,157.53321838378906,119.79898834228516,197.6005401611328,169.97422790527344,0.455329567193985,0.38850510120391846,-0.8010860085487366,119.79898834228516,197.6005401611328,169.97422790527344,116.62996673583984,199.72068786621094,183.11886596679688,0.23154425621032715,-0.15490838885307312,-0.9604116678237915
1,101.10514068603516,225.52645874023438,177.5427703857422,-0.011529912240803242,0.27767330408096313,0.08539639413356781,-0.25547391176223755,0.4501025378704071,-0.8556522727012634,105.47146606445312,209.49021911621094,240.17579650878906,164.24465942382812,105.94161224365234,437.02337646484375,1110,41.38172912597656,16.309661865234375,79.2951889038086,207.4423370361328,221.56878662109375,79.2951889038086,207.4423370361328,221.56878662109375,0.0,0.0,0.0,79.2951889038086,207.4423370361328,221.56878662109375,81.60043334960938,201.01661682128906,179.58753967285156,-0.05419937148690224,0.1510772556066513,0.9870350956916809,81.60043334960938,201.01661682128906,179.58753967285156,94.37222290039062,193.49293518066406,156.9333953857422,-0.47175779938697815,0.2779058814048767,0.8367871642112732,94.37222290039062,193.49293518066406,156.9333953857422,109.7520751953125,186.99063110351562,148.7779998779297,-0.8276273012161255,0.3499048352241516,0.4388616979122162,1111,46.694664001464844,15.578988075256348,87.07648468017578,225.7223663330078,217.9327392578125,81.61467742919922,233.82350158691406,156.0133056640625,0.08713027089834213,-0.12923453748226166,0.9877787232398987,81.61467742919922,233.82350158691406,156.0133056640625,85.78424835205078,231.52288818359375,122.23409271240234,-0.12222734093666077,0.06744047999382019,0.9902082085609436,85.78424835205078,231.52288818359375,122.23409271240234,87.99210357666016,226.3394317626953,103.88778686523438,-0.11504087597131729,0.2700853645801544,0.9559391140937805,87.99210357666016,226.3394317626953,103.88778686523438,89.46178436279297,221.08615112304688,91.46642303466797,-0.10833241045475006,0.38722729682922363,0.9155976176261902,1112,53.2048225402832,15.300636291503906,97.36933898925781,227.36192321777344,216.731201171875,100.34404754638672,234.99595642089844,157.85215759277344,-0.050040218979120255,-0.12841886281967163,0.990456759929657,100.34404754638672,234.99595642089844,157.85215759277344,95.38137817382812,200.53855895996094,141.95144653320312,0.12966720759868622,0.900320827960968,0.41546207666397095,95.38137817382812,200.53855895996094,141.95144653320312,91.71582794189453,190.11947631835938,161.64479064941406,0.16234172880649567,0.46144554018974304,-0.8721886873245239,91.71582794189453,190.11947631835938,161.64479064941406,90.8857650756836,192.64796447753906,176.32688903808594,0.05562926083803177,-0.16945454478263855,-0.9839667677879333,1113,51.15785598754883,14.559525489807129,107.78764343261719,226.39193725585938,216.42604064941406,118.45071411132812,232.87637329101562,164.53271484375,-0.19978438317775726,-0.12149305641651154,0.9722786545753479,118.45071411132812,232.87637329101562,164.53271484375,112.45340728759766,200.7881317138672,150.64112854003906,0.1690489798784256,0.9044867157936096,0.3915688395500183,112.45340728759766,200.7881317138672,150.64112854003906,105.5079116821289,192.24569702148438,169.68359375,0.3157602548599243,0.38836127519607544,-0.8657199144363403,105.5079116821289,192.24569702148438,169.68359375,103.17711639404297,195.7602996826172,183.90713500976562,0.15710856020450592,-0.23690375685691833,-0.9587457776069641,1114,40.1068115234375,12.93290901184082,117.64424896240234,219.38876342773438,217.35342407226562,134.246337890625,226.89309692382812,171.42869567871094,-0.33602890372276306,-0.1518888920545578,0.929523766040802,134.246337890625,226.89309692382812,171.42869567871094,126.8210220336914,203.55105590820312,157.7071075439453,0.2644709050655365,0.8313843011856079,0.4887281656265259,126.8210220336914,203.55105590820312,157.7071075439453,119.71551513671875,197.53610229492188,170.13766479492188,0.4575287997722626,0.3873072862625122,-0.8004127144813538,119.71551513671875,197.53610229492188,170.13766479492188,116.52872467041016,199.6679229736328,183.276123046875,0.23284246027469635,-0.1557612121105194,-0.959959864616394
1,101.06403350830078,225.49725341796875,177.70089721679688,-0.013112063519656658,0.27748480439186096,0.08660335838794708,-0.25642046332359314,0.4501798748970032,-0.855328381061554,105.38006591796875,209.4588165283203,240.3365020751953,164.37103271484375,105.8924331665039,437.10955810546875,1110,41.38172912597656,16.309661865234375,79.19087219238281,207.454833984375,221.712646484375,79.19087219238281,207.454833984375,221.712646484375,0.0,0.0,0.0,79.19087219238281,207.454833984375,221.712646484375,81.53449249267578,200.99725341796875,179.73843383789062,-0.0551016591489315,0.1518263965845108,0.9868701100349426,81.53449249267578,200.99725341796875,179.73843383789062,94.3299560546875,193.436767578125,157.10989379882812,-0.47263196110725403,0.2792651653289795,0.8358408808708191,94.3299560546875,193.436767578125,157.10989379882812,109.71497344970703,186.90550231933594,148.9874725341797,-0.8279056549072266,0.3514634668827057,0.4370875060558319,1111,46.694664001464844,15.578988075256348,87.00731658935547,225.72071838378906,218.08096313476562,81.60356140136719,233.8276824951172,156.15719604492188,0.0862041786313057,-0.12932750582695007,0.9878477454185486,81.60356140136719,233.8276824951172,156.15719604492188,85.76460266113281,231.5184326171875,122.37751770019531,-0.12197728455066681,0.06769363582134247,0.9902217388153076,85.76460266113281,231.5184326171875,122.37751770019531,87.96041107177734,226.31381225585938,104.0357666015625,-0.11441322416067123,0.27118822932243347,0.9557021856307983,87.96041107177734,226.31381225585938,104.0357666015625,89.4186782836914,221.04400634765625,91.62005615234375,-0.10749107599258423,0.38844534754753113,0.9151807427406311,1112,53.2048225402832,15.300636291503906,97.30392456054688,227.34182739257812,216.88656616210938,100.33369445800781,234.9668426513672,158.0091552734375,-0.050966449081897736,-0.12826715409755707,0.990429162979126,100.33369445800781,234.9668426513672,158.0091552734375,95.32625579833984,200.53143310546875,142.07492065429688,0.13083703815937042,0.8997467756271362,0.4163382053375244,95.32625579833984,200.53143310546875,142.07492065429688,91.62605285644531,190.10400390625,161.75735473632812,0.1638765037059784,0.46181535720825195,-0.8717057704925537,91.62605285644531,190.10400390625,161.75735473632812,90.78585052490234,192.61341857910156,176.442138671875,0.056308820843696594,-0.16817636787891388,-0.984147310256958,1113,51.15785598754883,14.559525489807129,107.72068786621094,226.35325622558594,216.58880615234375,118.43183898925781,232.81539916992188,164.70260620117188,-0.20068521797657013,-0.12107536941766739,0.972145140171051,118.43183898925781,232.81539916992188,164.70260620117188,112.39468383789062,200.7451934814453,150.78665161132812,0.17017219960689545,0.9039783477783203,0.3922557234764099,112.39468383789062,200.7451934814453,150.78665161132812,105.4187240600586,192.2055206298828,169.81919860839844,0.3171454966068268,0.38823598623275757,-0.865269660949707,105.4187240600586,192.2055206298828,169.81919860839844,103.08077239990234,195.7150421142578,184.04283142089844,0.1575908362865448,-0.2365611046552658,-0.9587512612342834,1114,40.1068115234375,12.93290901184082,117.56413269042969,219.3325653076172,217.5235595703125,134.2119140625,226.80438232421875,171.61007690429688,-0.3369537591934204,-0.15123076736927032,0.9292961955070496,134.2119140625,226.80438232421875,171.61007690429688,126.77169799804688,203.47496032714844,157.87510681152344,0.26500165462493896,0.8309349417686462,0.48920485377311707,126.77169799804688,203.47496032714844,157.87510681152344,119.62286376953125,197.4796905517578,170.2903289794922,0.46031853556632996,0.386039674282074,-0.7994250059127808,119.62286376953125,197.4796905517578,170.2903289794922,116.40884399414062,199.62355041503906,183.42018127441406,0.23483215272426605,-0.15664099156856537,-0.9593318700790405
1,101.04927062988281,225.3928680419922,177.84396362304688,-0.012706009671092033,0.2772625684738159,0.08788004517555237,-0.2571583688259125,0.4501633644104004,-0.8551154732704163,105.30235290527344,209.36729431152344,240.48622131347656,164.46307373046875,105.8047103881836,437.2102966308594,1110,41.38172912597656,16.309661865234375,79.11985778808594,207.36090087890625,221.83200073242188,79.11985778808594,207.36090087890625,221.83200073242188,0.0,0.0,0.0,79.11985778808594,207.36090087890625,221.83200073242188,81.55030822753906,200.87060546875,179.8677520751953,-0.05714312195777893,0.15259547531604767,0.9866352677345276,81.55030822753906,200.87060546875,179.8677520751953,94.39412689208984,193.2955780029297,157.27151489257812,-0.47441837191581726,0.27980247139930725,0.8346481919288635,94.39412689208984,193.2955780029297,157.27151489257812,109.7960433959961,186.76223754882812,149.182861328125,-0.8288151621818542,0.35157519578933716,0.43527042865753174,1111,46.694664001464844,15.578988075256348,86.94035339355469,225.62612915039062,218.2057647705078,81.61637878417969,233.71713256835938,156.2729949951172,0.08493146300315857,-0.1290728896856308,0.9879913926124573,81.61637878417969,233.71713256835938,156.2729949951172,85.79174041748047,231.3991241455078,122.49568939208984,-0.12239710241556168,0.06795040518045425,0.9901524186134338,85.79174041748047,231.3991241455078,122.49568939208984,87.99546813964844,226.1808624267578,104.15876007080078,-0.11482583731412888,0.27189895510673523,0.955450713634491,87.99546813964844,226.1808624267578,104.15876007080078,89.4593276977539,220.90313720703125,91.7470703125,-0.10790328681468964,0.38902902603149414,0.9148842692375183,1112,53.2048225402832,15.300636291503906,97.23843383789062,227.247314453125,217.02427673339844,100.34406280517578,234.857421875,158.14889526367188,-0.052242547273635864,-0.1280163824558258,0.9903951287269592,100.34406280517578,234.857421875,158.14889526367188,95.36190795898438,200.4265594482422,142.1968994140625,0.13017638027668,0.8996278047561646,0.41680216789245605,95.36190795898438,200.4265594482422,142.1968994140625,91.63517761230469,189.993408203125,161.87130737304688,0.16505126655101776,0.4620685577392578,-0.8713498711585999,91.63517761230469,189.993408203125,161.87130737304688,90.7729721069336,192.49195861816406,176.55667114257812,0.057783424854278564,-0.1674482524394989,-0.984186053276062,1113,51.15785598754883,14.559525489807129,107.65560913085938,226.259033203125,216.740234375,118.4336166381836,232.7083282470703,164.86627197265625,-0.20193782448768616,-0.12083463370800018,0.9719157218933105,118.4336166381836,232.7083282470703,164.86627197265625,112.41948699951172,200.63853454589844,150.9394073486328,0.1695231795310974,0.9039667844772339,0.39256325364112854,112.41948699951172,200.63853454589844,150.9394073486328,105.41799926757812,192.09625244140625,169.96141052246094,0.318306028842926,0.3883545994758606,-0.8647902607917786,105.41799926757812,192.09625244140625,169.96141052246094,103.059814453125,195.6041717529297,184.18209838867188,0.1589546650648117,-0.2364531010389328,-0.9585527777671814,1114,40.1068115234375,12.93290901184082,117.49809265136719,219.2389373779297,217.6894989013672,134.2049560546875,226.69964599609375,171.79566955566406,-0.3381495475769043,-0.15100592374801636,0.9288983345031738,134.2049560546875,226.69964599609375,171.79566955566406,126.79661560058594,203.36293029785156,158.05587768554688,0.2638663649559021,0.8311948776245117,0.4893766939640045,126.79661560058594,203.36293029785156,158.05587768554688,119.60779571533203,197.38092041015625,170.45437622070312,0.46289366483688354,0.38518622517585754,-0.7983489036560059,119.60779571533203,197.38092041015625,170.45437622070312,116.35574340820312,199.5378875732422,183.5727081298828,0.2376110553741455,-0.15759870409965515,-0.9584903120994568
1,101.02998352050781,225.31100463867188,178.0106658935547,-0.01182602159678936,0.27720943093299866,0.0887455940246582,-0.25744402408599854,0.4504118263721466,-0.8548986911773682,105.23637390136719,209.29019165039062,240.65626525878906,164.4628143310547,105.67044067382812,437.3304748535156,1110,41.38172912597656,16.309661865234375,79.06564331054688,207.27171325683594,221.978271484375,79.06564331054688,207.27171325683594,221.978271484375,0.0,0.0,0.0,79.06564331054688,207.27171325683594,221.978271484375,81.56769561767578,200.7709503173828,180.01986694335938,-0.05882659927010536,0.15284164249897003,0.9864982962608337,81.56769561767578,200.7709503173828,180.01986694335938,94.44586181640625,193.199462890625,157.44198608398438,-0.4756869077682495,0.2796716094017029,0.8339698314666748,94.44586181640625,193.199462890625,157.44198608398438,109.860107421875,186.67410278320312,149.37039184570312,-0.8294785022735596,0.3511456847190857,0.4343523681163788,1111,46.694664001464844,15.578988075256348,86.87921142578125,225.5410614013672,218.35784912109375,81.61453247070312,233.6212158203125,156.41859436035156,0.08398554474115372,-0.12889981269836426,0.9880948066711426,81.61453247070312,233.6212158203125,156.41859436035156,85.79922485351562,231.29534912109375,122.64297485351562,-0.12267059832811356,0.06818074733018875,0.9901027083396912,85.79922485351562,231.29534912109375,122.64297485351562,88.01000213623047,226.0599365234375,104.31178283691406,-0.11519313603639603,0.2727925777435303,0.9551516175270081,88.01000213623047,226.0599365234375,104.31178283691406,89.47970581054688,220.7713623046875,91.90540313720703,-0.10833407193422318,0.38982877135276794,0.9144929647445679,1112,53.2048225402832,15.300636291503906,97.17755889892578,227.16810607910156,217.18678283691406,100.339599609375,234.77268981933594,158.31369018554688,-0.053191497921943665,-0.12792345881462097,0.9903566241264343,100.339599609375,234.77268981933594,158.31369018554688,95.39749908447266,200.34564208984375,142.3410186767578,0.1291298121213913,0.8995280861854553,0.4173423945903778,95.39749908447266,200.34564208984375,142.3410186767578,91.6546630859375,189.89901733398438,162.00521850585938,0.16576457023620605,0.46266525983810425,-0.8708977699279785,91.6546630859375,189.89901733398438,162.00521850585938,90.77207946777344,192.38021850585938,176.6923065185547,0.05914915353059769,-0.16628560423851013,-0.9843020439147949,1113,51.15785598754883,14.559525489807129,107.5956039428711,226.18588256835938,216.91363525390625,118.42345428466797,232.635009765625,165.050048828125,-0.20287173986434937,-0.12083152681589127,0.9717216491699219,118.42345428466797,232.635009765625,165.050048828125,112.44670104980469,200.56448364257812,151.10874938964844,0.16846956312656403,0.9039870500564575,0.3929699957370758,112.44670104980469,200.56448364257812,151.10874938964844,105.42908477783203,192.0117950439453,170.1201171875,0.31903940439224243,0.3888278603553772,-0.8643071055412292,105.42908477783203,192.0117950439453,170.1201171875,103.0516357421875,195.5126190185547,184.33934020996094,0.16025322675704956,-0.23597492277622223,-0.9584543704986572,1114,40.1068115234375,12.93290901184082,117.44119262695312,219.17166137695312,217.87396240234375,134.19113159179688,226.6363983154297,171.99649047851562,-0.3390214145183563,-0.1510874480009079,0.9285672903060913,134.19113159179688,226.6363983154297,171.99649047851562,126.82272338867188,203.29183959960938,158.24855041503906,0.26244407892227173,0.831474244594574,0.4896669089794159,126.82272338867188,203.29183959960938,158.24855041503906,119.60430145263672,197.31272888183594,170.63124084472656,0.464799702167511,0.38499951362609863,-0.797330915927887,119.60430145263672,197.31272888183594,170.63124084472656,116.3193588256836,199.4751739501953,183.740478515625,0.24001407623291016,-0.15799888968467712,-0.9578254222869873
1,101.0231704711914,225.19207763671875,178.1405029296875,-0.008617567829787731,0.27712225914001465,0.08817451447248459,-0.25716060400009155,0.45058318972587585,-0.854893684387207,105.24617767333984,209.19479370117188,240.7897186279297,164.40740966796875,105.5356216430664,437.4627685546875,1110,41.38172912597656,16.309661865234375,79.10118865966797,207.0997772216797,222.10748291015625,79.10118865966797,207.0997772216797,222.10748291015625,0.0,0.0,0.0,79.10118865966797,207.0997772216797,222.10748291015625,81.63003540039062,200.586669921875,180.152587890625,-0.05945655703544617,0.15313184261322021,0.9864155054092407,81.63003540039062,200.586669921875,180.152587890625,94.53376770019531,193.04583740234375,157.57904052734375,-0.47663119435310364,0.2785392701625824,0.8338096737861633,94.53376770019531,193.04583740234375,157.57904052734375,109.96755981445312,186.56600952148438,149.5081329345703,-0.8305307030677795,0.34869563579559326,0.43431559205055237,1111,46.694664001464844,15.578988075256348,86.85892486572266,225.3921356201172,218.4831085205078,81.58878326416016,233.43417358398438,156.5393524169922,0.08407267928123474,-0.12829174101352692,0.9881665110588074,81.58878326416016,233.43417358398438,156.5393524169922,85.76419830322266,231.08302307128906,122.76435089111328,-0.12239868193864822,0.06892194598913193,0.9900850057601929,85.76419830322266,231.08302307128906,122.76435089111328,87.9820556640625,225.82737731933594,104.43980407714844,-0.11556205153465271,0.273846834897995,0.9548053741455078,87.9820556640625,225.82737731933594,104.43980407714844,89.46209716796875,220.5277099609375,92.03939056396484,-0.10909610241651535,0.3906465172767639,0.9140532612800598,1112,53.2048225402832,15.300636291503906,97.15251922607422,227.0508575439453,217.3147430419922,100.3095703125,234.64466857910156,158.4399871826172,-0.05310756340622902,-0.1277422457933426,0.9903846383094788,100.3095703125,234.64466857910156,158.4399871826172,95.47980499267578,200.19664001464844,142.4781951904297,0.12619465589523315,0.9000763297080994,0.41705814003944397,95.47980499267578,200.19664001464844,142.4781951904297,91.76295471191406,189.74266052246094,162.14340209960938,0.1646137684583664,0.46299120783805847,-0.8709427714347839,91.76295471191406,189.74266052246094,162.14340209960938,90.86689758300781,192.22080993652344,176.8302001953125,0.06005207821726799,-0.16608095169067383,-0.9842818379402161,1113,51.15785598754883,14.559525489807129,107.57366180419922,226.10101318359375,217.0452423095703,118.3978500366211,232.56570434570312,165.1828155517578,-0.20280307531356812,-0.12112309783697128,0.971699595451355,118.3978500366211,232.56570434570312,165.1828155517578,112.52409362792969,200.47032165527344,151.25502014160156,0.16556647419929504,0.9046883583068848,0.39258962869644165,112.52409362792969,200.47032165527344,151.25502014160156,105.52730560302734,191.90357971191406,170.2677459716797,0.31809237599372864,0.38946661353111267,-0.8643685579299927,105.52730560302734,191.90357971191406,170.2677459716797,103.13693237304688,195.4094696044922,184.48355102539062,0.16112440824508667,-0.23631641268730164,-0.9582240581512451,1114,40.1068115234375,12.93290901184082,117.44075775146484,219.1178436279297,218.0111541748047,134.1819305419922,226.61871337890625,172.13636779785156,-0.3388439118862152,-0.15181876718997955,0.9285127520561218,134.1819305419922,226.61871337890625,172.13636779785156,126.89595031738281,203.24038696289062,158.40188598632812,0.2595082223415375,0.8326769471168518,0.4891875684261322,126.89595031738281,203.24038696289062,158.40188598632812,119.67529296875,197.25399780273438,170.77975463867188,0.46494370698928833,0.3854682147502899,-0.7970204949378967,119.67529296875,197.25399780273438,170.77975463867188,116.3679428100586,199.42584228515625,183.88180541992188,0.2416512370109558,-0.1586856245994568,-0.9573001265525818
1,101.04722595214844,225.10195922851562,178.31991577148438,-0.004665886051952839,0.2764771580696106,0.08732263743877411,-0.2563365399837494,0.45109662413597107,-0.8548704385757446,105.29338836669922,209.16030883789062,240.97927856445312,164.26502990722656,105.38301086425781,437.64697265625,1110,41.38172912597656,16.309661865234375,79.18379974365234,206.96734619140625,222.29859924316406,79.18379974365234,206.96734619140625,222.29859924316406,0.0,0.0,0.0,79.18379974365234,206.96734619140625,222.29859924316406,81.72686004638672,200.42884826660156,180.34852600097656,-0.059790756553411484,0.15372885763645172,0.9863024950027466,81.72686004638672,200.42884826660156,180.34852600097656,94.64704132080078,192.9202880859375,157.7736358642578,-0.47723886370658875,0.27734726667404175,0.8338594436645508,94.64704132080078,192.9202880859375,157.7736358642578,110.0979995727539,186.49330139160156,149.6933135986328,-0.8314542174339294,0.3458520174026489,0.43482211232185364,1111,46.694664001464844,15.578988075256348,86.87156677246094,225.28610229492188,218.65858459472656,81.58680725097656,233.24781799316406,156.70570373535156,0.08430588245391846,-0.12701040506362915,0.9883121848106384,81.58680725097656,233.24781799316406,156.70570373535156,85.76237487792969,230.865478515625,122.93289947509766,-0.12240312993526459,0.06983620673418045,0.9900203347206116,85.76237487792969,230.865478515625,122.93289947509766,87.9954605102539,225.58499145507812,104.61734771728516,-0.1163555383682251,0.27514123916625977,0.9543368220329285,87.9954605102539,225.58499145507812,104.61734771728516,89.49275207519531,220.272705078125,92.22441101074219,-0.11036766320466995,0.3915767967700958,0.9135023951530457,1112,53.2048225402832,15.300636291503906,97.15897369384766,226.98358154296875,217.49131774902344,100.30224609375,234.5326690673828,158.61007690429688,-0.05287577956914902,-0.1269899159669876,0.9904937148094177,100.30224609375,234.5326690673828,158.61007690429688,95.6111831665039,200.05320739746094,142.67483520507812,0.12257060408592224,0.9008978605270386,0.41636455059051514,95.6111831665039,200.05320739746094,142.67483520507812,91.92945861816406,189.6026153564453,162.3484649658203,0.16305801272392273,0.4628409147262573,-0.8713153004646301,91.92945861816406,189.6026153564453,162.3484649658203,91.01969146728516,192.0904083251953,177.03277587890625,0.060970958322286606,-0.16672740876674652,-0.9841161370277405,1113,51.15785598754883,14.559525489807129,107.58378601074219,226.0738525390625,217.2254638671875,118.39665222167969,232.53033447265625,165.3596649169922,-0.20259098708629608,-0.12096931040287018,0.9717629551887512,118.39665222167969,232.53033447265625,165.3596649169922,112.65091705322266,200.39889526367188,151.46160888671875,0.16195781528949738,0.9057044386863708,0.391751229763031,112.65091705322266,200.39889526367188,151.46160888671875,105.68321228027344,191.8291015625,170.48365783691406,0.31676992774009705,0.3896050453186035,-0.8647916913032532,105.68321228027344,191.8291015625,170.48365783691406,103.2795181274414,195.35171508789062,184.69308471679688,0.16202227771282196,-0.23744362592697144,-0.9577939510345459,1114,40.1068115234375,12.93290901184082,117.47760772705078,219.12991333007812,218.2007293701172,134.20181274414062,226.65126037597656,172.32310485839844,-0.3385004699230194,-0.15223321318626404,0.9285700917243958,134.20181274414062,226.65126037597656,172.32310485839844,127.01251220703125,203.2294464111328,158.61178588867188,0.2560647428035736,0.8342258334159851,0.48836255073547363,127.01251220703125,203.2294464111328,158.61178588867188,119.8061294555664,197.23509216308594,170.99412536621094,0.4640243947505951,0.3859809637069702,-0.797308087348938,119.8061294555664,197.23509216308594,170.99412536621094,116.48663330078125,199.42108154296875,184.09075927734375,0.24253852665424347,-0.15971902012825012,-0.9569037556648254
1,101.07907104492188,225.04788208007812,178.4789276123047,-0.0018132053082808852,0.2769290506839752,0.08651933073997498,-0.255367636680603,0.45142844319343567,-0.854985237121582,105.34951782226562,209.09742736816406,241.1339569091797,164.0982666015625,105.2437973022461,437.82806396484375,1110,41.38172912597656,16.309661865234375,79.26769256591797,206.84120178222656,222.45367431640625,79.26769256591797,206.84120178222656,222.45367431640625,0.0,0.0,0.0,79.26769256591797,206.84120178222656,222.45367431640625,81.77326202392578,200.32533264160156,180.49781799316406,-0.05890928953886032,0.1531967967748642,0.9864382743835449,81.77326202392578,200.32533264160156,180.49781799316406,94.68641662597656,192.86119079589844,157.90419006347656,-0.4769793748855591,0.27570658922195435,0.8345516324043274,94.68641662597656,192.86119079589844,157.90419006347656,110.14315032958984,186.48104858398438,149.79782104492188,-0.8317648768424988,0.34333112835884094,0.4362236559391022,1111,46.694664001464844,15.578988075256348,86.90312957763672,225.18263244628906,218.81768798828125,81.59537506103516,233.14295959472656,156.86659240722656,0.0846727043390274,-0.1269882470369339,0.9882835745811462,81.59537506103516,233.14295959472656,156.86659240722656,85.76160430908203,230.770751953125,123.09192657470703,-0.1221294105052948,0.06953921914100647,0.9900751709938049,85.76160430908203,230.770751953125,123.09192657470703,88.00080871582031,225.48794555664062,104.77779388427734,-0.11667437106370926,0.27526208758354187,0.9542629718780518,88.00080871582031,225.48794555664062,104.77779388427734,89.50730895996094,220.17662048339844,92.38555908203125,-0.11104642599821091,0.3915058672428131,0.9134504795074463,1112,53.2048225402832,15.300636291503906,97.18563842773438,226.9097137451172,217.6507568359375,100.30708312988281,234.48081970214844,158.77117919921875,-0.05250859633088112,-0.1273602992296219,0.9904657602310181,100.30708312988281,234.48081970214844,158.77117919921875,95.71331787109375,199.98890686035156,142.83450317382812,0.12002832442522049,0.9012229442596436,0.4164018929004669,95.71331787109375,199.98890686035156,142.83450317382812,92.06153869628906,189.5234832763672,162.50582885742188,0.1617317646741867,0.46349775791168213,-0.8712132573127747,92.06153869628906,189.5234832763672,162.50582885742188,91.1448745727539,192.00613403320312,177.19058227539062,0.061433177441358566,-0.1663827747106552,-0.9841457009315491,1113,51.15785598754883,14.559525489807129,107.61300659179688,226.02981567382812,217.38465881347656,118.40716552734375,232.52862548828125,165.52024841308594,-0.2022404819726944,-0.12176237255334854,0.9717369675636292,118.40716552734375,232.52862548828125,165.52024841308594,112.75027465820312,200.38095092773438,151.62330627441406,0.15945355594158173,0.9061622619628906,0.3917199373245239,112.75027465820312,200.38095092773438,151.62330627441406,105.8074722290039,191.78912353515625,170.64451599121094,0.31563788652420044,0.3906068503856659,-0.8647537231445312,105.8074722290039,191.78912353515625,170.64451599121094,103.39726257324219,195.31234741210938,184.85267639160156,0.16246157884597778,-0.23748494684696198,-0.9577093124389648,1114,40.1068115234375,12.93290901184082,117.526611328125,219.11392211914062,218.35833740234375,134.22906494140625,226.69314575195312,172.48233032226562,-0.33806031942367554,-0.15340469777584076,0.9285377264022827,134.22906494140625,226.69314575195312,172.48233032226562,127.11077117919922,203.2472686767578,158.7751007080078,0.2535356879234314,0.8350831270217896,0.48821699619293213,127.11077117919922,203.2472686767578,158.7751007080078,119.90473937988281,197.23971557617188,171.1512451171875,0.46400177478790283,0.3868308365345001,-0.7969092130661011,119.90473937988281,197.23971557617188,171.1512451171875,116.56800079345703,199.42857360839844,184.24301147460938,0.24379844963550568,-0.15992867946624756,-0.9565485119819641
1,101.10826110839844,224.9994354248047,178.66468811035156,0.000718501687515527,0.27870655059814453,0.08664078265428543,-0.254360556602478,0.4515821933746338,-0.8552042245864868,105.3558578491211,208.967041015625,241.3017120361328,163.87290954589844,105.07804870605469,438.04620361328125,1110,41.38172912597656,16.309661865234375,79.30677032470703,206.67294311523438,222.5945587158203,79.30677032470703,206.67294311523438,222.5945587158203,0.0,0.0,0.0,79.30677032470703,206.67294311523438,222.5945587158203,81.81095123291016,200.23033142089844,180.62730407714844,-0.0588766373693943,0.15147440135478973,0.9867061972618103,81.81095123291016,200.23033142089844,180.62730407714844,94.73991394042969,192.83096313476562,158.0214080810547,-0.4775632321834564,0.273313969373703,0.8350047469139099,94.73991394042969,192.83096313476562,158.0214080810547,110.20916748046875,186.50009155273438,149.90032958984375,-0.8324390053749084,0.34067994356155396,0.4370154142379761,1111,46.694664001464844,15.578988075256348,86.90229034423828,225.03773498535156,218.99310302734375,81.62178802490234,233.08331298828125,157.05068969726562,0.0842379555106163,-0.1283482164144516,0.988145112991333,81.62178802490234,233.08331298828125,157.05068969726562,85.80475616455078,230.75514221191406,123.2750244140625,-0.12262008339166641,0.06824830919504166,0.9901043176651001,85.80475616455078,230.75514221191406,123.2750244140625,88.06224060058594,225.49588012695312,104.95635986328125,-0.11762685328722,0.2740353047847748,0.9544991254806519,88.06224060058594,225.49588012695312,104.95635986328125,89.58544921875,220.2066650390625,92.55670928955078,-0.11227799952030182,0.38987600803375244,0.9139969348907471,1112,53.2048225402832,15.300636291503906,97.18162536621094,226.79052734375,217.83651733398438,100.32892608642578,234.46157836914062,158.97125244140625,-0.05294353887438774,-0.12904155254364014,0.9902248382568359,100.32892608642578,234.46157836914062,158.97125244140625,95.82197570800781,199.97109985351562,143.00669860839844,0.11775995790958405,0.9011852741241455,0.4171302020549774,95.82197570800781,199.97109985351562,143.00669860839844,92.18209838867188,189.48361206054688,162.66847229003906,0.16120468080043793,0.46447503566741943,-0.8707903623580933,92.18209838867188,189.48361206054688,162.66847229003906,91.2518081665039,191.956787109375,177.35398864746094,0.062346283346414566,-0.1657474935054779,-0.9841954112052917,1113,51.15785598754883,14.559525489807129,107.61119842529297,225.93524169921875,217.57676696777344,118.42850494384766,232.540771484375,165.7306671142578,-0.20267418026924133,-0.12376189231872559,0.971393883228302,118.42850494384766,232.540771484375,165.7306671142578,112.8488998413086,200.39364624023438,151.8011932373047,0.15727499127388,0.9061463475227356,0.3926367163658142,112.8488998413086,200.39364624023438,151.8011932373047,105.91442108154297,191.771240234375,170.8115997314453,0.3152594566345215,0.3919970393180847,-0.864262580871582,105.91442108154297,191.771240234375,170.8115997314453,103.49222564697266,195.2871551513672,185.01953125,0.163269504904747,-0.23699231445789337,-0.9576939940452576,1114,40.1068115234375,12.93290901184082,117.54010772705078,219.04083251953125,218.5469207763672,134.25877380371094,226.73104858398438,172.69528198242188,-0.3383883535861969,-0.15565113723278046,0.9280441403388977,134.25877380371094,226.73104858398438,172.69528198242188,127.20352935791016,203.28118896484375,158.9622802734375,0.2512899935245514,0.8352247476577759,0.48913484811782837,127.20352935791016,203.28118896484375,158.9622802734375,119.99112701416016,197.2542724609375,171.32530212402344,0.4644117057323456,0.38807743787765503,-0.7960637807846069,119.99112701416016,197.2542724609375,171.32530212402344,116.63557434082031,199.43663024902344,184.413330078125,0.2451733499765396,-0.15945389866828918,-0.9562763571739197
1,101.15181732177734,224.94573974609375,178.81381225585938,0.004127261694520712,0.2803107500076294,0.08650218695402145,-0.2528785765171051,0.45190221071243286,-0.855474591255188,105.38259887695312,208.84512329101562,241.43527221679688,163.55873107910156,104.88249969482422,438.2419738769531,1110,41.38172912597656,16.309661865234375,79.37664794921875,206.49118041992188,222.70310974121094,79.37664794921875,206.49118041992188,222.70310974121094,0.0,0.0,0.0,79.37664794921875,206.49118041992188,222.70310974121094,81.8637466430664,200.1217498779297,180.72366333007812,-0.05847499892115593,0.14975377917289734,0.986992597579956,81.8637466430664,200.1217498779297,180.72366333007812,94.80211639404297,192.79666137695312,158.09898376464844,-0.47791096568107605,0.27057039737701416,0.8356989622116089,94.80211639404297,192.79666137695312,158.09898376464844,110.28436279296875,186.52703857421875,149.9551544189453,-0.8331376314163208,0.33738377690315247,0.4382394254207611,1111,46.694664001464844,15.578988075256348,86.91607666015625,224.8849334716797,219.13169860839844,81.65553283691406,232.99609375,157.19615173339844,0.08391957730054855,-0.12939444184303284,0.9880356788635254,81.65553283691406,232.99609375,157.19615173339844,85.85804748535156,230.70217895507812,123.42056274414062,-0.12319304049015045,0.06724410504102707,0.9901018142700195,85.85804748535156,230.70217895507812,123.42056274414062,88.13904571533203,225.47012329101562,105.0970230102539,-0.11885206401348114,0.27261775732040405,0.9547532796859741,88.13904571533203,225.47012329101562,105.0970230102539,89.68424224853516,220.20907592773438,92.6881103515625,-0.11389873921871185,0.3877996504306793,0.9146794676780701,1112,53.2048225402832,15.300636291503906,97.19061279296875,226.67208862304688,217.9850616455078,100.35675048828125,234.43157958984375,159.1324005126953,-0.05326041206717491,-0.1305292844772339,0.9900128245353699,100.35675048828125,234.43157958984375,159.1324005126953,95.96415710449219,199.9280242919922,143.1642303466797,0.11477197706699371,0.901526927947998,0.4172247052192688,95.96415710449219,199.9280242919922,143.1642303466797,92.34632873535156,189.42799377441406,162.82337951660156,0.1602281630039215,0.4650305211544037,-0.8706741333007812,92.34632873535156,189.42799377441406,162.82337951660156,91.40196228027344,191.90374755859375,177.50755310058594,0.06328969448804855,-0.1659204363822937,-0.984106183052063,1113,51.15785598754883,14.559525489807129,107.62305450439453,225.85047912597656,217.73190307617188,118.45738983154297,232.5596160888672,165.9026641845703,-0.2029932290315628,-0.12570308148860931,0.9710779786109924,118.45738983154297,232.5596160888672,165.9026641845703,112.97863006591797,200.4000244140625,151.96197509765625,0.15443244576454163,0.9064979553222656,0.39295294880867004,112.97863006591797,200.4000244140625,151.96197509765625,106.06124114990234,191.75318908691406,170.96749877929688,0.3144826591014862,0.3931078612804413,-0.8640410304069519,106.06124114990234,191.75318908691406,170.96749877929688,103.62700653076172,195.27256774902344,185.17251586914062,0.16408100724220276,-0.23722577095031738,-0.9574974179267883,1114,40.1068115234375,12.93290901184082,117.57323455810547,218.98655700683594,218.7002410888672,134.30101013183594,226.79124450683594,172.87127685546875,-0.33857277035713196,-0.15796807408332825,0.9275853037834167,134.30101013183594,226.79124450683594,172.87127685546875,127.32435607910156,203.32382202148438,159.12811279296875,0.24849072098731995,0.8358500599861145,0.489496648311615,127.32435607910156,203.32382202148438,159.12811279296875,120.11137390136719,197.27928161621094,171.482177734375,0.46444931626319885,0.3892124891281128,-0.7954874634742737,120.11137390136719,197.27928161621094,171.482177734375,116.73800659179688,199.46279907226562,184.56544494628906,0.2464747428894043,-0.15953849256038666,-0.9559276103973389
1,101.21434020996094,224.89581298828125,178.93222045898438,0.006205924786627293,0.2815873622894287,0.08708778768777847,-0.2512719929218292,0.4524683356285095,-0.8556487560272217,105.39273071289062,208.73348999023438,241.54173278808594,163.19924926757812,104.64063262939453,438.38848876953125,1110,41.38172912597656,16.309661865234375,79.42520141601562,206.35398864746094,222.7777862548828,79.42520141601562,206.35398864746094,222.7777862548828,0.0,0.0,0.0,79.42520141601562,206.35398864746094,222.7777862548828,81.88604736328125,200.04490661621094,180.78768920898438,-0.05785777419805527,0.14833495020866394,0.9872432351112366,81.88604736328125,200.04490661621094,180.78768920898438,94.82011413574219,192.77159118652344,158.1438446044922,-0.47775188088417053,0.26865795254707336,0.8364065885543823,94.82011413574219,192.77159118652344,158.1438446044922,110.30194854736328,186.53994750976562,149.97015380859375,-0.8331159353256226,0.3353402018547058,0.43984657526016235,1111,46.694664001464844,15.578988075256348,86.93584442138672,224.76502990722656,219.2348175048828,81.72683715820312,232.93565368652344,157.30271911621094,0.0830974206328392,-0.13034303486347198,0.9879805445671082,81.72683715820312,232.93565368652344,157.30271911621094,85.95015716552734,230.6534423828125,123.52894592285156,-0.12380298227071762,0.0669010579586029,0.9900490641593933,85.95015716552734,230.6534423828125,123.52894592285156,88.24958801269531,225.43572998046875,105.20361328125,-0.11981245875358582,0.27187028527259827,0.9548463225364685,88.24958801269531,225.43572998046875,105.20361328125,89.81080627441406,220.19412231445312,92.78848266601562,-0.11507973819971085,0.38636675477027893,0.9151378870010376,1112,53.2048225402832,15.300636291503906,97.20840454101562,226.57164001464844,218.1011199951172,100.42341613769531,234.40206909179688,159.26051330566406,-0.05408256873488426,-0.1317226141691208,0.9898101687431335,100.42341613769531,234.40206909179688,159.26051330566406,96.1026611328125,199.89212036132812,143.28656005859375,0.1128949448466301,0.9016939997673035,0.4173758029937744,96.1026611328125,199.89212036132812,143.28656005859375,92.48530578613281,189.38787841796875,162.94354248046875,0.16020724177360535,0.46521714329719543,-0.8705782890319824,92.48530578613281,189.38787841796875,162.94354248046875,91.52552032470703,191.8706817626953,177.6255340576172,0.06432300806045532,-0.16639277338981628,-0.9839592576026917,1113,51.15785598754883,14.559525489807129,107.64254760742188,225.76876831054688,217.85816955566406,118.52012634277344,232.5546112060547,166.0479736328125,-0.2038034200668335,-0.12714023888111115,0.9707211256027222,118.52012634277344,232.5546112060547,166.0479736328125,113.1037826538086,200.3905792236328,152.09317016601562,0.15267314016819,0.906623363494873,0.39335089921951294,113.1037826538086,200.3905792236328,152.09317016601562,106.18463134765625,191.73130798339844,171.09239196777344,0.31456276774406433,0.3936731815338135,-0.8637544512748718,106.18463134765625,191.73130798339844,171.09239196777344,103.738037109375,195.2587890625,185.29327392578125,0.16491413116455078,-0.23777194321155548,-0.9572188258171082,1114,40.1068115234375,12.93290901184082,117.60383605957031,218.92138671875,218.82949829101562,134.36651611328125,226.80654907226562,173.02706909179688,-0.3392792344093323,-0.15959690511226654,0.9270482063293457,134.36651611328125,226.80654907226562,173.02706909179688,127.45101928710938,203.32708740234375,159.27357482910156,0.24631252884864807,0.8362791538238525,0.4898647367954254,127.45101928710938,203.32708740234375,159.27357482910156,120.20587158203125,197.285400390625,171.61021423339844,0.466520220041275,0.38902851939201355,-0.7943649888038635,120.20587158203125,197.285400390625,171.61021423339844,116.79716491699219,199.48512268066406,184.6815948486328,0.24905693531036377,-0.16072256863117218,-0.9550595879554749
1,101.31303405761719,224.90040588378906,179.1201934814453,0.005038123577833176,0.2833271920681,0.08901776373386383,-0.2498304545879364,0.45331311225891113,-0.855623722076416,105.38102722167969,208.62734985351562,241.70968627929688,162.85592651367188,104.34014892578125,438.5506896972656,1110,41.38172912597656,16.309661865234375,79.43195343017578,206.3127899169922,222.90052795410156,79.43195343017578,206.3127899169922,222.90052795410156,0.0,0.0,0.0,79.43195343017578,206.3127899169922,222.90052795410156,81.859375,200.10032653808594,180.89407348632812,-0.05707190930843353,0.14606326818466187,0.9876276254653931,81.859375,200.10032653808594,180.89407348632812,94.76335906982422,192.85958862304688,158.22264099121094,-0.4766407012939453,0.2674546241760254,0.8374256491661072,94.76335906982422,192.85958862304688,158.22264099121094,110.22048950195312,186.62062072753906,150.0078887939453,-0.831786572933197,0.3357343375682831,0.44205620884895325,1111,46.694664001464844,15.578988075256348,86.9767837524414,224.71835327148438,219.40206909179688,81.86920166015625,233.01080322265625,157.47772216796875,0.08147943019866943,-0.13228648900985718,0.9878569841384888,81.86920166015625,233.01080322265625,157.47772216796875,86.12501525878906,230.76910400390625,123.70531463623047,-0.12475550174713135,0.06571347266435623,0.9900089502334595,86.12501525878906,230.76910400390625,123.70531463623047,88.435791015625,225.57443237304688,105.37486267089844,-0.12040358036756516,0.27066972851753235,0.9551129937171936,88.435791015625,225.57443237304688,105.37486267089844,90.00238800048828,220.3559112548828,92.95069122314453,-0.11547625064849854,0.3846651315689087,0.9158045649528503,1112,53.2048225402832,15.300636291503906,97.2538070678711,226.5107421875,218.28634643554688,100.56526184082031,234.4439697265625,159.46485900878906,-0.05570492520928383,-0.13345187902450562,0.9894885420799255,100.56526184082031,234.4439697265625,159.46485900878906,96.20647430419922,199.95408630371094,143.4579620361328,0.11388872563838959,0.9011700749397278,0.41823676228523254,96.20647430419922,199.95408630371094,143.4579620361328,92.54650115966797,189.43727111816406,163.10032653808594,0.16209474205970764,0.4657740294933319,-0.8699309825897217,92.54650115966797,189.43727111816406,163.10032653808594,91.5725326538086,191.91009521484375,177.78305053710938,0.06527360528707504,-0.16572418808937073,-0.9840095639228821,1113,51.15785598754883,14.559525489807129,107.68700408935547,225.69178771972656,218.05679321289062,118.64930725097656,232.55538940429688,166.27471923828125,-0.20539088547229767,-0.1285971701145172,0.9701945185661316,118.64930725097656,232.55538940429688,166.27471923828125,113.19133758544922,200.41395568847656,152.28407287597656,0.1538463979959488,0.905985951423645,0.39436104893684387,113.19133758544922,200.41395568847656,152.28407287597656,106.23371887207031,191.7465057373047,171.26551818847656,0.31631147861480713,0.3940448462963104,-0.8629459142684937,106.23371887207031,191.7465057373047,171.26551818847656,103.77816009521484,195.26966857910156,185.46592712402344,0.1655183732509613,-0.23748083412647247,-0.9571868181228638,1114,40.1068115234375,12.93290901184082,117.63603973388672,218.8268585205078,219.02975463867188,134.47659301757812,226.76942443847656,173.2658233642578,-0.3408553898334503,-0.16075876355171204,0.926268994808197,134.47659301757812,226.76942443847656,173.2658233642578,127.54850006103516,203.30734252929688,159.48902893066406,0.24676117300987244,0.8356600999832153,0.4906946122646332,127.54850006103516,203.30734252929688,159.48902893066406,120.23825073242188,197.2829132080078,171.795654296875,0.47071242332458496,0.38791751861572266,-0.7924328446388245,120.23825073242188,197.2829132080078,171.795654296875,116.78582000732422,199.49407958984375,184.8536376953125,0.25225135684013367,-0.16155855357646942,-0.9540796875953674
1,101.42244720458984,224.89254760742188,179.2565460205078,0.007210875395685434,0.2861599326133728,0.09067985415458679,-0.24849197268486023,0.4538983106613159,-0.8557032346725464,105.38497161865234,208.47265625,241.81639099121094,162.5519256591797,104.05081939697266,438.6756896972656,1110,41.38172912597656,16.309661865234375,79.4810791015625,206.15452575683594,222.94248962402344,79.4810791015625,206.15452575683594,222.94248962402344,0.0,0.0,0.0,79.4810791015625,206.15452575683594,222.94248962402344,81.93878173828125,200.06680297851562,180.9195556640625,-0.057783883064985275,0.14313052594661713,0.9880155324935913,81.93878173828125,200.06680297851562,180.9195556640625,94.8515853881836,192.9143829345703,158.22511291503906,-0.47696632146835327,0.2641923129558563,0.8382753133773804,94.8515853881836,192.9143829345703,158.22511291503906,110.30635833740234,186.72398376464844,149.96926879882812,-0.8316593170166016,0.3331206142902374,0.44426727294921875,1111,46.694664001464844,15.578988075256348,87.00410461425781,224.5811004638672,219.50833129882812,82.01021575927734,233.02987670898438,157.59584045410156,0.07966572046279907,-0.13478030264377594,0.9876677393913269,82.01021575927734,233.02987670898438,157.59584045410156,86.32801818847656,230.86973571777344,123.82598114013672,-0.1265726387500763,0.06332265585660934,0.9899341464042664,86.32801818847656,230.86973571777344,123.82598114013672,88.67890167236328,225.7268524169922,105.48603057861328,-0.12249340862035751,0.26797130703926086,0.9556080102920532,88.67890167236328,225.7268524169922,105.48603057861328,90.27587127685547,220.55259704589844,93.04722595214844,-0.11771509796380997,0.3814023435115814,0.9168834686279297,1112,53.2048225402832,15.300636291503906,97.28054809570312,226.39256286621094,218.41842651367188,100.69989013671875,234.487060546875,159.62509155273438,-0.05751979351043701,-0.13616473972797394,0.9890149831771851,100.69989013671875,234.487060546875,159.62509155273438,96.41934967041016,200.0103302001953,143.5688018798828,0.11184422671794891,0.9008262157440186,0.41952723264694214,96.41934967041016,200.0103302001953,143.5688018798828,92.73866271972656,189.461181640625,163.18994140625,0.16301214694976807,0.46720609068870544,-0.8689910769462585,92.73866271972656,189.461181640625,163.18994140625,91.73523712158203,191.91778564453125,177.8734130859375,0.06724772602319717,-0.16463705897331238,-0.9840591549873352,1113,51.15785598754883,14.559525489807129,107.71546936035156,225.59056091308594,218.20811462402344,118.77291870117188,232.60874938964844,166.4669952392578,-0.20717349648475647,-0.1314934939146042,0.9694268703460693,118.77291870117188,232.60874938964844,166.4669952392578,113.38140869140625,200.4821014404297,152.416748046875,0.15197308361530304,0.905569314956665,0.3960410952568054,113.38140869140625,200.4821014404297,152.416748046875,106.40154266357422,191.77320861816406,171.37103271484375,0.3173229396343231,0.3959290087223053,-0.8617112636566162,106.40154266357422,191.77320861816406,171.37103271484375,103.91798400878906,195.27540588378906,185.57176208496094,0.16740566492080688,-0.23606756329536438,-0.9572080969810486,1114,40.1068115234375,12.93290901184082,117.67327880859375,218.73866271972656,219.18325805664062,134.59494018554688,226.82904052734375,173.4751739501953,-0.3424970209598541,-0.16375049948692322,0.9251386523246765,134.59494018554688,226.82904052734375,173.4751739501953,127.728515625,203.37716674804688,159.6502227783203,0.24456475675106049,0.8352966904640198,0.49240994453430176,127.728515625,203.37716674804688,159.6502227783203,120.38207244873047,197.33082580566406,171.92449951171875,0.47304314374923706,0.38932856917381287,-0.7903501391410828,120.38207244873047,197.33082580566406,171.92449951171875,116.88654327392578,199.5264892578125,184.97361755371094,0.25540056824684143,-0.16042597591876984,-0.9534327983856201
1,101.52094268798828,224.8773651123047,179.42779541015625,0.009545037522912025,0.2891284227371216,0.09234052896499634,-0.2478807419538498,0.45449066162109375,-0.855566143989563,105.38477325439453,208.30380249023438,241.95504760742188,162.41111755371094,103.74568939208984,438.7828063964844,1110,41.38172912597656,16.309661865234375,79.52066040039062,205.9807891845703,223.0157012939453,79.52066040039062,205.9807891845703,223.0157012939453,0.0,0.0,0.0,79.52066040039062,205.9807891845703,223.0157012939453,82.00959777832031,200.01947021484375,180.9764862060547,-0.05851824954152107,0.14015859365463257,0.9883982539176941,82.00959777832031,200.01947021484375,180.9764862060547,94.93545532226562,192.95777893066406,158.26107788085938,-0.47744858264923096,0.2608410716056824,0.8390499353408813,94.93545532226562,192.95777893066406,158.26107788085938,110.3925552368164,186.81898498535156,149.9711151123047,-0.8317842483520508,0.33034348487854004,0.44610312581062317,1111,46.694664001464844,15.578988075256348,87.01923370361328,224.4296417236328,219.64833068847656,82.14000701904297,233.04156494140625,157.7491912841797,0.07783657312393188,-0.13738295435905457,0.9874550104141235,82.14000701904297,233.04156494140625,157.7491912841797,86.5215835571289,230.97779846191406,123.98150634765625,-0.12844207882881165,0.060497503727674484,0.9898700714111328,86.5215835571289,230.97779846191406,123.98150634765625,88.91436004638672,225.8983917236328,105.6292953491211,-0.12467630952596664,0.264663964509964,0.9562472701072693,88.91436004638672,225.8983917236328,105.6292953491211,90.54341888427734,220.7794952392578,93.1717529296875,-0.1200803816318512,0.3773215711116791,0.9182642102241516,1112,53.2048225402832,15.300636291503906,97.29481506347656,226.2616729736328,218.58494567871094,100.82289123535156,234.52505493164062,159.821533203125,-0.05934890732169151,-0.13900569081306458,0.9885116219520569,100.82289123535156,234.52505493164062,159.821533203125,96.62439727783203,200.05848693847656,143.72181701660156,0.10970046371221542,0.9005606174468994,0.4206618666648865,96.62439727783203,200.05848693847656,143.72181701660156,92.92469787597656,189.48265075683594,163.32501220703125,0.16385413706302643,0.4683879315853119,-0.8681961297988892,92.92469787597656,189.48265075683594,163.32501220703125,91.89259338378906,191.93048095703125,178.00796508789062,0.06916972249746323,-0.16404901444911957,-0.984024167060852,1113,51.15785598754883,14.559525489807129,107.73150634765625,225.4780731201172,218.3942108154297,118.88479614257812,232.6586456298828,166.6959686279297,-0.20896922051906586,-0.13453596830368042,0.968623697757721,118.88479614257812,232.6586456298828,166.6959686279297,113.56361389160156,200.5464630126953,152.5859375,0.14999066293239594,0.9051611423492432,0.39772605895996094,113.56361389160156,200.5464630126953,152.5859375,106.56188201904297,191.79153442382812,171.51092529296875,0.3183170258998871,0.398021936416626,-0.8603793978691101,106.56188201904297,191.79153442382812,171.51092529296875,104.04911041259766,195.27020263671875,185.71229553222656,0.16937483847141266,-0.23448164761066437,-0.9572516083717346,1114,40.1068115234375,12.93290901184082,117.69898986816406,218.64053344726562,219.37118530273438,134.70204162597656,226.88656616210938,173.72117614746094,-0.3441444933414459,-0.16690102219581604,0.9239634871482849,134.70204162597656,226.88656616210938,173.72117614746094,127.89834594726562,203.4462890625,159.8456268310547,0.24233046174049377,0.834883451461792,0.4942120313644409,127.89834594726562,203.4462890625,159.8456268310547,120.52044677734375,197.37171936035156,172.08706665039062,0.4750683307647705,0.3911460041999817,-0.7882353067398071,120.52044677734375,197.37171936035156,172.08706665039062,116.98442840576172,199.54638671875,185.12879943847656,0.2583587169647217,-0.15889179706573486,-0.952892541885376
1,101.63013458251953,224.82913208007812,179.6260986328125,0.013852657750248909,0.28908008337020874,0.09255169332027435,-0.24730025231838226,0.45542311668395996,-0.8552381992340088,105.46167755126953,208.2752685546875,242.1577911376953,162.35447692871094,103.50265502929688,438.91009521484375,1110,41.38172912597656,16.309661865234375,79.64387512207031,205.8648223876953,223.19166564941406,79.64387512207031,205.8648223876953,223.19166564941406,0.0,0.0,0.0,79.64387512207031,205.8648223876953,223.19166564941406,82.10916137695312,199.9149932861328,181.14942932128906,-0.05796217918395996,0.1398884505033493,0.9884692430496216,82.10916137695312,199.9149932861328,181.14942932128906,95.02705383300781,192.9055938720703,158.41329956054688,-0.47715434432029724,0.25890952348709106,0.8398152589797974,95.02705383300781,192.9055938720703,158.41329956054688,110.48858642578125,186.82643127441406,150.08775329589844,-0.8320231437683105,0.3271346986293793,0.4480181634426117,1111,46.694664001464844,15.578988075256348,87.07502746582031,224.3414306640625,219.82687377929688,82.24729919433594,232.90869140625,157.91749572753906,0.07701503485441208,-0.13667047023773193,0.9876183271408081,82.24729919433594,232.90869140625,157.91749572753906,86.68094635009766,230.86090087890625,124.1556396484375,-0.12996849417686462,0.06002918630838394,0.9896992444992065,86.68094635009766,230.86090087890625,124.1556396484375,89.11827087402344,225.8102569580078,105.80134582519531,-0.1269974559545517,0.2631651759147644,0.9563555121421814,89.11827087402344,225.8102569580078,105.80134582519531,90.78498840332031,220.7230987548828,93.3357925415039,-0.12285631150007248,0.37498223781585693,0.9188550710678101,1112,53.2048225402832,15.300636291503906,97.34483337402344,226.2130889892578,218.77682495117188,100.92138671875,234.46592712402344,160.01486206054688,-0.06016438454389572,-0.1388283222913742,0.9884872436523438,100.92138671875,234.46592712402344,160.01486206054688,96.87299346923828,199.95968627929688,143.96173095703125,0.1057785302400589,0.9015970230102539,0.41944459080696106,96.87299346923828,199.95968627929688,143.96173095703125,93.18905639648438,189.39059448242188,163.57151794433594,0.16315613687038422,0.4680894613265991,-0.8684884905815125,93.18905639648438,189.39059448242188,163.57151794433594,92.13101196289062,191.8614959716797,178.24876403808594,0.07090814411640167,-0.1655951589345932,-0.9836413264274597,1113,51.15785598754883,14.559525489807129,107.78475952148438,225.47015380859375,218.60073852539062,118.9809799194336,232.6728515625,166.91485595703125,-0.20977357029914856,-0.13495050370693207,0.9683921337127686,118.9809799194336,232.6728515625,166.91485595703125,113.79674530029297,200.52577209472656,152.83334350585938,0.14613047242164612,0.906144917011261,0.39692223072052,113.79674530029297,200.52577209472656,152.83334350585938,106.80440521240234,191.75973510742188,171.7566680908203,0.3178899884223938,0.3985268771648407,-0.8603036403656006,106.80440521240234,191.75973510742188,171.7566680908203,104.26390075683594,195.25135803222656,185.94993591308594,0.17124401032924652,-0.23535463213920593,-0.9567044973373413,1114,40.1068115234375,12.93290901184082,117.77749633789062,218.67196655273438,219.59426879882812,134.8109588623047,226.96543884277344,173.96417236328125,-0.34475985169410706,-0.16786113381385803,0.9235600233078003,134.8109588623047,226.96543884277344,173.96417236328125,128.11270141601562,203.48582458496094,160.1038360595703,0.2385750114917755,0.8362845778465271,0.49367016553878784,128.11270141601562,203.48582458496094,160.1038360595703,120.73638153076172,197.39328002929688,172.33729553222656,0.47496652603149414,0.39230331778526306,-0.7877212762832642,120.73638153076172,197.39328002929688,172.33729553222656,117.17376708984375,199.57211303710938,185.37109375,0.26030194759368896,-0.159196138381958,-0.952312707901001
1,101.72827911376953,224.80581665039062,179.80433654785156,0.016265027225017548,0.2909463047981262,0.09396819025278091,-0.24736690521240234,0.4554779827594757,-0.8551896810531616,105.47882080078125,208.16351318359375,242.3184356689453,162.38694763183594,103.37826538085938,439.0596008300781,1110,41.38172912597656,16.309661865234375,79.69364166259766,205.72886657714844,223.2962188720703,79.69364166259766,205.72886657714844,223.2962188720703,0.0,0.0,0.0,79.69364166259766,205.72886657714844,223.2962188720703,82.163330078125,199.8737335205078,181.24093627929688,-0.05806566774845123,0.13766197860240936,0.9887757897377014,82.163330078125,199.8737335205078,181.24093627929688,95.07823181152344,192.93785095214844,158.48057556152344,-0.47704386711120605,0.25619399547576904,0.8407102823257446,95.07823181152344,192.93785095214844,158.48057556152344,110.5362777709961,186.90370178222656,150.11590576171875,-0.8318356871604919,0.32471248507499695,0.4501235783100128,1111,46.694664001464844,15.578988075256348,87.09724426269531,224.22462463378906,219.97630310058594,82.37217712402344,232.88584899902344,158.0720672607422,0.07537730038166046,-0.13816940784454346,0.9875360727310181,82.37217712402344,232.88584899902344,158.0720672607422,86.87137603759766,230.91221618652344,124.31446838378906,-0.13189007341861725,0.05785531923174858,0.9895744919776917,86.87137603759766,230.91221618652344,124.31446838378906,89.35206604003906,225.91233825683594,105.95208740234375,-0.12925703823566437,0.26052001118659973,0.9567769169807434,89.35206604003906,225.91233825683594,105.95208740234375,91.052001953125,220.8714599609375,93.47222137451172,-0.12530483305454254,0.37157073616981506,0.9199097156524658,1112,53.2048225402832,15.300636291503906,97.3655776977539,226.11688232421875,218.9490203857422,101.03932189941406,234.47386169433594,160.207763671875,-0.0617993026971817,-0.14058014750480652,0.9881386756896973,101.03932189941406,234.47386169433594,160.207763671875,97.07632446289062,199.96449279785156,144.14007568359375,0.10354728251695633,0.9016789793968201,0.41982501745224,97.07632446289062,199.96449279785156,144.14007568359375,93.3766860961914,189.37844848632812,163.73777770996094,0.16385139524936676,0.4688399136066437,-0.8679526448249817,93.3766860961914,189.37844848632812,163.73777770996094,92.29051208496094,191.84825134277344,178.4131317138672,0.07279343903064728,-0.1655217707157135,-0.9835159778594971,1113,51.15785598754883,14.559525489807129,107.80716705322266,225.39340209960938,218.7917022705078,119.08895111083984,232.7024688720703,167.1393585205078,-0.21137665212154388,-0.13694341480731964,0.9677635431289673,119.08895111083984,232.7024688720703,167.1393585205078,113.97981262207031,200.5573272705078,153.02603149414062,0.14401373267173767,0.906090497970581,0.3978191018104553,113.97981262207031,200.5573272705078,153.02603149414062,106.96890258789062,191.75765991210938,171.92684936523438,0.31873440742492676,0.40005603432655334,-0.8592808842658997,106.96890258789062,191.75765991210938,171.92684936523438,104.39923858642578,195.23504638671875,186.1183624267578,0.173209547996521,-0.23439505696296692,-0.9565863609313965,1114,40.1068115234375,12.93290901184082,117.81046295166016,218.61190795898438,219.7930908203125,134.9158935546875,227.01242065429688,174.20953369140625,-0.34621661901474,-0.1700277030467987,0.9226183891296387,134.9158935546875,227.01242065429688,174.20953369140625,128.2787322998047,203.53268432617188,160.3200225830078,0.23639880120754242,0.8362884521484375,0.4947090446949005,128.2787322998047,203.53268432617188,160.3200225830078,120.88318634033203,197.4142303466797,172.52891540527344,0.47620463371276855,0.3939717411994934,-0.7861395478248596,120.88318634033203,197.4142303466797,172.52891540527344,117.28927612304688,199.5775146484375,185.55670166015625,0.2625887095928192,-0.15806016325950623,-0.9518740177154541
1,101.80036163330078,224.7889862060547,179.92514038085938,0.015996426343917847,0.2923089563846588,0.09529358148574829,-0.24757549166679382,0.45528003573417664,-0.8552347421646118,105.48516082763672,208.0718231201172,242.42481994628906,162.4412841796875,103.33211517333984,439.17633056640625,1110,41.38172912597656,16.309661865234375,79.70608520507812,205.66513061523438,223.3661346435547,79.70608520507812,205.66513061523438,223.3661346435547,0.0,0.0,0.0,79.70608520507812,205.66513061523438,223.3661346435547,82.1224594116211,199.89004516601562,181.29669189453125,-0.056812185794115067,0.1357799768447876,0.9891088008880615,82.1224594116211,199.89004516601562,181.29669189453125,94.99752044677734,192.9903564453125,158.50277709960938,-0.4755721390247345,0.25485703349113464,0.8419495224952698,94.99752044677734,192.9903564453125,158.50277709960938,110.42913055419922,186.9615478515625,150.0856170654297,-0.8304132223129272,0.3244251608848572,0.45294827222824097,1111,46.694664001464844,15.578988075256348,87.1245346069336,224.16099548339844,220.08004760742188,82.47321319580078,232.91087341308594,158.18270874023438,0.07420087605714798,-0.13958369195461273,0.9874262809753418,82.47321319580078,232.91087341308594,158.18270874023438,86.99687957763672,230.97830200195312,124.4260025024414,-0.1326073259115219,0.05665164068341255,0.9895483255386353,86.99687957763672,230.97830200195312,124.4260025024414,89.4890365600586,226.0145721435547,106.05537414550781,-0.12985455989837646,0.25863656401634216,0.9572069048881531,89.4890365600586,226.0145721435547,106.05537414550781,91.19648742675781,221.00921630859375,93.56224060058594,-0.12585875391960144,0.3689522445201874,0.9208875298500061,1112,53.2048225402832,15.300636291503906,97.39514923095703,226.04843139648438,219.06675720214844,101.1389389038086,234.48460388183594,160.34124755859375,-0.06297760456800461,-0.1419123262166977,0.9878737926483154,101.1389389038086,234.48460388183594,160.34124755859375,97.16511535644531,199.98016357421875,144.26564025878906,0.10383014380931854,0.9015500545501709,0.420031875371933,97.16511535644531,199.98016357421875,144.26564025878906,93.4395751953125,189.38995361328125,163.85617065429688,0.1649986356496811,0.469024658203125,-0.8676354289054871,93.4395751953125,189.38995361328125,163.85617065429688,92.34280395507812,191.86328125,178.5301513671875,0.07350360602140427,-0.1657578945159912,-0.9834234118461609,1113,51.15785598754883,14.559525489807129,107.83647155761719,225.31884765625,218.91998291015625,119.1798095703125,232.69265747070312,167.2903289794922,-0.2125299572944641,-0.138156458735466,0.9673385620117188,119.1798095703125,232.69265747070312,167.2903289794922,114.05831146240234,200.56085205078125,153.1511688232422,0.1443621814250946,0.9057149887084961,0.3985474407672882,114.05831146240234,200.56085205078125,153.1511688232422,107.02218627929688,191.7465362548828,172.03579711914062,0.31988057494163513,0.4007217586040497,-0.8585444092750549,107.02218627929688,191.7465362548828,172.03579711914062,104.44258880615234,195.21743774414062,186.2270965576172,0.17387910187244415,-0.233957901597023,-0.9565718173980713,1114,40.1068115234375,12.93290901184082,117.83454132080078,218.5299072265625,219.9230194091797,134.99546813964844,226.98321533203125,174.37010192871094,-0.3473398983478546,-0.1710963100194931,0.9219983220100403,134.99546813964844,226.98321533203125,174.37010192871094,128.36097717285156,203.51515197753906,160.4596405029297,0.23630386590957642,0.8358733057975769,0.49545562267303467,128.36097717285156,203.51515197753906,160.4596405029297,120.92529296875,197.3974151611328,172.6444854736328,0.4787892699241638,0.39392566680908203,-0.7845913171768188,120.92529296875,197.3974151611328,172.6444854736328,117.30139923095703,199.5615234375,185.66383361816406,0.26477932929992676,-0.1581202894449234,-0.9512569904327393
1,101.86293029785156,224.7335205078125,180.09393310546875,0.018788723275065422,0.29292622208595276,0.09572349488735199,-0.24769817292690277,0.4553169906139374,-0.8551795482635498,105.5167465209961,207.9989013671875,242.59030151367188,162.5010986328125,103.25069427490234,439.3291320800781,1110,41.38172912597656,16.309661865234375,79.7656021118164,205.53945922851562,223.5023956298828,79.7656021118164,205.53945922851562,223.5023956298828,0.0,0.0,0.0,79.7656021118164,205.53945922851562,223.5023956298828,82.12159729003906,199.81759643554688,181.42225646972656,-0.05539259314537048,0.13452863693237305,0.9893602728843689,82.12159729003906,199.81759643554688,181.42225646972656,94.96208953857422,192.9745635986328,158.591796875,-0.47429537773132324,0.25276434421539307,0.8432995080947876,94.96208953857422,192.9745635986328,158.591796875,110.3768310546875,186.99066162109375,150.11190795898438,-0.8295053839683533,0.32200857996940613,0.4563238024711609,1111,46.694664001464844,15.578988075256348,87.1425552368164,224.05462646484375,220.23170471191406,82.54096221923828,232.81622314453125,158.33230590820312,0.07340758293867111,-0.13977064192295074,0.987459123134613,82.54096221923828,232.81622314453125,158.33230590820312,87.090087890625,230.8965606689453,124.57828521728516,-0.13335363566875458,0.05627322569489479,0.989469587802887,87.090087890625,230.8965606689453,124.57828521728516,89.60646057128906,225.96560668945312,106.2021255493164,-0.13111627101898193,0.2569286823272705,0.9574946761131287,89.60646057128906,225.96560668945312,106.2021255493164,91.33538055419922,220.9980010986328,93.69689178466797,-0.12744134664535522,0.36616984009742737,0.921779990196228,1112,53.2048225402832,15.300636291503906,97.40967559814453,225.9675750732422,219.23092651367188,101.2002944946289,234.43479919433594,160.5128936767578,-0.06376536190509796,-0.14243468642234802,0.9877481460571289,101.2002944946289,234.43479919433594,160.5128936767578,97.31841278076172,199.89883422851562,144.48260498046875,0.10142786800861359,0.9023740291595459,0.4188478887081146,97.31841278076172,199.89883422851562,144.48260498046875,93.59911346435547,189.31983947753906,164.08038330078125,0.16472220420837402,0.4685278534889221,-0.867956280708313,93.59911346435547,189.31983947753906,164.08038330078125,92.48543548583984,191.81903076171875,178.74871826171875,0.07463661581277847,-0.1674911230802536,-0.9830443859100342,1113,51.15785598754883,14.559525489807129,107.85291290283203,225.26356506347656,219.09588623046875,119.23750305175781,232.68438720703125,167.4820556640625,-0.213302880525589,-0.13903731107711792,0.9670421481132507,119.23750305175781,232.68438720703125,167.4820556640625,114.19815826416016,200.53147888183594,153.36134338378906,0.14204643666744232,0.9063094854354858,0.39802733063697815,114.19815826416016,200.53147888183594,153.36134338378906,107.16350555419922,191.70440673828125,172.2405548095703,0.31981369853019714,0.401301771402359,-0.8582982420921326,107.16350555419922,191.70440673828125,172.2405548095703,104.56568145751953,195.18472290039062,186.42620849609375,0.17510783672332764,-0.2345927357673645,-0.9561922550201416,1114,40.1068115234375,12.93290901184082,117.86640930175781,218.4987335205078,220.10791015625,135.05892944335938,227.01100158691406,174.577880859375,-0.3479793071746826,-0.1722896546125412,0.9215349555015564,135.05892944335938,227.01100158691406,174.577880859375,128.492431640625,203.51805114746094,160.6771697998047,0.2338821142911911,0.8367597460746765,0.49510833621025085,128.492431640625,203.51805114746094,160.6771697998047,121.04071807861328,197.39105224609375,172.84756469726562,0.4798212945461273,0.39452195167541504,-0.7836606502532959,121.04071807861328,197.39105224609375,172.84756469726562,117.38724517822266,199.5619659423828,185.8574981689453,0.26694074273109436,-0.15861766040325165,-0.9505698680877686
1,101.90779876708984,224.71876525878906,180.24246215820312,0.020297644659876823,0.29250454902648926,0.09609074890613556,-0.24719059467315674,0.4555329382419586,-0.8552114367485046,105.53109741210938,208.01394653320312,242.74732971191406,162.39866638183594,103.21605682373047,439.4934997558594,1110,41.38172912597656,16.309661865234375,79.80183410644531,205.52044677734375,223.6446533203125,79.80183410644531,205.52044677734375,223.6446533203125,0.0,0.0,0.0,79.80183410644531,205.52044677734375,223.6446533203125,82.07487487792969,199.81040954589844,181.558349609375,-0.053442228585481644,0.13425061106681824,0.9895052909851074,82.07487487792969,199.81040954589844,181.558349609375,94.8659896850586,192.98753356933594,158.6941680908203,-0.47247153520584106,0.25201985239982605,0.8445452451705933,94.8659896850586,192.98753356933594,158.6941680908203,110.25370788574219,187.022705078125,150.1519775390625,-0.8280508518218994,0.32098203897476196,0.45967620611190796,1111,46.694664001464844,15.578988075256348,87.15753936767578,224.0432586669922,220.3693389892578,82.59217071533203,232.7646026611328,158.46156311035156,0.07282968610525131,-0.13912847638130188,0.9875925183296204,82.59217071533203,232.7646026611328,158.46156311035156,87.14767456054688,230.83578491210938,124.70892333984375,-0.13354061543941498,0.056541603058576584,0.9894291162490845,87.14767456054688,230.83578491210938,124.70892333984375,89.67328643798828,225.91505432128906,106.33129119873047,-0.13159768283367157,0.25639596581459045,0.9575714468955994,89.67328643798828,225.91505432128906,106.33129119873047,91.41134643554688,220.96493530273438,93.82038879394531,-0.12811504304409027,0.3648808002471924,0.9221976399421692,1112,53.2048225402832,15.300636291503906,97.42295837402344,225.96881103515625,219.37535095214844,101.24773406982422,234.4083251953125,160.65553283691406,-0.06433992832899094,-0.1419685184955597,0.9877779483795166,101.24773406982422,234.4083251953125,160.65553283691406,97.41519927978516,199.84011840820312,144.68295288085938,0.10013848543167114,0.9032163023948669,0.4173399806022644,97.41519927978516,199.84011840820312,144.68295288085938,93.69587707519531,189.2813720703125,164.29165649414062,0.16472314298152924,0.46763089299201965,-0.868439793586731,93.69587707519531,189.2813720703125,164.29165649414062,92.57130432128906,191.8075714111328,178.95452880859375,0.0753667801618576,-0.16930119693279266,-0.9826784729957581,1113,51.15785598754883,14.559525489807129,107.86719512939453,225.27813720703125,219.2487030029297,119.28182220458984,232.68492126464844,167.6394805908203,-0.21386560797691345,-0.13877426087856293,0.9669556617736816,119.28182220458984,232.68492126464844,167.6394805908203,114.28672790527344,200.50918579101562,153.55508422851562,0.1407991349697113,0.906952977180481,0.3970036506652832,114.28672790527344,200.50918579101562,153.55508422851562,107.24935913085938,191.68679809570312,172.43548583984375,0.3199370503425598,0.4010886251926422,-0.85835200548172,107.24935913085938,191.68679809570312,172.43548583984375,104.64028930664062,195.1847686767578,186.61473083496094,0.17586587369441986,-0.23578274250030518,-0.9557602405548096,1114,40.1068115234375,12.93290901184082,117.8885726928711,218.52671813964844,220.27215576171875,135.10507202148438,227.03578186035156,174.75057983398438,-0.34846460819244385,-0.172224760055542,0.9213637113571167,135.10507202148438,227.03578186035156,174.75057983398438,128.57984924316406,203.51625061035156,160.87538146972656,0.23241190612316132,0.8377061486244202,0.4941994249820709,128.57984924316406,203.51625061035156,160.87538146972656,121.1063461303711,197.39532470703125,173.03546142578125,0.4812244474887848,0.39413100481033325,-0.782996654510498,121.1063461303711,197.39532470703125,173.03546142578125,117.42610931396484,199.58407592773438,186.03485107421875,0.2688963711261749,-0.15992103517055511,-0.9498000144958496
1,101.95110321044922,224.66226196289062,180.40809631347656,0.02061036042869091,0.29160764813423157,0.09615810215473175,-0.24648140370845795,0.4554348886013031,-0.8554682731628418,105.56157684326172,208.00926208496094,242.9267120361328,162.26600646972656,103.23393249511719,439.7319641113281,1110,41.38172912597656,16.309661865234375,79.84272766113281,205.4982147216797,223.82420349121094,79.84272766113281,205.4982147216797,223.82420349121094,0.0,0.0,0.0,79.84272766113281,205.4982147216797,223.82420349121094,81.9904556274414,199.77294921875,181.73338317871094,-0.05049595236778259,0.13460864126682281,0.9896113872528076,81.9904556274414,199.77294921875,181.73338317871094,94.7114486694336,192.9437255859375,158.83200073242188,-0.4698813259601593,0.2522542476654053,0.845919132232666,94.7114486694336,192.9437255859375,158.83200073242188,110.06388854980469,186.97854614257812,150.22682189941406,-0.8261527419090271,0.3210010528564453,0.4630659222602844,1111,46.694664001464844,15.578988075256348,87.19406127929688,224.0199432373047,220.5330047607422,82.6371078491211,232.68280029296875,158.6164093017578,0.07269545644521713,-0.1381954848766327,0.9877334833145142,82.6371078491211,232.68280029296875,158.6164093017578,87.18867492675781,230.74026489257812,124.86402893066406,-0.13342522084712982,0.056943733245134354,0.9894216060638428,87.18867492675781,230.74026489257812,124.86402893066406,89.7140121459961,225.82980346679688,106.48361206054688,-0.13158336281776428,0.2558608949184418,0.9577165246009827,89.7140121459961,225.82980346679688,106.48361206054688,91.45307159423828,220.8962860107422,93.9662857055664,-0.12818866968154907,0.3636569380760193,0.9226707816123962,1112,53.2048225402832,15.300636291503906,97.45914459228516,225.9473114013672,219.5390167236328,101.29185485839844,234.33351135253906,160.81210327148438,-0.06447343528270721,-0.14107173681259155,0.9878977537155151,101.29185485839844,234.33351135253906,160.81210327148438,97.46488189697266,199.73330688476562,144.90762329101562,0.09999316185712814,0.9040523767471313,0.41556063294410706,97.46488189697266,199.73330688476562,144.90762329101562,93.74637603759766,189.2056884765625,164.533203125,0.16468703746795654,0.4662523865699768,-0.8691874146461487,93.74637603759766,189.2056884765625,164.533203125,92.62262725830078,191.76812744140625,179.18984985351562,0.07531154900789261,-0.17172987759113312,-0.9822611212730408,1113,51.15785598754883,14.559525489807129,107.90357971191406,225.25930786132812,219.41482543945312,119.32518768310547,232.62139892578125,167.80075073242188,-0.21399641036987305,-0.13793689012527466,0.9670465588569641,119.32518768310547,232.62139892578125,167.80075073242188,114.33454895019531,200.4241485595703,153.7639923095703,0.14067348837852478,0.9075590968132019,0.39566072821617126,114.33454895019531,200.4241485595703,153.7639923095703,107.29656219482422,191.6195831298828,172.6524658203125,0.31996533274650574,0.40027862787246704,-0.858719527721405,107.29656219482422,191.6195831298828,172.6524658203125,104.68848419189453,195.14405822753906,186.82533264160156,0.17579898238182068,-0.23756924271583557,-0.9553301334381104,1114,40.1068115234375,12.93290901184082,117.92658233642578,218.51150512695312,220.44625854492188,135.14871215820312,226.98304748535156,174.91981506347656,-0.3485785722732544,-0.17146532237529755,0.9214622378349304,135.14871215820312,226.98304748535156,174.91981506347656,128.6356201171875,203.43850708007812,161.08139038085938,0.23197989165782928,0.8385970592498779,0.49288973212242126,128.6356201171875,203.43850708007812,161.08139038085938,121.13702392578125,197.3375701904297,173.23606872558594,0.4828401803970337,0.3928438425064087,-0.7826487421989441,121.13702392578125,197.3375701904297,173.23606872558594,117.43685913085938,199.5556640625,186.22483825683594,0.27035215497016907,-0.162064790725708,-0.9490230679512024
1,101.9968490600586,224.61582946777344,180.54986572265625,0.019304635003209114,0.2902349531650543,0.09632694721221924,-0.24529118835926056,0.4552924931049347,-0.8558861017227173,105.58971405029297,208.03134155273438,243.0870819091797,162.02032470703125,103.28877258300781,439.9884338378906,1110,41.38172912597656,16.309661865234375,79.87178802490234,205.5340118408203,223.99368286132812,79.87178802490234,205.5340118408203,223.99368286132812,0.0,0.0,0.0,79.87178802490234,205.5340118408203,223.99368286132812,81.88884735107422,199.7826385498047,181.8999481201172,-0.047423746436834335,0.1352224349975586,0.9896796941757202,81.88884735107422,199.7826385498047,181.8999481201172,94.5209732055664,192.92491149902344,158.9579315185547,-0.46659883856773376,0.25330713391304016,0.8474201560020447,94.5209732055664,192.92491149902344,158.9579315185547,109.82292175292969,186.93374633789062,150.2811737060547,-0.8234357237815857,0.32239940762519836,0.46691781282424927,1111,46.694664001464844,15.578988075256348,87.24569702148438,224.04238891601562,220.67799377441406,82.68926239013672,232.63307189941406,158.75128173828125,0.07268715649843216,-0.13704407215118408,0.9878944754600525,82.68926239013672,232.63307189941406,158.75128173828125,87.22245025634766,230.65264892578125,124.9986343383789,-0.13288646936416626,0.05805438011884689,0.9894295930862427,87.22245025634766,230.65264892578125,124.9986343383789,89.73371124267578,225.73887634277344,106.61717987060547,-0.13084997236728668,0.2560335099697113,0.9577709436416626,89.73371124267578,225.73887634277344,106.61717987060547,91.46184539794922,220.8109588623047,94.09613800048828,-0.12738336622714996,0.3632442355155945,0.9229448437690735,1112,53.2048225402832,15.300636291503906,97.51301574707031,225.9556884765625,219.6798858642578,101.34642028808594,234.26324462890625,160.9418182373047,-0.0644850879907608,-0.1397487372159958,0.9880849123001099,101.34642028808594,234.26324462890625,160.9418182373047,97.46949005126953,199.63755798339844,145.10504150390625,0.10129848122596741,0.9047182202339172,0.413791686296463,97.46949005126953,199.63755798339844,145.10504150390625,93.74185180664062,189.14663696289062,164.74853515625,0.16509146988391876,0.46462705731391907,-0.8699806928634644,93.74185180664062,189.14663696289062,164.74853515625,92.62606811523438,191.74205017089844,179.3999786376953,0.07477779686450958,-0.17393986880779266,-0.9819130897521973,1113,51.15785598754883,14.559525489807129,107.95655822753906,225.25448608398438,219.55482482910156,119.3787612915039,232.53738403320312,167.92965698242188,-0.21400758624076843,-0.13645313680171967,0.9672545194625854,119.3787612915039,232.53738403320312,167.92965698242188,114.34150695800781,200.32437133789062,153.9458465576172,0.14198751747608185,0.9080036878585815,0.3941684067249298,114.34150695800781,200.32437133789062,153.9458465576172,107.29578399658203,191.55319213867188,172.8469696044922,0.32031697034835815,0.39876070618629456,-0.8592944145202637,107.29578399658203,191.55319213867188,172.8469696044922,104.69780731201172,195.10939025878906,187.01377868652344,0.17511793971061707,-0.2397073358297348,-0.9549209475517273,1114,40.1068115234375,12.93290901184082,117.97130584716797,218.4954833984375,220.5930938720703,135.1964111328125,226.88824462890625,175.05319213867188,-0.3486388325691223,-0.1698707938194275,0.9217346906661987,135.1964111328125,226.88824462890625,175.05319213867188,128.6585693359375,203.32566833496094,161.25718688964844,0.23286136984825134,0.8392392992973328,0.4913787543773651,128.6585693359375,203.32566833496094,161.25718688964844,121.1277084350586,197.26014709472656,173.40965270996094,0.4849174916744232,0.3905632197856903,-0.7825059294700623,121.1277084350586,197.26014709472656,173.40965270996094,117.41284942626953,199.51634216308594,186.38766479492188,0.27142569422721863,-0.16484859585762024,-0.9482367634773254
1,102.06265258789062,224.57687377929688,180.66665649414062,0.01839454472064972,0.2894465923309326,0.09674666076898575,-0.24359184503555298,0.45498013496398926,-0.8565372824668884,105.61907196044922,208.0334014892578,243.21713256835938,161.6587371826172,103.3626937866211,440.268310546875,1110,41.38172912597656,16.309661865234375,79.91254425048828,205.5469207763672,224.12045288085938,79.91254425048828,205.5469207763672,224.12045288085938,0.0,0.0,0.0,79.91254425048828,205.5469207763672,224.12045288085938,81.81678009033203,199.79241943359375,182.0218963623047,-0.04477112367749214,0.13529600203037262,0.9897931814193726,81.81678009033203,199.79241943359375,182.0218963623047,94.37267303466797,192.9217987060547,159.0419158935547,-0.4637828767299652,0.25378334522247314,0.848822295665741,94.37267303466797,192.9217987060547,159.0419158935547,109.62950897216797,186.9138641357422,150.29757690429688,-0.8210080862045288,0.3233018219470978,0.47055450081825256,1111,46.694664001464844,15.578988075256348,87.30461883544922,224.04591369628906,220.79283142089844,82.76615905761719,232.59707641601562,158.85934448242188,0.07240042835474014,-0.13641364872455597,0.9880028367042542,82.76615905761719,232.59707641601562,158.85934448242188,87.29027557373047,230.59422302246094,125.10679626464844,-0.13262051343917847,0.05871189385652542,0.9894264340400696,87.29027557373047,230.59422302246094,125.10679626464844,89.79375457763672,225.6891326904297,106.72196197509766,-0.1304444819688797,0.2555811405181885,0.9579470157623291,89.79375457763672,225.6891326904297,106.72196197509766,91.51580047607422,220.77577209472656,94.19436645507812,-0.12693461775779724,0.3621712923049927,0.9234281182289124,1112,53.2048225402832,15.300636291503906,97.57391357421875,225.94871520996094,219.7949981689453,101.42451477050781,234.21102905273438,161.0516815185547,-0.06477437168359756,-0.1389876902103424,0.9881733655929565,101.42451477050781,234.21102905273438,161.0516815185547,97.51133728027344,199.56349182128906,145.27169799804688,0.10224554687738419,0.9052889943122864,0.41230764985084534,97.51133728027344,199.56349182128906,145.27169799804688,93.77212524414062,189.1048583984375,164.93019104003906,0.1656041443347931,0.4631973206996918,-0.8706454038619995,93.77212524414062,189.1048583984375,164.93019104003906,92.66021728515625,191.7326202392578,179.576171875,0.07451798766851425,-0.17610767483711243,-0.9815462231636047,1113,51.15785598754883,14.559525489807129,108.01680755615234,225.23745727539062,219.67210388183594,119.4541015625,232.47293090820312,168.04360961914062,-0.2142903208732605,-0.13556458055973053,0.9673168063163757,119.4541015625,232.47293090820312,168.04360961914062,114.38247680664062,200.24850463867188,154.0985565185547,0.14295631647109985,0.9083253145217896,0.3930758833885193,114.38247680664062,200.24850463867188,154.0985565185547,107.3261489868164,191.5028076171875,173.00753784179688,0.32079899311065674,0.3976021111011505,-0.8596513867378235,107.3261489868164,191.5028076171875,173.00753784179688,104.73359680175781,195.08509826660156,187.1687469482422,0.17475250363349915,-0.24146641790866852,-0.9545446634292603,1114,40.1068115234375,12.93290901184082,118.02493286132812,218.4696502685547,220.71673583984375,135.26524353027344,226.81375122070312,175.17364501953125,-0.34894657135009766,-0.16888590157032013,0.9217992424964905,135.26524353027344,226.81375122070312,175.17364501953125,128.70872497558594,203.2401123046875,161.4054412841797,0.23352663218975067,0.8396334648132324,0.4903886318206787,128.70872497558594,203.2401123046875,161.4054412841797,121.15376281738281,197.19903564453125,173.5551300048828,0.48646920919418335,0.38898909091949463,-0.7823268175125122,121.15376281738281,197.19903564453125,173.5551300048828,117.42866516113281,199.48287963867188,186.52536010742188,0.2721739411354065,-0.16686886548995972,-0.9476687908172607
1,102.14030456542969,224.59689331054688,180.80812072753906,0.016008799895644188,0.28990504145622253,0.09764774143695831,-0.24156753718852997,0.45464783906936646,-0.8572866916656494,105.63871765136719,208.0179443359375,243.35484313964844,161.21267700195312,103.42367553710938,440.57843017578125,1110,41.38172912597656,16.309661865234375,79.93680572509766,205.59176635742188,224.2455291748047,79.93680572509766,205.59176635742188,224.2455291748047,0.0,0.0,0.0,79.93680572509766,205.59176635742188,224.2455291748047,81.74311828613281,199.90406799316406,182.1335906982422,-0.042468827217817307,0.13372540473937988,0.990108072757721,81.74311828613281,199.90406799316406,182.1335906982422,94.20860290527344,193.0435333251953,159.1014404296875,-0.46044352650642395,0.25341081619262695,0.8507494926452637,94.20860290527344,193.0435333251953,159.1014404296875,109.4040756225586,187.00987243652344,150.26840209960938,-0.8177057504653931,0.3246861398220062,0.4753275215625763,1111,46.694664001464844,15.578988075256348,87.3744888305664,224.07492065429688,220.93154907226562,82.86697387695312,232.6787567138672,159.0030975341797,0.07190677523612976,-0.13725392520427704,0.9879224896430969,82.86697387695312,232.6787567138672,159.0030975341797,87.37885284423828,230.68594360351562,125.2483139038086,-0.13226178288459778,0.05841757357120514,0.9894919395446777,87.37885284423828,230.68594360351562,125.2483139038086,89.86695098876953,225.80104064941406,106.85601806640625,-0.12964306771755219,0.25452926754951477,0.958335816860199,89.86695098876953,225.80104064941406,106.85601806640625,91.57524871826172,220.90875244140625,94.31829071044922,-0.12592117488384247,0.36061787605285645,0.9241746068000793,1112,53.2048225402832,15.300636291503906,97.64854431152344,225.953369140625,219.9366455078125,101.52884674072266,234.24575805664062,161.1995391845703,-0.06527402251958847,-0.1394936591386795,0.9880691766738892,101.52884674072266,234.24575805664062,161.1995391845703,97.52764892578125,199.6032257080078,145.43064880371094,0.10454539209604263,0.9051582217216492,0.412017822265625,97.52764892578125,199.6032257080078,145.43064880371094,93.76139831542969,189.1561279296875,165.09011840820312,0.1668016016483307,0.46268633008003235,-0.8706884980201721,93.76139831542969,189.1561279296875,165.09011840820312,92.6566390991211,191.79405212402344,179.7348175048828,0.07403887808322906,-0.17678870260715485,-0.9814600944519043,1113,51.15785598754883,14.559525489807129,108.0896987915039,225.2167510986328,219.81495666503906,119.5530014038086,232.4590301513672,168.1931915283203,-0.2147776484489441,-0.13569210469722748,0.9671908617019653,119.5530014038086,232.4590301513672,168.1931915283203,114.39735412597656,200.2480926513672,154.24777221679688,0.1453246772289276,0.9079450368881226,0.39308616518974304,114.39735412597656,200.2480926513672,154.24777221679688,107.31736755371094,191.51202392578125,173.15234375,0.32187482714653015,0.3971646726131439,-0.8594515323638916,107.31736755371094,191.51202392578125,173.15234375,104.73397064208984,195.09970092773438,187.31387329101562,0.1741352677345276,-0.24182932078838348,-0.9545655846595764,1114,40.1068115234375,12.93290901184082,118.08113098144531,218.42385864257812,220.85665893554688,135.34913635253906,226.75653076171875,175.3219757080078,-0.3495071530342102,-0.16865460574626923,0.9216291904449463,135.34913635253906,226.75653076171875,175.3219757080078,128.74131774902344,203.19528198242188,161.55709838867188,0.23535384237766266,0.839192271232605,0.4902702271938324,128.74131774902344,203.19528198242188,161.55709838867188,121.13992309570312,197.18002319335938,173.69061279296875,0.4894593358039856,0.3873268961906433,-0.78128582239151,121.13992309570312,197.18002319335938,173.69061279296875,117.39473724365234,199.48179626464844,186.65188598632812,0.2736416757106781,-0.16817885637283325,-0.947014331817627
1,102.19221496582031,224.59097290039062,180.90443420410156,0.014653383754193783,0.2897716760635376,0.09815134108066559,-0.23949427902698517,0.4546668529510498,-0.8578581213951111,105.64875030517578,208.0117645263672,243.45431518554688,160.74574279785156,103.41312408447266,440.8093566894531,1110,41.38172912597656,16.309661865234375,79.95830535888672,205.61708068847656,224.33995056152344,79.95830535888672,205.61708068847656,224.33995056152344,0.0,0.0,0.0,79.95830535888672,205.61708068847656,224.33995056152344,81.66681671142578,199.9640655517578,182.21925354003906,-0.04016938433051109,0.13290993869304657,0.9903138279914856,81.66681671142578,199.9640655517578,182.21925354003906,94.04613494873047,193.10916137695312,159.1389923095703,-0.4572605788707733,0.25320273637771606,0.8525262475013733,94.04613494873047,193.10916137695312,159.1389923095703,109.18551635742188,187.06007385253906,150.2206268310547,-0.8146879076957703,0.3255164921283722,0.47991952300071716,1111,46.694664001464844,15.578988075256348,87.42186737060547,224.08987426757812,221.02647399902344,82.93215942382812,232.69924926757812,159.0974884033203,0.07162269204854965,-0.13734225928783417,0.9879307746887207,82.93215942382812,232.69924926757812,159.0974884033203,87.43282318115234,230.6906280517578,125.34215545654297,-0.1319330483675003,0.058880988508462906,0.9895082712173462,87.43282318115234,230.6906280517578,125.34215545654297,89.91022491455078,225.8188934326172,106.9449234008789,-0.1290857195854187,0.25384312868118286,0.9585930109024048,89.91022491455078,225.8188934326172,106.9449234008789,91.60969543457031,220.9437255859375,94.39933013916016,-0.12527050077915192,0.3593558967113495,0.9247543811798096,1112,53.2048225402832,15.300636291503906,97.69861602783203,225.95408630371094,220.03253173828125,101.5959701538086,234.24044799804688,161.29568481445312,-0.06556084752082825,-0.13939222693443298,0.9880645275115967,101.5959701538086,234.24044799804688,161.29568481445312,97.54241943359375,199.58871459960938,145.5604248046875,0.10591331869363785,0.9053987860679626,0.41113919019699097,97.54241943359375,199.58871459960938,145.5604248046875,93.76133728027344,189.1610565185547,165.2273712158203,0.1674584448337555,0.46182531118392944,-0.8710194826126099,93.76133728027344,189.1610565185547,165.2273712158203,92.66191864013672,191.8175811767578,179.86911010742188,0.07368096709251404,-0.17803527414798737,-0.9812617301940918,1113,51.15785598754883,14.559525489807129,108.13874816894531,225.20303344726562,219.91183471679688,119.61697387695312,232.42886352539062,168.29107666015625,-0.21505725383758545,-0.13538391888141632,0.9671719670295715,119.61697387695312,232.42886352539062,168.29107666015625,114.4105453491211,200.2168731689453,154.36697387695312,0.14675608277320862,0.9079747200012207,0.3924853205680847,114.4105453491211,200.2168731689453,154.36697387695312,107.31771850585938,191.49822998046875,173.2747802734375,0.32245850563049316,0.39637237787246704,-0.8595984578132629,107.31771850585938,191.49822998046875,173.2747802734375,104.74156188964844,195.10096740722656,187.4337921142578,0.17364737391471863,-0.24284467101097107,-0.954396665096283,1114,40.1068115234375,12.93290901184082,118.12067413330078,218.39633178710938,220.95455932617188,135.40452575683594,226.70460510253906,175.4214324951172,-0.34982791543006897,-0.16816078126430511,0.9215977787971497,135.40452575683594,226.70460510253906,175.4214324951172,128.76568603515625,203.1416473388672,161.6743927001953,0.23645862936973572,0.839252769947052,0.4896346926689148,128.76568603515625,203.1416473388672,161.6743927001953,121.13453674316406,197.14984130859375,173.8008270263672,0.4913753569126129,0.3858168423175812,-0.7808300852775574,121.13453674316406,197.14984130859375,173.8008270263672,117.37662506103516,199.47262573242188,186.75466918945312,0.2745714485645294,-0.16971401870250702,-0.9464712142944336
1,102.26908111572266,224.58538818359375,180.98692321777344,0.013588756322860718,0.28909456729888916,0.09850969910621643,-0.23711293935775757,0.4550929069519043,-0.8582935929298401,105.68671417236328,208.03347778320312,243.5458221435547,160.23587036132812,103.33682250976562,441.00103759765625,1110,41.38172912597656,16.309661865234375,80.01224517822266,205.66073608398438,224.4321746826172,80.01224517822266,205.66073608398438,224.4321746826172,0.0,0.0,0.0,80.01224517822266,205.66073608398438,224.4321746826172,81.62751770019531,200.02455139160156,182.3055419921875,-0.03797721117734909,0.13251422345638275,0.99045330286026,81.62751770019531,200.02455139160156,182.3055419921875,93.92164611816406,193.1689453125,159.1800079345703,-0.45411401987075806,0.2532287538051605,0.8541987538337708,93.92164611816406,193.1689453125,159.1800079345703,109.0030746459961,187.10479736328125,150.17410278320312,-0.811569094657898,0.326326847076416,0.48463010787963867,1111,46.694664001464844,15.578988075256348,87.49592590332031,224.12355041503906,221.10838317871094,83.0190200805664,232.7017822265625,159.17416381835938,0.07141848653554916,-0.13684548437595367,0.9880145788192749,83.0190200805664,232.7017822265625,159.17416381835938,87.51123809814453,230.67276000976562,125.4189224243164,-0.13168545067310333,0.059479016810655594,0.9895054697990417,87.51123809814453,230.67276000976562,125.4189224243164,89.98094177246094,225.8170623779297,107.01641082763672,-0.12868456542491913,0.2530074119567871,0.9588677883148193,89.98094177246094,225.8170623779297,107.01641082763672,91.6742172241211,220.96055603027344,94.4627456665039,-0.12481386214494705,0.357980340719223,0.9253494143486023,1112,53.2048225402832,15.300636291503906,97.77472686767578,225.97608947753906,220.11395263671875,101.68435668945312,234.22412109375,161.37254333496094,-0.06576737016439438,-0.13874748349189758,0.9881415963172913,101.68435668945312,234.22412109375,161.37254333496094,97.58795166015625,199.55210876464844,145.69313049316406,0.10703300684690475,0.9059284329414368,0.4096798598766327,97.58795166015625,199.55210876464844,145.69313049316406,93.7959976196289,189.1537322998047,165.37347412109375,0.16794000566005707,0.4605286121368408,-0.8716131448745728,93.7959976196289,189.1537322998047,165.37347412109375,92.70193481445312,191.8380889892578,180.01052856445312,0.07332206517457962,-0.1799006164073944,-0.9809483289718628,1113,51.15785598754883,14.559525489807129,108.21405029296875,225.2136993408203,219.9943084716797,119.7030029296875,232.3971405029297,168.37001037597656,-0.2152581810951233,-0.13458968698978424,0.9672381281852722,119.7030029296875,232.3971405029297,168.37001037597656,114.4541015625,200.1737060546875,154.48843383789062,0.1479533165693283,0.9082975387573242,0.391286700963974,114.4541015625,200.1737060546875,154.48843383789062,107.35173797607422,191.48025512695312,173.40426635742188,0.3228919506072998,0.39522692561149597,-0.8599629998207092,107.35173797607422,191.48025512695312,173.40426635742188,104.78243255615234,195.1057586669922,187.55873107910156,0.1731853485107422,-0.244378924369812,-0.9540889859199524,1114,40.1068115234375,12.93290901184082,118.18856811523438,218.3968505859375,221.0415496826172,135.4839630126953,226.66000366210938,175.5045928955078,-0.3500615358352661,-0.16724751889705658,0.9216752052307129,135.4839630126953,226.66000366210938,175.5045928955078,128.8194122314453,203.08517456054688,161.79037475585938,0.23737435042858124,0.8396754264831543,0.4884655475616455,128.8194122314453,203.08517456054688,161.79037475585938,121.1616439819336,197.12054443359375,173.91342163085938,0.493089497089386,0.3840670585632324,-0.7806121706962585,121.1616439819336,197.12054443359375,173.91342163085938,117.39116668701172,199.4692840576172,186.85891723632812,0.27548977732658386,-0.17161056399345398,-0.9458621144294739
1,102.33219909667969,224.55941772460938,181.0457000732422,0.012924794107675552,0.28782305121421814,0.098164401948452,-0.23467695713043213,0.45556512475013733,-0.8587124943733215,105.74565887451172,208.06961059570312,243.62010192871094,159.73440551757812,103.26432037353516,441.17169189453125,1110,41.38172912597656,16.309661865234375,80.08564758300781,205.69903564453125,224.52415466308594,80.08564758300781,205.69903564453125,224.52415466308594,0.0,0.0,0.0,80.08564758300781,205.69903564453125,224.52415466308594,81.60578918457031,200.04347229003906,182.39659118652344,-0.03574056550860405,0.13296987116336823,0.9904754161834717,81.60578918457031,200.04347229003906,182.39659118652344,93.81639099121094,193.1748809814453,159.23069763183594,-0.45102885365486145,0.25370845198631287,0.8556897044181824,93.81639099121094,193.1748809814453,159.23069763183594,108.84156799316406,187.0979766845703,150.13975524902344,-0.8085417747497559,0.32701319456100464,0.4892059862613678,1111,46.694664001464844,15.578988075256348,87.57742309570312,224.15390014648438,221.17454528808594,83.07625579833984,232.659423828125,159.23204040527344,0.07180549949407578,-0.13568554818630219,0.9881464242935181,83.07625579833984,232.659423828125,159.23204040527344,87.54261016845703,230.58982849121094,125.47583770751953,-0.13092732429504395,0.060668397694826126,0.9895339012145996,87.54261016845703,230.58982849121094,125.47583770751953,89.99708557128906,225.73434448242188,107.07123565673828,-0.12789112329483032,0.2529963552951813,0.9589769244194031,89.99708557128906,225.73434448242188,107.07123565673828,91.67972564697266,220.88330078125,94.51403045654297,-0.12402993440628052,0.35757774114608765,0.9256105422973633,1112,53.2048225402832,15.300636291503906,97.85672760009766,225.99986267089844,220.173095703125,101.743408203125,234.17466735839844,161.419921875,-0.06538131088018417,-0.13751566410064697,0.988339364528656,101.743408203125,234.17466735839844,161.419921875,97.61786651611328,199.47665405273438,145.80581665039062,0.10779432952404022,0.906607985496521,0.4079735577106476,97.61786651611328,199.47665405273438,145.80581665039062,93.82994079589844,189.10714721679688,165.50218200683594,0.16776147484779358,0.45924967527389526,-0.8723220825195312,93.82994079589844,189.10714721679688,165.50218200683594,92.74539184570312,191.81695556640625,180.13523864746094,0.07268454134464264,-0.18160653114318848,-0.9806813597679138,1113,51.15785598754883,14.559525489807129,108.29559326171875,225.23187255859375,220.04953002929688,119.76433563232422,232.34677124023438,168.4112548828125,-0.21487954258918762,-0.13330547511577606,0.9675000905990601,119.76433563232422,232.34677124023438,168.4112548828125,114.48668670654297,200.1034698486328,154.5867919921875,0.14876359701156616,0.9088572859764099,0.3896767199039459,114.48668670654297,200.1034698486328,154.5867919921875,107.38862609863281,191.43711853027344,173.5166778564453,0.3226962387561798,0.3939948081970215,-0.8606017231941223,107.38862609863281,191.43711853027344,173.5166778564453,104.82994842529297,195.0878448486328,187.66656494140625,0.17246919870376587,-0.24607938528060913,-0.9537816047668457,1114,40.1068115234375,12.93290901184082,118.26703643798828,218.4110870361328,221.1004180908203,135.5456085205078,226.61001586914062,175.54547119140625,-0.3497210443019867,-0.16594763100147247,0.9220393896102905,135.5456085205078,226.61001586914062,175.54547119140625,128.86326599121094,203.0135498046875,161.87722778320312,0.23800817131996155,0.8404465317726135,0.4868282973766327,128.86326599121094,203.0135498046875,161.87722778320312,121.1898422241211,197.07508850097656,174.0032196044922,0.49409762024879456,0.3823820650577545,-0.7808018922805786,121.1898422241211,197.07508850097656,174.0032196044922,117.41221618652344,199.45123291015625,186.94163513183594,0.27601194381713867,-0.1736128032207489,-0.9453443288803101
1,102.3995361328125,224.5646514892578,181.12567138671875,0.014337425120174885,0.28766578435897827,0.09783913195133209,-0.2327667772769928,0.4557894170284271,-0.8591132760047913,105.8069076538086,208.09121704101562,243.70436096191406,159.356201171875,103.23432922363281,441.3481750488281,1110,41.38172912597656,16.309661865234375,80.17526245117188,205.68582153320312,224.60751342773438,80.17526245117188,205.68582153320312,224.60751342773438,0.0,0.0,0.0,80.17526245117188,205.68582153320312,224.60751342773438,81.62548065185547,200.05259704589844,182.4744873046875,-0.03409656882286072,0.13244463503360748,0.9906038045883179,81.62548065185547,200.05259704589844,182.4744873046875,93.76815795898438,193.2171630859375,159.26312255859375,-0.44851985573768616,0.25248366594314575,0.8573691844940186,93.76815795898438,193.2171630859375,159.26312255859375,108.74868774414062,187.1651153564453,150.08236694335938,-0.806139349937439,0.3256756663322449,0.4940391778945923,1111,46.694664001464844,15.578988075256348,87.64173126220703,224.1501007080078,221.25331115722656,83.13433074951172,232.63172912597656,159.3079833984375,0.07190493494272232,-0.13530436158180237,0.9881914854049683,83.13433074951172,232.63172912597656,159.3079833984375,87.59996032714844,230.56358337402344,125.55159759521484,-0.13090607523918152,0.06062591075897217,0.9895393252372742,87.59996032714844,230.56358337402344,125.55159759521484,90.05998992919922,225.73031616210938,107.14188385009766,-0.12818048894405365,0.25183865427970886,0.9592429995536804,90.05998992919922,225.73031616210938,107.14188385009766,91.7491226196289,220.90098571777344,94.57718658447266,-0.12450854480266571,0.35597729682922363,0.9261629581451416,1112,53.2048225402832,15.300636291503906,97.9185562133789,226.01004028320312,220.25225830078125,101.7991714477539,234.17349243164062,161.49710083007812,-0.0652792826294899,-0.13732469081878662,0.9883727431297302,101.7991714477539,234.17349243164062,161.49710083007812,97.71898651123047,199.4551239013672,145.91635131835938,0.10660920292139053,0.9071397185325623,0.40710195899009705,97.71898651123047,199.4551239013672,145.91635131835938,93.94441986083984,189.09286499023438,165.61907958984375,0.16716991364955902,0.4589289426803589,-0.8726043701171875,93.94441986083984,189.09286499023438,165.61907958984375,92.85714721679688,191.81820678710938,180.2490692138672,0.07286697626113892,-0.18264730274677277,-0.9804745316505432,1113,51.15785598754883,14.559525489807129,108.35848999023438,225.25650024414062,220.12985229492188,119.82199096679688,232.37257385253906,168.49057006835938,-0.21478131413459778,-0.13332748413085938,0.9675188660621643,119.82199096679688,232.37257385253906,168.49057006835938,114.58494567871094,200.11236572265625,154.6901397705078,0.1476190984249115,0.9093338847160339,0.3889993131160736,114.58494567871094,200.11236572265625,154.6901397705078,107.4975357055664,191.44383239746094,173.6230010986328,0.32221224904060364,0.3940942585468292,-0.8607375621795654,107.4975357055664,191.44383239746094,173.6230010986328,104.93524932861328,195.1035614013672,187.76992797851562,0.17271223664283752,-0.2466859221458435,-0.9535808563232422,1114,40.1068115234375,12.93290901184082,118.33929443359375,218.44984436035156,221.18357849121094,135.61056518554688,226.65975952148438,175.62783813476562,-0.3495732545852661,-0.16616998612880707,0.9220553636550903,135.61056518554688,226.65975952148438,175.62783813476562,128.9585418701172,203.0441436767578,161.97789001464844,0.23692826926708221,0.8411285877227783,0.48617666959762573,128.9585418701172,203.0441436767578,161.97789001464844,121.2853012084961,197.1011962890625,174.101806640625,0.4940856397151947,0.3826707899570465,-0.7806679606437683,121.2853012084961,197.1011962890625,174.101806640625,117.49921417236328,199.48236083984375,187.0368194580078,0.2766302824020386,-0.17397966980934143,-0.9450960755348206
1,102.48738861083984,224.5795135498047,181.18951416015625,0.016568342223763466,0.2881014347076416,0.09736557304859161,-0.23112908005714417,0.45580658316612244,-0.8595462441444397,105.89705657958984,208.09725952148438,243.76605224609375,159.06959533691406,103.23641967773438,441.50946044921875,1110,41.38172912597656,16.309661865234375,80.29743957519531,205.64199829101562,224.6633758544922,80.29743957519531,205.64199829101562,224.6633758544922,0.0,0.0,0.0,80.29743957519531,205.64199829101562,224.6633758544922,81.6878890991211,200.05435180664062,182.5222625732422,-0.03269132599234581,0.13137303292751312,0.9907938241958618,81.6878890991211,200.05435180664062,182.5222625732422,93.77384948730469,193.2730712890625,159.2654571533203,-0.4464248716831207,0.2504833936691284,0.8590476512908936,93.77384948730469,193.2730712890625,159.2654571533203,108.71780395507812,187.26229858398438,149.9983673095703,-0.8041707873344421,0.3234543800354004,0.4986847937107086,1111,46.694664001464844,15.578988075256348,87.72411346435547,224.12332153320312,221.314697265625,83.2081069946289,232.60964965820312,159.37063598632812,0.07204221934080124,-0.13537932932376862,0.9881712794303894,83.2081069946289,232.60964965820312,159.37063598632812,87.67745208740234,230.558349609375,125.61371612548828,-0.13101500272750854,0.060132093727588654,0.9895550012588501,87.67745208740234,230.558349609375,125.61371612548828,90.14818572998047,225.75474548339844,107.19767761230469,-0.12873825430870056,0.250293105840683,0.9595727324485779,90.14818572998047,225.75474548339844,107.19767761230469,91.84848022460938,220.95167541503906,94.62442016601562,-0.12533126771450043,0.35404154658317566,0.9267937541007996,1112,53.2048225402832,15.300636291503906,97.99701690673828,226.00592041015625,220.31573486328125,101.86918640136719,234.19163513183594,161.5631103515625,-0.06513719260692596,-0.137699156999588,0.9883299469947815,101.86918640136719,234.19163513183594,161.5631103515625,97.86167907714844,199.4543914794922,146.005615234375,0.10471028089523315,0.9076331257820129,0.40649449825286865,97.86167907714844,199.4543914794922,146.005615234375,94.1078109741211,189.0908203125,165.7116241455078,0.16625310480594635,0.4589867889881134,-0.8727491497993469,94.1078109741211,189.0908203125,165.7116241455078,93.01502990722656,191.82569885253906,180.33941650390625,0.07323617488145828,-0.18328651785850525,-0.9803277254104614,1113,51.15785598754883,14.559525489807129,108.43859100341797,225.27520751953125,220.19480895996094,119.894775390625,232.4284210205078,168.5590362548828,-0.21464425325393677,-0.13402335345745087,0.9674531817436218,119.894775390625,232.4284210205078,168.5590362548828,114.72190856933594,200.15113830566406,154.77435302734375,0.1458100974559784,0.9098153710365295,0.38855552673339844,114.72190856933594,200.15113830566406,154.77435302734375,107.65169525146484,191.471923828125,173.70875549316406,0.3214303255081177,0.3945797383785248,-0.8608072996139526,107.65169525146484,191.471923828125,173.70875549316406,105.08399200439453,195.1378936767578,187.8530731201172,0.17307747900485992,-0.24710674583911896,-0.9534056186676025,1114,40.1068115234375,12.93290901184082,118.4340591430664,218.4901123046875,221.24853515625,135.69464111328125,226.7484130859375,175.69747924804688,-0.34935683012008667,-0.16714927554130554,0.9219604134559631,135.69464111328125,226.7484130859375,175.69747924804688,129.0845947265625,203.11488342285156,162.0581512451172,0.2354331612586975,0.8417666554450989,0.4857984185218811,129.0845947265625,203.11488342285156,162.0581512451172,121.42645263671875,197.15489196777344,174.18324279785156,0.49311354756355286,0.38376834988594055,-0.7807438373565674,121.42645263671875,197.15489196777344,174.18324279785156,117.64030456542969,199.53231811523438,187.1189422607422,0.27663442492485046,-0.17370633780956268,-0.9451451897621155
1,102.58781433105469,224.60855102539062,181.2584228515625,0.01829046756029129,0.2884195148944855,0.09715143591165543,-0.22964361310005188,0.4560657739639282,-0.8598068356513977,105.98905181884766,208.11805725097656,243.8331298828125,158.81985473632812,103.19758605957031,441.636474609375,1110,41.38172912597656,16.309661865234375,80.41755676269531,205.62747192382812,224.72332763671875,80.41755676269531,205.62747192382812,224.72332763671875,0.0,0.0,0.0,80.41755676269531,205.62747192382812,224.72332763671875,81.75872039794922,200.075927734375,182.5758514404297,-0.03153255209326744,0.13052423298358917,0.9909435510635376,81.75872039794922,200.075927734375,182.5758514404297,93.79347229003906,193.33766174316406,159.28001403808594,-0.44453325867652893,0.24889448285102844,0.8604892492294312,93.79347229003906,193.33766174316406,159.28001403808594,108.70153045654297,187.35899353027344,149.93467712402344,-0.8022392988204956,0.32172685861587524,0.5028955936431885,1111,46.694664001464844,15.578988075256348,87.81473541259766,224.12152099609375,221.37962341308594,83.30111694335938,232.61056518554688,159.43577575683594,0.07200414687395096,-0.1354226917028427,0.9881680607795715,83.30111694335938,232.61056518554688,159.43577575683594,87.76842498779297,230.56588745117188,125.67816925048828,-0.13095521926879883,0.059937939047813416,0.989574670791626,87.76842498779297,230.56588745117188,125.67816925048828,90.2446517944336,225.78390502929688,107.25724792480469,-0.12902452051639557,0.2491665780544281,0.9598274230957031,90.2446517944336,225.78390502929688,107.25724792480469,91.95165252685547,221.00119018554688,94.6771469116211,-0.1258256435394287,0.3525412678718567,0.9272986054420471,1112,53.2048225402832,15.300636291503906,98.08479309082031,226.0211639404297,220.38368225097656,101.95899200439453,234.2228546142578,161.6334228515625,-0.06517133861780167,-0.13796791434288025,0.9882902503013611,101.95899200439453,234.2228546142578,161.6334228515625,98.00751495361328,199.46890258789062,146.09893798828125,0.1032463014125824,0.9080698490142822,0.40589332580566406,98.00751495361328,199.46890258789062,146.09893798828125,94.26702880859375,189.11094665527344,165.8104248046875,0.1656605452299118,0.45873838663101196,-0.8729922771453857,94.26702880859375,189.11094665527344,165.8104248046875,93.16905975341797,191.85923767089844,180.43531799316406,0.07358385622501373,-0.18418538570404053,-0.9801332950592041,1113,51.15785598754883,14.559525489807129,108.52758026123047,225.3076171875,220.26539611816406,119.98561096191406,232.48812866210938,168.63381958007812,-0.2146788239479065,-0.1345347911119461,0.9673744440078735,119.98561096191406,232.48812866210938,168.63381958007812,114.86186981201172,200.1966094970703,154.86415100097656,0.1444253921508789,0.9102168083190918,0.38813236355781555,114.86186981201172,200.1966094970703,154.86415100097656,107.8022689819336,191.51234436035156,173.80020141601562,0.3209478557109833,0.3948093056678772,-0.8608821630477905,107.8022689819336,191.51234436035156,173.80020141601562,105.2291488647461,195.18548583984375,187.94166564941406,0.17344269156455994,-0.24759028851985931,-0.9532138109207153,1114,40.1068115234375,12.93290901184082,118.53390502929688,218.53878784179688,221.32066345214844,135.79290771484375,226.83291625976562,175.7755126953125,-0.3493248224258423,-0.16787441074848175,0.9218407273292542,135.79290771484375,226.83291625976562,175.7755126953125,129.214599609375,203.18551635742188,162.1448974609375,0.23430277407169342,0.8422608375549316,0.4854882061481476,129.214599609375,203.18551635742188,162.1448974609375,121.56835174560547,197.2126922607422,174.2711944580078,0.4923473298549652,0.3845943808555603,-0.780820906162262,121.56835174560547,197.2126922607422,174.2711944580078,117.78217315673828,199.58680725097656,187.2074737548828,0.2766370177268982,-0.17346464097499847,-0.9451888203620911
1,102.69788360595703,224.63609313964844,181.32383728027344,0.019291922450065613,0.2889530062675476,0.09732252359390259,-0.22810955345630646,0.4560389816761017,-0.8602293133735657,106.07257843017578,208.12380981445312,243.8949737548828,158.55044555664062,103.20950317382812,441.7955017089844,1110,41.38172912597656,16.309661865234375,80.52618408203125,205.61630249023438,224.7710723876953,80.52618408203125,205.61630249023438,224.7710723876953,0.0,0.0,0.0,80.52618408203125,205.61630249023438,224.7710723876953,81.83087158203125,200.11212158203125,182.61624145507812,-0.030674949288368225,0.12941066920757294,0.9911165237426758,81.83087158203125,200.11212158203125,182.61624145507812,93.81644439697266,193.414794921875,159.2832794189453,-0.4427167475223541,0.24738231301307678,0.8618606328964233,93.81644439697266,193.414794921875,159.2832794189453,108.68506622314453,187.45970153808594,149.86038208007812,-0.8001170754432678,0.32045823335647583,0.5070692896842957,1111,46.694664001464844,15.578988075256348,87.90853881835938,224.11831665039062,221.43865966796875,83.41325378417969,232.6309051513672,159.4967041015625,0.07171166688203812,-0.13579827547073364,0.9881377816200256,83.41325378417969,232.6309051513672,159.4967041015625,87.88160705566406,230.61001586914062,125.73780822753906,-0.13098588585853577,0.05924060940742493,0.9896126389503479,87.88160705566406,230.61001586914062,125.73780822753906,90.3621597290039,225.85202026367188,107.3112564086914,-0.12924990057945251,0.24791671335697174,0.9601207375526428,90.3621597290039,225.85202026367188,107.3112564086914,92.07376098632812,221.08767700195312,94.72480773925781,-0.1261647343635559,0.35118699073791504,0.9277662634849548,1112,53.2048225402832,15.300636291503906,98.1773452758789,226.0273895263672,220.4478302001953,102.06879425048828,234.25856018066406,161.7028350830078,-0.06546151638031006,-0.1384638249874115,0.9882016777992249,102.06879425048828,234.25856018066406,161.7028350830078,98.15283203125,199.50460815429688,146.15933227539062,0.10231833159923553,0.9080696105957031,0.406128853559494,98.15283203125,199.50460815429688,146.15933227539062,94.4133529663086,189.13580322265625,165.8653106689453,0.16561591625213623,0.4592188000679016,-0.8727481961250305,94.4133529663086,189.13580322265625,165.8653106689453,93.30752563476562,191.88021850585938,180.49034118652344,0.0741104856133461,-0.183925598859787,-0.9801422953605652,1113,51.15785598754883,14.559525489807129,108.62080383300781,225.32305908203125,220.33358764648438,120.09400939941406,232.53651428222656,168.70997619628906,-0.2149631530046463,-0.13515202701091766,0.9672252535820007,120.09400939941406,232.53651428222656,168.70997619628906,115.0020751953125,200.24427795410156,154.93019104003906,0.14352883398532867,0.9102370142936707,0.388417512178421,115.0020751953125,200.24427795410156,154.93019104003906,107.94220733642578,191.54542541503906,173.85943603515625,0.3209601044654846,0.3954726457595825,-0.8605731129646301,107.94220733642578,191.54542541503906,173.85943603515625,105.3608169555664,195.21263122558594,188.00094604492188,0.17400002479553223,-0.24718999862670898,-0.9532161951065063,1114,40.1068115234375,12.93290901184082,118.63262176513672,218.56253051757812,221.38999938964844,135.90328979492188,226.89199829101562,175.85572814941406,-0.3495609760284424,-0.16858971118927002,0.9216206669807434,135.90328979492188,226.89199829101562,175.85572814941406,129.3458709716797,203.2440185546875,162.21604919433594,0.2335587441921234,0.8422815203666687,0.4858110249042511,129.3458709716797,203.2440185546875,162.21604919433594,121.70513153076172,197.25401306152344,174.33734130859375,0.49199265241622925,0.38570070266723633,-0.7804986238479614,121.70513153076172,197.25401306152344,174.33734130859375,117.91678619384766,199.6170196533203,187.2750244140625,0.27679523825645447,-0.1726529449224472,-0.9452911019325256
1,102.81455993652344,224.7103271484375,181.36492919921875,0.021001270040869713,0.2902248799800873,0.0976467877626419,-0.22679704427719116,0.4559977650642395,-0.8605981469154358,106.1551742553711,208.140380859375,243.92396545410156,158.3311004638672,103.23555755615234,441.90936279296875,1110,41.38172912597656,16.309661865234375,80.63946533203125,205.60899353027344,224.77462768554688,80.63946533203125,205.60899353027344,224.77462768554688,0.0,0.0,0.0,80.63946533203125,205.60899353027344,224.77462768554688,81.93354797363281,200.17288208007812,182.6106414794922,-0.03042561747133732,0.1278102695941925,0.9913318753242493,81.93354797363281,200.17288208007812,182.6106414794922,93.893310546875,193.5342254638672,159.24769592285156,-0.44176357984542847,0.2452152818441391,0.8629685044288635,93.893310546875,193.5342254638672,159.24769592285156,108.73220825195312,187.61767578125,149.75392150878906,-0.7985172867774963,0.31838399171829224,0.5108831524848938,1111,46.694664001464844,15.578988075256348,87.99673461914062,224.12567138671875,221.4683074951172,83.53400421142578,232.70089721679688,159.53265380859375,0.07119235396385193,-0.13679753243923187,0.9880374670028687,83.53400421142578,232.70089721679688,159.53265380859375,88.01693725585938,230.7227020263672,125.77315521240234,-0.1314132660627365,0.05798906087875366,0.9896301627159119,88.01693725585938,230.7227020263672,125.77315521240234,90.51129913330078,225.99977111816406,107.33944702148438,-0.12996941804885864,0.2460896223783493,0.9604935050010681,90.51129913330078,225.99977111816406,107.33944702148438,92.23490142822266,221.26258850097656,94.744384765625,-0.12704932689666748,0.34918487071990967,0.928400993347168,1112,53.2048225402832,15.300636291503906,98.2634048461914,226.05111694335938,220.4871368408203,102.18548583984375,234.3538055419922,161.75425720214844,-0.0659768208861351,-0.13966692984104156,0.9879981279373169,102.18548583984375,234.3538055419922,161.75425720214844,98.32862091064453,199.601806640625,146.19161987304688,0.10077419877052307,0.9080185294151306,0.4066287875175476,98.32862091064453,199.601806640625,146.19161987304688,94.59152221679688,189.21876525878906,165.8905487060547,0.16551052033901215,0.45984938740730286,-0.8724361062049866,94.59152221679688,189.21876525878906,165.8905487060547,93.47341918945312,191.9591827392578,180.515380859375,0.0749332532286644,-0.18365785479545593,-0.9801299571990967,1113,51.15785598754883,14.559525489807129,108.7079849243164,225.3624267578125,220.37974548339844,120.2081298828125,232.6507110595703,168.7726287841797,-0.21546784043312073,-0.13655400276184082,0.9669159650802612,120.2081298828125,232.6507110595703,168.7726287841797,115.16838073730469,200.360107421875,154.96986389160156,0.1420578807592392,0.9101911187171936,0.38906532526016235,115.16838073730469,200.360107421875,154.96986389160156,108.10907745361328,191.6402130126953,173.88963317871094,0.3209344744682312,0.39642930030822754,-0.8601424098014832,108.10907745361328,191.6402130126953,173.88963317871094,105.5156478881836,195.2996368408203,188.03094482421875,0.17481164634227753,-0.2466656118631363,-0.9532034397125244,1114,40.1068115234375,12.93290901184082,118.72906494140625,218.6156005859375,221.43592834472656,136.02056884765625,227.0216827392578,175.92364501953125,-0.3499826490879059,-0.1701403707265854,0.921175479888916,136.02056884765625,227.0216827392578,175.92364501953125,129.49847412109375,203.37646484375,162.26226806640625,0.23230060935020447,0.8421832323074341,0.4865838885307312,129.49847412109375,203.37646484375,162.26226806640625,121.8671875,197.36302185058594,174.37791442871094,0.4913838505744934,0.38720977306365967,-0.780134916305542,121.8671875,197.36302185058594,174.37791442871094,118.07666778564453,199.7099609375,187.31788635253906,0.27695411443710327,-0.1714789718389511,-0.9454583525657654
1,102.93519592285156,224.7812042236328,181.39895629882812,0.02340342290699482,0.2913663387298584,0.09749636054039001,-0.22574082016944885,0.4563479721546173,-0.860690176486969,106.26676940917969,208.1612548828125,243.94558715820312,158.19970703125,103.17586517333984,441.9521484375,1110,41.38172912597656,16.309661865234375,80.78193664550781,205.5897979736328,224.7800750732422,80.78193664550781,205.5897979736328,224.7800750732422,0.0,0.0,0.0,80.78193664550781,205.5897979736328,224.7800750732422,82.07920837402344,200.1998748779297,182.61024475097656,-0.030500590801239014,0.12672428786754608,0.9914690256118774,82.07920837402344,200.1998748779297,182.61024475097656,94.03529357910156,193.61524963378906,159.23013305664062,-0.44162774085998535,0.2432195097208023,0.8636025786399841,94.03529357910156,193.61524963378906,159.23013305664062,108.86054992675781,187.7446746826172,149.6866455078125,-0.7977834939956665,0.31591007113456726,0.5135585069656372,1111,46.694664001464844,15.578988075256348,88.09912109375,224.12603759765625,221.4945068359375,83.64738464355469,232.74859619140625,159.5646209716797,0.07101695239543915,-0.13755258917808533,0.9879452586174011,83.64738464355469,232.74859619140625,159.5646209716797,88.13909149169922,230.81048583984375,125.80397033691406,-0.1316704899072647,0.05681402236223221,0.9896641969680786,88.13909149169922,230.81048583984375,125.80397033691406,90.64678192138672,226.11837768554688,107.36420440673828,-0.1306639462709427,0.24448366463184357,0.9608094096183777,90.64678192138672,226.11837768554688,107.36420440673828,92.38313293457031,221.40478515625,94.76203918457031,-0.1279889941215515,0.34744587540626526,0.9289242029190063,1112,53.2048225402832,15.300636291503906,98.3619155883789,226.07550048828125,220.52015686035156,102.29400634765625,234.44142150878906,161.79690551757812,-0.06614518910646439,-0.1407305747270584,0.9878359436988831,102.29400634765625,234.44142150878906,161.79690551757812,98.52079772949219,199.6898651123047,146.21278381347656,0.09858838468790054,0.9080069661140442,0.40719014406204224,98.52079772949219,199.6898651123047,146.21278381347656,94.79846954345703,189.29061889648438,165.9059600830078,0.16485634446144104,0.46056705713272095,-0.8721813559532166,94.79846954345703,189.29061889648438,165.9059600830078,93.66924285888672,192.02748107910156,180.53060913085938,0.07567872107028961,-0.18341952562332153,-0.9801173806190491,1113,51.15785598754883,14.559525489807129,108.80806732177734,225.410400390625,220.41725158691406,120.31700134277344,232.77236938476562,168.8225555419922,-0.21563254296779633,-0.1379345804452896,0.9666833877563477,120.31700134277344,232.77236938476562,168.8225555419922,115.3538818359375,200.4803009033203,154.99546813964844,0.13989786803722382,0.9102322459220886,0.3897508382797241,115.3538818359375,200.4803009033203,154.99546813964844,108.30611419677734,191.73561096191406,173.90809631347656,0.32040998339653015,0.39755651354789734,-0.859817624092102,108.30611419677734,191.73561096191406,173.90809631347656,105.70072937011719,195.3863067626953,188.0494842529297,0.1756173074245453,-0.2460770308971405,-0.9532075524330139,1114,40.1068115234375,12.93290901184082,118.84379577636719,218.6851806640625,221.47210693359375,136.13856506347656,227.17233276367188,175.9761199951172,-0.35004881024360657,-0.1717812716960907,0.9208458065986633,136.13856506347656,227.17233276367188,175.9761199951172,129.66859436035156,203.5262451171875,162.2914581298828,0.23044399917125702,0.8422138094902039,0.48741304874420166,129.66859436035156,203.5262451171875,162.2914581298828,122.05919647216797,197.48294067382812,174.406005859375,0.48997458815574646,0.38913270831108093,-0.7800644636154175,122.05919647216797,197.48294067382812,174.406005859375,118.27198791503906,199.81094360351562,187.35037231445312,0.2767120599746704,-0.17009533941745758,-0.945779025554657
1,103.03286743164062,224.83316040039062,181.42620849609375,0.024294713512063026,0.29214635491371155,0.09784264117479324,-0.22506217658519745,0.4566901624202728,-0.8606864213943481,106.33747863769531,208.17311096191406,243.96388244628906,158.11428833007812,103.1089859008789,441.9696044921875,1110,41.38172912597656,16.309661865234375,80.87004852294922,205.59530639648438,224.78187561035156,80.87004852294922,205.59530639648438,224.78187561035156,0.0,0.0,0.0,80.87004852294922,205.59530639648438,224.78187561035156,82.16297149658203,200.2432098388672,182.6071014404297,-0.030398350208997726,0.12583495676517487,0.9915854334831238,82.16297149658203,200.2432098388672,182.6071014404297,94.10543060302734,193.69049072265625,159.2110595703125,-0.44112429022789,0.24204090237617493,0.8641906976699829,94.10543060302734,193.69049072265625,159.2110595703125,108.91475677490234,187.84048461914062,149.63027954101562,-0.7969261407852173,0.31480318307876587,0.5155652761459351,1111,46.694664001464844,15.578988075256348,88.17556762695312,224.13914489746094,221.51324462890625,83.7510986328125,232.80184936523438,159.58700561523438,0.07058196514844894,-0.1381930112838745,0.9878870844841003,83.7510986328125,232.80184936523438,159.58700561523438,88.25792694091797,230.89877319335938,125.82638549804688,-0.13211378455162048,0.055787038058042526,0.9896634817123413,88.25792694091797,230.89877319335938,125.82638549804688,90.77684783935547,226.2345428466797,107.38107299804688,-0.1312490701675415,0.24303102493286133,0.9610981345176697,90.77684783935547,226.2345428466797,107.38107299804688,92.52224731445312,221.54310607910156,94.77189636230469,-0.12865601480007172,0.3458128273487091,0.9294413328170776,1112,53.2048225402832,15.300636291503906,98.43746948242188,226.0967254638672,220.5458221435547,102.39527893066406,234.50662231445312,161.83058166503906,-0.06657782196998596,-0.14147034287452698,0.9877011775970459,102.39527893066406,234.50662231445312,161.83058166503906,98.65203094482422,199.75416564941406,146.2412567138672,0.09780555963516235,0.9080305695533752,0.4073261320590973,98.65203094482422,199.75416564941406,146.2412567138672,94.9278793334961,189.35174560546875,165.9324188232422,0.1649370640516281,0.46070751547813416,-0.8720918893814087,94.9278793334961,189.35174560546875,165.9324188232422,93.79116821289062,192.09141540527344,180.5559539794922,0.0761803537607193,-0.1836077868938446,-0.9800432920455933,1113,51.15785598754883,14.559525489807129,108.8841552734375,225.4392852783203,220.44810485839844,120.4156723022461,232.84573364257812,168.86483764648438,-0.2160557210445404,-0.1387680023908615,0.9664695262908936,120.4156723022461,232.84573364257812,168.86483764648438,115.47779083251953,200.55368041992188,155.02865600585938,0.13918642699718475,0.9102315306663513,0.3900070786476135,115.47779083251953,200.55368041992188,155.02865600585938,108.42745971679688,191.80067443847656,173.9364776611328,0.3205265700817108,0.3979346454143524,-0.859599232673645,108.42745971679688,191.80067443847656,173.9364776611328,105.81520080566406,195.4506072998047,188.07679748535156,0.1760806292295456,-0.24602557718753815,-0.9531354308128357,1114,40.1068115234375,12.93290901184082,118.92417907714844,218.72059631347656,221.50369262695312,136.2374267578125,227.25213623046875,176.02304077148438,-0.35042282938957214,-0.17267969250679016,0.9205355048179626,136.2374267578125,227.25213623046875,176.02304077148438,129.77859497070312,203.6094512939453,162.32725524902344,0.2300473004579544,0.8420928120613098,0.48780933022499084,129.77859497070312,203.6094512939453,162.32725524902344,122.18412017822266,197.54957580566406,174.44288635253906,0.48901379108428955,0.39019984006881714,-0.780134379863739,122.18412017822266,197.54957580566406,174.44288635253906,118.40570831298828,199.86659240722656,187.39178466796875,0.2760695517063141,-0.16929274797439575,-0.9461108446121216
1,103.11338806152344,224.897216796875,181.46075439453125,0.024525118991732597,0.2923644781112671,0.09752025455236435,-0.2243366688489914,0.4570910334587097,-0.8606629967689514,106.4278335571289,208.2235565185547,243.99415588378906,158.03773498535156,103.06721496582031,441.9944763183594,1110,41.38172912597656,16.309661865234375,80.9666976928711,205.64414978027344,224.81790161132812,80.9666976928711,205.64414978027344,224.81790161132812,0.0,0.0,0.0,80.9666976928711,205.64414978027344,224.81790161132812,82.24140930175781,200.30548095703125,182.640869140625,-0.02997017465531826,0.12551924586296082,0.9916384220123291,82.24140930175781,200.30548095703125,182.640869140625,94.16474914550781,193.76553344726562,159.23150634765625,-0.4404180645942688,0.2415691465139389,0.8646827340126038,94.16474914550781,193.76553344726562,159.23150634765625,108.9575424194336,187.9240264892578,149.6200714111328,-0.7960370779037476,0.314346045255661,0.5172152519226074,1111,46.694664001464844,15.578988075256348,88.26587677001953,224.19082641601562,221.55120849609375,83.82402038574219,232.86444091796875,159.6277313232422,0.07085933536291122,-0.13836704194545746,0.9878429174423218,83.82402038574219,232.86444091796875,159.6277313232422,88.321044921875,230.97024536132812,125.86530303955078,-0.13182638585567474,0.05552670732140541,0.9897164106369019,88.321044921875,230.97024536132812,125.86530303955078,90.83585357666016,226.31692504882812,107.41667175292969,-0.13103479146957397,0.24246253073215485,0.9612709879875183,90.83585357666016,226.31692504882812,107.41667175292969,92.57903289794922,221.63490295410156,94.8036880493164,-0.1284923553466797,0.34511882066726685,0.9297218322753906,1112,53.2048225402832,15.300636291503906,98.5269546508789,226.1516876220703,220.5817108154297,102.46822357177734,234.57437133789062,161.86720275878906,-0.06629959493875504,-0.14168547093868256,0.9876890778541565,102.46822357177734,234.57437133789062,161.86720275878906,98.7293930053711,199.8181915283203,146.2850799560547,0.09769009798765182,0.9081274271011353,0.40713778138160706,98.7293930053711,199.8181915283203,146.2850799560547,95.01417541503906,189.42214965820312,165.98129272460938,0.16454142332077026,0.46042510867118835,-0.8723157644271851,95.01417541503906,189.42214965820312,165.98129272460938,93.88170623779297,192.16763305664062,180.6040802001953,0.0758960023522377,-0.183997243642807,-0.9799922704696655,1113,51.15785598754883,14.559525489807129,108.97381591796875,225.4973907470703,220.4813690185547,120.49079895019531,232.91749572753906,168.89682006835938,-0.21578340232372284,-0.13902387022972107,0.966493546962738,120.49079895019531,232.91749572753906,168.89682006835938,115.55482482910156,200.62188720703125,155.0682373046875,0.13913263380527496,0.9103315472602844,0.389792799949646,115.55482482910156,200.62188720703125,155.0682373046875,108.51301574707031,191.87351989746094,173.98138427734375,0.320139080286026,0.3977237045764923,-0.8598412275314331,108.51301574707031,191.87351989746094,173.98138427734375,105.90624237060547,195.53016662597656,188.1209716796875,0.17571097612380981,-0.24647825956344604,-0.9530865550041199,1114,40.1068115234375,12.93290901184082,119.01611328125,218.78150939941406,221.53323364257812,136.31593322753906,227.32723999023438,176.05014038085938,-0.35015109181404114,-0.17296694219112396,0.9205849766731262,136.31593322753906,227.32723999023438,176.05014038085938,129.8458709716797,203.68649291992188,162.35629272460938,0.23044723272323608,0.8420235514640808,0.487740159034729,129.8458709716797,203.68649291992188,162.35629272460938,122.28092956542969,197.61573791503906,174.4849395751953,0.48711228370666504,0.39090049266815186,-0.7809727191925049,122.28092956542969,197.61573791503906,174.4849395751953,118.52877807617188,199.9260711669922,187.44265747070312,0.27415093779563904,-0.16880449652671814,-0.9467556476593018
1,103.20170593261719,224.99002075195312,181.4794464111328,0.02434765361249447,0.2929214537143707,0.09774473309516907,-0.22386060655117035,0.45735856890678406,-0.8606448769569397,106.50119018554688,208.28260803222656,244.0050811767578,158.00157165527344,103.0647201538086,442.001220703125,1110,41.38172912597656,16.309661865234375,81.04459381103516,205.71705627441406,224.8224334716797,81.04459381103516,205.71705627441406,224.8224334716797,0.0,0.0,0.0,81.04459381103516,205.71705627441406,224.8224334716797,82.31352233886719,200.40945434570312,182.64129638671875,-0.0298342015594244,0.124788798391819,0.9917348027229309,82.31352233886719,200.40945434570312,182.64129638671875,94.20841217041016,193.88951110839844,159.21189880371094,-0.4393673241138458,0.24083031713962555,0.8654230833053589,94.20841217041016,193.88951110839844,159.21189880371094,108.97644805908203,188.0536651611328,149.55902099609375,-0.7947043180465698,0.31404122710227966,0.5194451212882996,1111,46.694664001464844,15.578988075256348,88.34838104248047,224.26397705078125,221.5673828125,83.91719818115234,232.97406005859375,159.64828491210938,0.07068908959627151,-0.13894885778427124,0.9877733588218689,83.91719818115234,232.97406005859375,159.64828491210938,88.41598510742188,231.0991973876953,125.88500213623047,-0.13187801837921143,0.054959964007139206,0.9897412061691284,88.41598510742188,231.0991973876953,125.88500213623047,90.9310073852539,226.4573211669922,107.43351745605469,-0.13104592263698578,0.24186623096466064,0.9614196419715881,90.9310073852539,226.4573211669922,107.43351745605469,92.67408752441406,221.78466796875,94.81704711914062,-0.1284850537776947,0.34442827105522156,0.9299789667129517,1112,53.2048225402832,15.300636291503906,98.61003875732422,226.22308349609375,220.6004638671875,102.56147003173828,234.6785430908203,161.89134216308594,-0.06647054105997086,-0.14223679900169373,0.9875983595848083,102.56147003173828,234.6785430908203,161.89134216308594,98.81507873535156,199.92721557617188,146.30023193359375,0.09788766503334045,0.9080008268356323,0.4073726534843445,98.81507873535156,199.92721557617188,146.30023193359375,95.09568786621094,189.5303192138672,165.99520874023438,0.16472622752189636,0.46046292781829834,-0.8722609281539917,95.09568786621094,189.5303192138672,165.99520874023438,93.96314239501953,192.27554321289062,180.61802673339844,0.07590117305517197,-0.18398000299930573,-0.97999507188797,1113,51.15785598754883,14.559525489807129,109.0567626953125,225.56651306152344,220.501220703125,120.58267974853516,233.0135955810547,168.92254638671875,-0.21595077216625214,-0.1395293027162552,0.9663833975791931,120.58267974853516,233.0135955810547,168.92254638671875,115.6372299194336,200.72251892089844,155.0867919921875,0.13939978182315826,0.9102041125297546,0.3899950683116913,115.6372299194336,200.72251892089844,155.0867919921875,108.59174346923828,191.9720916748047,173.9976043701172,0.3203063905239105,0.3978175222873688,-0.8597354292869568,108.59174346923828,191.9720916748047,173.9976043701172,105.98562622070312,195.6270751953125,188.1377410888672,0.17566676437854767,-0.24636618793010712,-0.9531236886978149,1114,40.1068115234375,12.93290901184082,119.097412109375,218.8477783203125,221.55064392089844,136.40554809570312,227.41571044921875,176.07489013671875,-0.35031941533088684,-0.17341630160808563,0.920436441898346,136.40554809570312,227.41571044921875,176.07489013671875,129.91848754882812,203.7845458984375,162.37257385253906,0.23105275630950928,0.8416825532913208,0.4880419969558716,129.91848754882812,203.7845458984375,162.37257385253906,122.3710708618164,197.70181274414062,174.50613403320312,0.4859839379787445,0.3916718363761902,-0.7812892198562622,122.3710708618164,197.70181274414062,174.50613403320312,118.63665771484375,200.00091552734375,187.4709930419922,0.2728545069694519,-0.16798369586467743,-0.9472760558128357
1,103.26753997802734,225.0700225830078,181.50808715820312,0.024957092478871346,0.29413315653800964,0.09769110381603241,-0.22371040284633636,0.45764681696891785,-0.86053067445755,106.56809997558594,208.29798889160156,244.01727294921875,158.03392028808594,103.0137939453125,441.9871520996094,1110,41.38172912597656,16.309661865234375,81.11787414550781,205.73414611816406,224.8268585205078,81.11787414550781,205.73414611816406,224.8268585205078,0.0,0.0,0.0,81.11787414550781,205.73414611816406,224.8268585205078,82.38125610351562,200.48245239257812,182.63856506347656,-0.029703795909881592,0.12347432971000671,0.9919031262397766,82.38125610351562,200.48245239257812,182.63856506347656,94.25994110107422,194.00308227539062,159.18968200683594,-0.43876853585243225,0.23933152854442596,0.8661423325538635,94.25994110107422,194.00308227539062,159.18968200683594,109.0101089477539,188.19000244140625,149.49583435058594,-0.7937427759170532,0.3128161132335663,0.5216497778892517,1111,46.694664001464844,15.578988075256348,88.4112548828125,224.2890167236328,221.59390258789062,83.98028564453125,233.0682373046875,159.68453979492188,0.07068566232919693,-0.14005175232887268,0.9876178503036499,83.98028564453125,233.0682373046875,159.68453979492188,88.47859191894531,231.22190856933594,125.91962432861328,-0.13186395168304443,0.05412352457642555,0.9897891879081726,88.47859191894531,231.22190856933594,125.91962432861328,90.99535369873047,226.59767150878906,107.46395874023438,-0.13113662600517273,0.24094726145267487,0.9616379737854004,90.99535369873047,226.59767150878906,107.46395874023438,92.74050903320312,221.93856811523438,94.84276580810547,-0.12863801419734955,0.3434295058250427,0.9303270578384399,1112,53.2048225402832,15.300636291503906,98.67186737060547,226.25514221191406,220.630126953125,102.62338256835938,234.7808380126953,161.93116760253906,-0.06647194176912308,-0.1434182971715927,0.987427294254303,102.62338256835938,234.7808380126953,161.93116760253906,98.89427185058594,200.03543090820312,146.32273864746094,0.09743616729974747,0.9078462719917297,0.4078252613544464,98.89427185058594,200.03543090820312,146.32273864746094,95.1803970336914,189.62586975097656,166.01206970214844,0.16448190808296204,0.46102374792099,-0.8720107674598694,95.1803970336914,189.62586975097656,166.01206970214844,94.0467300415039,192.3632354736328,180.6362762451172,0.07597631961107254,-0.18345330655574799,-0.98008793592453,1113,51.15785598754883,14.559525489807129,109.11897277832031,225.6046905517578,220.531005859375,120.64495086669922,233.11813354492188,168.96197509765625,-0.21595193445682526,-0.14077265560626984,0.9662027955055237,120.64495086669922,233.11813354492188,168.96197509765625,115.71231842041016,200.83279418945312,155.10826110839844,0.13903847336769104,0.9100422859191895,0.3905012607574463,115.71231842041016,200.83279418945312,155.10826110839844,108.67164611816406,192.06680297851562,174.013671875,0.32008734345436096,0.39852485060691833,-0.859489381313324,108.67164611816406,192.06680297851562,174.013671875,106.06491088867188,195.71253967285156,188.1560821533203,0.17570842802524567,-0.24574288725852966,-0.9532769918441772,1114,40.1068115234375,12.93290901184082,119.16339874267578,218.89053344726562,221.57351684570312,136.47044372558594,227.52105712890625,176.1091766357422,-0.350297212600708,-0.1746831089258194,0.9202051758766174,136.47044372558594,227.52105712890625,176.1091766357422,129.98516845703125,203.89915466308594,162.3900604248047,0.23098920285701752,0.8413527607917786,0.4886404275894165,129.98516845703125,203.89915466308594,162.3900604248047,122.4543228149414,197.79725646972656,174.52430725097656,0.4849165678024292,0.3929056227207184,-0.7813328504562378,122.4543228149414,197.79725646972656,174.52430725097656,118.73146057128906,200.0796661376953,187.4954376220703,0.2720105051994324,-0.1667640060186386,-0.9477341771125793
1,103.29637908935547,225.15562438964844,181.52520751953125,0.026505351066589355,0.2951412498950958,0.09781953692436218,-0.22395671904087067,0.45808762311935425,-0.8602319955825806,106.58831024169922,208.33375549316406,244.0214385986328,158.1107940673828,102.9481430053711,441.922607421875,1110,41.38172912597656,16.309661865234375,81.15105438232422,205.75140380859375,224.8156280517578,81.15105438232422,205.75140380859375,224.8156280517578,0.0,0.0,0.0,81.15105438232422,205.75140380859375,224.8156280517578,82.41061401367188,200.5355682373047,182.62277221679688,-0.029613928869366646,0.1226312592625618,0.9920103549957275,82.41061401367188,200.5355682373047,182.62277221679688,94.28885650634766,194.09317016601562,159.1634979248047,-0.4387524127960205,0.23796598613262177,0.8665266036987305,94.28885650634766,194.09317016601562,159.1634979248047,109.03482818603516,188.3105926513672,149.44505310058594,-0.793516993522644,0.3111747205257416,0.5229734182357788,1111,46.694664001464844,15.578988075256348,88.42039489746094,224.3191680908203,221.60260009765625,84.0093765258789,233.14608764648438,159.69859313964844,0.07036739587783813,-0.1408126801252365,0.9875324368476868,84.0093765258789,233.14608764648438,159.69859313964844,88.52066040039062,231.3292694091797,125.9338150024414,-0.13224439322948456,0.05325845628976822,0.9897853136062622,88.52066040039062,231.3292694091797,125.9338150024414,91.04960632324219,226.72390747070312,107.47508239746094,-0.13177138566970825,0.2399635910987854,0.9617971181869507,91.04960632324219,226.72390747070312,107.47508239746094,92.80525970458984,222.07977294921875,94.84983825683594,-0.12941192090511322,0.3423263132572174,0.9306262135505676,1112,53.2048225402832,15.300636291503906,98.67877197265625,226.3003387451172,220.64585876464844,102.64891052246094,234.882568359375,161.95640563964844,-0.06678523868322372,-0.14436933398246765,0.9872676134109497,102.64891052246094,234.882568359375,161.95640563964844,98.97332763671875,200.1388397216797,146.33155822753906,0.09603756666183472,0.9078024625778198,0.4082542359828949,98.97332763671875,200.1388397216797,146.33155822753906,95.26457214355469,189.716552734375,166.01512145996094,0.16425518691539764,0.4615873396396637,-0.8717553019523621,95.26457214355469,189.716552734375,166.01512145996094,94.12142181396484,192.45062255859375,180.63922119140625,0.07661180198192596,-0.18323226273059845,-0.9800798892974854,1113,51.15785598754883,14.559525489807129,109.12682342529297,225.66445922851562,220.55162048339844,120.66912078857422,233.23870849609375,168.99513244628906,-0.21625767648220062,-0.14191192388534546,0.9659677147865295,120.66912078857422,233.23870849609375,168.99513244628906,115.78412628173828,200.95401000976562,155.12306213378906,0.13769569993019104,0.9100243449211121,0.39101871848106384,115.78412628173828,200.95401000976562,155.12306213378906,108.74701690673828,192.1711883544922,174.02198791503906,0.31992536783218384,0.3992900252342224,-0.8591945171356201,108.74701690673828,192.1711883544922,174.02198791503906,106.13130187988281,195.81198120117188,188.1640167236328,0.17631366848945618,-0.24540959298610687,-0.9532510638237,1114,40.1068115234375,12.93290901184082,119.18000030517578,218.9633026123047,221.593505859375,136.49864196777344,227.6573486328125,176.14569091796875,-0.3505319654941559,-0.17596882581710815,0.9198707938194275,136.49864196777344,227.6573486328125,176.14569091796875,130.0447235107422,204.03732299804688,162.40855407714844,0.22987227141857147,0.8412856459617615,0.48928213119506836,130.0447235107422,204.03732299804688,162.40855407714844,122.52725219726562,197.9144287109375,174.54051208496094,0.4840555489063263,0.39425769448280334,-0.7811857461929321,122.52725219726562,197.9144287109375,174.54051208496094,118.80757141113281,200.18495178222656,187.51463317871094,0.2717781960964203,-0.16589559614658356,-0.9479531645774841
1,103.30854797363281,225.22300720214844,181.54071044921875,0.027328655123710632,0.2946026921272278,0.09816078096628189,-0.2246873527765274,0.45879438519477844,-0.8596646189689636,106.58539581298828,208.42758178710938,244.0426483154297,158.27597045898438,102.87937927246094,441.81329345703125,1110,41.38172912597656,16.309661865234375,81.1518783569336,205.83071899414062,224.83067321777344,81.1518783569336,205.83071899414062,224.83067321777344,0.0,0.0,0.0,81.1518783569336,205.83071899414062,224.83067321777344,82.4358139038086,200.57998657226562,182.64288330078125,-0.03018704056739807,0.12345173954963684,0.9918913245201111,82.4358139038086,200.57998657226562,182.64288330078125,94.32733917236328,194.1276397705078,159.19305419921875,-0.43924278020858765,0.2383333295583725,0.8661772012710571,94.32733917236328,194.1276397705078,159.19305419921875,109.07498168945312,188.34927368164062,149.47463989257812,-0.7936069369316101,0.31094810366630554,0.5229717493057251,1111,46.694664001464844,15.578988075256348,88.41075134277344,224.40130615234375,221.6103057861328,84.0284652709961,233.18736267089844,159.69845581054688,0.06990904361009598,-0.14016082882881165,0.9876576662063599,84.0284652709961,233.18736267089844,159.69845581054688,88.54991149902344,231.36929321289062,125.93508911132812,-0.13254223763942719,0.053295113146305084,0.9897434711456299,88.54991149902344,231.36929321289062,125.93508911132812,91.08716583251953,226.7626190185547,107.47782897949219,-0.1322043389081955,0.24003203213214874,0.9617206454277039,91.08716583251953,226.7626190185547,107.47782897949219,92.84967041015625,222.11834716796875,94.85358428955078,-0.12991687655448914,0.3423362970352173,0.9305521845817566,1112,53.2048225402832,15.300636291503906,98.66835021972656,226.388671875,220.6580810546875,102.66558837890625,234.93753051757812,161.965576171875,-0.06724108010530472,-0.14380791783332825,0.9873185753822327,102.66558837890625,234.93753051757812,161.965576171875,99.02313995361328,200.18548583984375,146.35147094726562,0.09517181664705276,0.9080197811126709,0.40797358751296997,99.02313995361328,200.18548583984375,146.35147094726562,95.31004333496094,189.77027893066406,166.0379638671875,0.16444744169712067,0.46127378940582275,-0.8718850612640381,95.31004333496094,189.77027893066406,166.0379638671875,94.1568374633789,192.5120391845703,180.6598358154297,0.07728569954633713,-0.18374764919281006,-0.9799305200576782,1113,51.15785598754883,14.559525489807129,109.11686706542969,225.75962829589844,220.57005310058594,120.68294525146484,233.3098907470703,169.01536560058594,-0.21670319139957428,-0.14146247506141663,0.9659337997436523,120.68294525146484,233.3098907470703,169.01536560058594,115.8290786743164,201.0157012939453,155.15447998046875,0.1368182897567749,0.9102919101715088,0.3907034993171692,115.8290786743164,201.0157012939453,155.15447998046875,108.78738403320312,192.2410888671875,174.05551147460938,0.3201338052749634,0.3989167809486389,-0.8592901825904846,108.78738403320312,192.2410888671875,174.05551147460938,106.16219329833984,195.89149475097656,188.19329833984375,0.17695248126983643,-0.24605770409107208,-0.9529656171798706,1114,40.1068115234375,12.93290901184082,119.17388153076172,219.06576538085938,221.62164306640625,136.5121612548828,227.74337768554688,176.1781768798828,-0.3509294390678406,-0.17563621699810028,0.9197827577590942,136.5121612548828,227.74337768554688,176.1781768798828,130.07461547851562,204.11691284179688,162.4444122314453,0.22928906977176666,0.8415148258209229,0.4891619086265564,130.07461547851562,204.11691284179688,162.4444122314453,122.5767593383789,197.9867401123047,174.5848388671875,0.48279228806495667,0.3947261869907379,-0.7817307114601135,122.5767593383789,197.9867401123047,174.5848388671875,118.8690185546875,200.2567138671875,187.56246948242188,0.27090588212013245,-0.1658555120229721,-0.9482098817825317
1,103.26953125,225.2526092529297,181.56094360351562,0.027494996786117554,0.2931564450263977,0.0975857526063919,-0.22567597031593323,0.45936787128448486,-0.859099268913269,106.58360290527344,208.53076171875,244.07785034179688,158.50161743164062,102.85062408447266,441.7184143066406,1110,41.38172912597656,16.309661865234375,81.13788604736328,205.91677856445312,224.88894653320312,81.13788604736328,205.91677856445312,224.88894653320312,0.0,0.0,0.0,81.13788604736328,205.91677856445312,224.88894653320312,82.40243530273438,200.59274291992188,182.70974731445312,-0.029731234535574913,0.12517516314983368,0.9916890859603882,82.40243530273438,200.59274291992188,182.70974731445312,94.28672790527344,194.10423278808594,159.26625061035156,-0.43897590041160583,0.23966924846172333,0.8659438490867615,94.28672790527344,194.10423278808594,159.26625061035156,109.02801513671875,188.3160400390625,149.54405212402344,-0.7932651042938232,0.3114769458770752,0.5231755375862122,1111,46.694664001464844,15.578988075256348,88.38957977294922,224.48487854003906,221.63824462890625,83.9773941040039,233.17904663085938,159.71554565429688,0.07038602232933044,-0.13869495689868927,0.9878306984901428,83.9773941040039,233.17904663085938,159.71554565429688,88.47313690185547,231.3253631591797,125.95068359375,-0.13178876042366028,0.05433910712599754,0.9897873997688293,88.47313690185547,231.3253631591797,125.95068359375,90.99775695800781,226.6957550048828,107.49742889404297,-0.1315460205078125,0.24122700095176697,0.9615119099617004,90.99775695800781,226.6957550048828,107.49742889404297,92.75215148925781,222.03443908691406,94.87834167480469,-0.12931911647319794,0.3435927629470825,0.930172324180603,1112,53.2048225402832,15.300636291503906,98.6461410522461,226.47402954101562,220.67860412597656,102.6149673461914,234.93829345703125,161.971923828125,-0.06676315516233444,-0.14238491654396057,0.9875572919845581,102.6149673461914,234.93829345703125,161.971923828125,98.98004913330078,200.1712646484375,146.3894500732422,0.0949750542640686,0.9084112644195557,0.407147079706192,98.98004913330078,200.1712646484375,146.3894500732422,95.27760314941406,189.77072143554688,166.085693359375,0.1639757752418518,0.46062442660331726,-0.8723170161247253,95.27760314941406,189.77072143554688,166.085693359375,94.12813568115234,192.52288818359375,180.70590209960938,0.07703516632318497,-0.1844450831413269,-0.979819118976593,1113,51.15785598754883,14.559525489807129,109.09481811523438,225.8480987548828,220.58689880371094,120.63591766357422,233.3265380859375,169.0161590576172,-0.2162352353334427,-0.14011681079864502,0.9662347435951233,120.63591766357422,233.3265380859375,169.0161590576172,115.79103088378906,201.0160369873047,155.19020080566406,0.1365652084350586,0.9107519388198853,0.38971906900405884,115.79103088378906,201.0160369873047,155.19020080566406,108.75956726074219,192.26075744628906,174.10400390625,0.3196686804294586,0.398037850856781,-0.8598708510398865,108.75956726074219,192.26075744628906,174.10400390625,106.13900756835938,195.92958068847656,188.23788452148438,0.17664028704166412,-0.24729907512664795,-0.9527021050453186,1114,40.1068115234375,12.93290901184082,119.15436553955078,219.1588897705078,221.6438751220703,136.47000122070312,227.77542114257812,176.18016052246094,-0.350471168756485,-0.1743999421596527,0.9201926589012146,136.47000122070312,227.77542114257812,176.18016052246094,130.03428649902344,204.13436889648438,162.4706573486328,0.22922383248806,0.8420343399047852,0.4882977306842804,130.03428649902344,204.13436889648438,162.4706573486328,122.55670166015625,198.009521484375,174.6262664794922,0.4814869463443756,0.3943832516670227,-0.7827082276344299,122.55670166015625,198.009521484375,174.6262664794922,118.86599731445312,200.29164123535156,187.60662841796875,0.2696610391139984,-0.16674290597438812,-0.9484091401100159
1,103.22749328613281,225.2764129638672,181.55252075195312,0.02656429447233677,0.291839599609375,0.09739701449871063,-0.2264682501554489,0.45961469411849976,-0.8587586879730225,106.56058502197266,208.61753845214844,244.08338928222656,158.66085815429688,102.88062286376953,441.6455993652344,1110,41.38172912597656,16.309661865234375,81.09734344482422,206.01187133789062,224.9130096435547,81.09734344482422,206.01187133789062,224.9130096435547,0.0,0.0,0.0,81.09734344482422,206.01187133789062,224.9130096435547,82.34957122802734,200.61581420898438,182.74261474609375,-0.029441554099321365,0.12686853110790253,0.9914825558662415,82.34957122802734,200.61581420898438,182.74261474609375,94.22884368896484,194.07972717285156,159.30978393554688,-0.43879038095474243,0.24142657220363617,0.8655496835708618,94.22884368896484,194.07972717285156,159.30978393554688,108.96407318115234,188.2664794921875,149.5933380126953,-0.792938768863678,0.312825083732605,0.5228657126426697,1111,46.694664001464844,15.578988075256348,88.36267852783203,224.57009887695312,221.6365509033203,83.93314361572266,233.19139099121094,159.70489501953125,0.07066278159618378,-0.13753238320350647,0.9879735112190247,83.93314361572266,233.19139099121094,159.70489501953125,88.40511322021484,231.30313110351562,125.93880462646484,-0.1310919225215912,0.05535270646214485,0.9898237586021423,88.40511322021484,231.30313110351562,125.93880462646484,90.91407012939453,226.65061950683594,107.48918151855469,-0.13072992861270905,0.2424204796552658,0.9613230228424072,90.91407012939453,226.65061950683594,107.48918151855469,92.65658569335938,221.97222900390625,94.874755859375,-0.1284433901309967,0.3448510766029358,0.9298279285430908,1112,53.2048225402832,15.300636291503906,98.62045288085938,226.54981994628906,220.67044067382812,102.57300567626953,234.93844604492188,161.95181274414062,-0.06648940593004227,-0.1411125361919403,0.9877582788467407,102.57300567626953,234.93844604492188,161.95181274414062,98.90616607666016,200.16043090820312,146.40135192871094,0.09580909460783005,0.9086980819702148,0.4063105583190918,98.90616607666016,200.16043090820312,146.40135192871094,95.20257568359375,189.78158569335938,166.10882568359375,0.1640264391899109,0.45966342091560364,-0.8728142976760864,95.20257568359375,189.78158569335938,166.10882568359375,94.06037139892578,192.54869079589844,180.72677612304688,0.07654843479394913,-0.18544630706310272,-0.9796682596206665,1113,51.15785598754883,14.559525489807129,109.06858825683594,225.91537475585938,220.57542419433594,120.59542846679688,233.32089233398438,168.990966796875,-0.215968057513237,-0.13875052332878113,0.9664916396141052,120.59542846679688,233.32089233398438,168.990966796875,115.72207641601562,201.00039672851562,155.1984100341797,0.13736756145954132,0.9110336899757385,0.38877758383750916,115.72207641601562,201.00039672851562,155.1984100341797,108.69066619873047,192.27149963378906,174.1244354248047,0.3196660876274109,0.3968382477760315,-0.8604260683059692,108.69066619873047,192.27149963378906,174.1244354248047,106.07901763916016,195.961181640625,188.25453186035156,0.1760396659374237,-0.24870513379573822,-0.952447235584259,1114,40.1068115234375,12.93290901184082,119.1231689453125,219.21939086914062,221.63670349121094,136.4278564453125,227.76588439941406,176.1555938720703,-0.3502495288848877,-0.1729823499917984,0.9205446839332581,136.4278564453125,227.76588439941406,176.1555938720703,129.96946716308594,204.1166534423828,162.47091674804688,0.2300315648317337,0.8423260450363159,0.4874137341976166,129.96946716308594,204.1166534423828,162.47091674804688,122.49594116210938,198.0095977783203,174.63796997070312,0.48122555017471313,0.39323756098747253,-0.7834450602531433,122.49594116210938,198.0095977783203,174.63796997070312,118.81672668457031,200.3102264404297,187.61831665039062,0.26882168650627136,-0.16809536516666412,-0.9484086036682129
1,103.16804504394531,225.30535888671875,181.5691680908203,0.02475220151245594,0.2903883457183838,0.09733538329601288,-0.22711671888828278,0.4599831998348236,-0.8583900332450867,106.51507568359375,208.71026611328125,244.11439514160156,158.76454162597656,102.88855743408203,441.591796875,1110,41.38172912597656,16.309661865234375,81.02848052978516,206.13327026367188,224.9658203125,81.02848052978516,206.13327026367188,224.9658203125,0.0,0.0,0.0,81.02848052978516,206.13327026367188,224.9658203125,82.2921142578125,200.6556396484375,182.8062744140625,-0.029709715396165848,0.12878641486167908,0.9912272095680237,82.2921142578125,200.6556396484375,182.8062744140625,94.17436218261719,194.05828857421875,159.39212036132812,-0.4389001429080963,0.24368944764137268,0.8648595809936523,94.17436218261719,194.05828857421875,159.39212036132812,108.904296875,188.20639038085938,149.6908721923828,-0.7926540374755859,0.314905047416687,0.5220480561256409,1111,46.694664001464844,15.578988075256348,88.3227310180664,224.67526245117188,221.6616973876953,83.87552642822266,233.2239990234375,159.72125244140625,0.07094466686248779,-0.13637493550777435,0.9881138205528259,83.87552642822266,233.2239990234375,159.72125244140625,88.32099151611328,231.29959106445312,125.95369720458984,-0.1303149312734604,0.05641234293580055,0.9898664355278015,88.32099151611328,231.29959106445312,125.95369720458984,90.80974578857422,226.62515258789062,107.50687408447266,-0.12967723608016968,0.24356292188167572,0.961176872253418,90.80974578857422,226.62515258789062,107.50687408447266,92.53599548339844,221.92898559570312,94.8968276977539,-0.1272444874048233,0.3461616039276123,0.9295057058334351,1112,53.2048225402832,15.300636291503906,98.58325958251953,226.6367950439453,220.68775939941406,102.5194091796875,234.94317626953125,161.9563446044922,-0.06621348112821579,-0.13972903788089752,0.9879734516143799,102.5194091796875,234.94317626953125,161.9563446044922,98.79017639160156,200.15858459472656,146.43545532226562,0.09743934124708176,0.9088699221611023,0.405537873506546,98.79017639160156,200.15858459472656,146.43545532226562,95.07878875732422,189.80271911621094,166.15354919433594,0.16437175869941711,0.45864564180374146,-0.8732845783233643,95.07878875732422,189.80271911621094,166.15354919433594,93.94715881347656,192.58177185058594,180.77005004882812,0.07583979517221451,-0.1862470954656601,-0.979571521282196,1113,51.15785598754883,14.559525489807129,109.03028106689453,225.9849853515625,220.5882110595703,120.54275512695312,233.3049774169922,168.98834228515625,-0.21569888293743134,-0.13714811205863953,0.9667803645133972,120.54275512695312,233.3049774169922,168.98834228515625,115.61299133300781,200.97906494140625,155.22854614257812,0.13895761966705322,0.9111860394477844,0.3878540098667145,115.61299133300781,200.97906494140625,155.22854614257812,108.57625579833984,192.2809295654297,174.166748046875,0.3199082314968109,0.3954397737979889,-0.8609796762466431,108.57625579833984,192.2809295654297,174.166748046875,105.97677612304688,195.98931884765625,188.294189453125,0.17521944642066956,-0.24996612966060638,-0.9522684216499329,1114,40.1068115234375,12.93290901184082,119.07434844970703,219.2738037109375,221.65296936035156,136.36968994140625,227.73309326171875,176.15200805664062,-0.350060373544693,-0.17121732234954834,0.920946478843689,136.36968994140625,227.73309326171875,176.15200805664062,129.87025451660156,204.0807342529297,162.4921875,0.2314935177564621,0.8424374461174011,0.4865284264087677,129.87025451660156,204.0807342529297,162.4921875,122.39278411865234,197.99964904785156,174.66981506347656,0.4814796447753906,0.3915654122829437,-0.7841261029243469,122.39278411865234,197.99964904785156,174.66981506347656,118.72327423095703,200.32083129882812,187.64926147460938,0.2681123912334442,-0.16959695518016815,-0.948341965675354
1,103.11246490478516,225.3480987548828,181.5629119873047,0.022268258035182953,0.2890320420265198,0.09749804437160492,-0.22756639122962952,0.4601929187774658,-0.858158528804779,106.4621810913086,208.80905151367188,244.12159729003906,158.81509399414062,102.93910217285156,441.5457458496094,1110,41.38172912597656,16.309661865234375,80.9497299194336,206.27685546875,224.99215698242188,80.9497299194336,206.27685546875,224.99215698242188,0.0,0.0,0.0,80.9497299194336,206.27685546875,224.99215698242188,82.22759246826172,200.7278289794922,182.84239196777344,-0.03004426509141922,0.1304650604724884,0.9909975528717041,82.22759246826172,200.7278289794922,182.84239196777344,94.10704803466797,194.0678253173828,159.44456481933594,-0.4387969970703125,0.2460036724805832,0.8642565011978149,94.10704803466797,194.0678253173828,159.44456481933594,108.82867431640625,188.1690216064453,149.75912475585938,-0.7922069430351257,0.31742915511131287,0.5211973786354065,1111,46.694664001464844,15.578988075256348,88.28553009033203,224.79803466796875,221.66342163085938,83.8276596069336,233.2869110107422,159.71551513671875,0.07111481577157974,-0.13542000949382782,0.9882328510284424,83.8276596069336,233.2869110107422,159.71551513671875,88.24402618408203,231.34068298339844,125.94538879394531,-0.12946191430091858,0.057051971554756165,0.9899417161941528,88.24402618408203,231.34068298339844,125.94538879394531,90.70886993408203,226.65078735351562,107.49928283691406,-0.12843139469623566,0.24436837434768677,0.9611396789550781,90.70886993408203,226.65078735351562,107.49928283691406,92.41529846191406,221.9395751953125,94.89214324951172,-0.12578338384628296,0.3472704291343689,0.9292909502983093,1112,53.2048225402832,15.300636291503906,98.55011749267578,226.73455810546875,220.68223571777344,102.47659301757812,234.9651641845703,161.93948364257812,-0.06605071574449539,-0.13845430314540863,0.9881637096405029,102.47659301757812,234.9651641845703,161.93948364257812,98.6623306274414,200.18081665039062,146.4387664794922,0.09966108202934265,0.9088640213012695,0.40501102805137634,98.6623306274414,200.18081665039062,146.4387664794922,94.93543243408203,189.84461975097656,166.16424560546875,0.16505874693393707,0.45777469873428345,-0.8736119866371155,94.93543243408203,189.84461975097656,166.16424560546875,93.81525421142578,192.6300811767578,180.78041076660156,0.07507231831550598,-0.18667657673358917,-0.9795489311218262,1113,51.15785598754883,14.559525489807129,108.99553680419922,226.05828857421875,220.57827758789062,120.49954986572266,233.29293823242188,168.9644775390625,-0.2155403345823288,-0.13554911315441132,0.9670413136482239,120.49954986572266,233.29293823242188,168.9644775390625,115.49224090576172,200.96786499023438,155.23074340820312,0.14114344120025635,0.9111624956130981,0.3871194124221802,115.49224090576172,200.96786499023438,155.23074340820312,108.44335174560547,192.2982940673828,174.17752075195312,0.32046079635620117,0.39414116740226746,-0.8613696098327637,108.44335174560547,192.2982940673828,174.17752075195312,105.8569107055664,196.0204620361328,188.30372619628906,0.17434062063694,-0.2508949935436249,-0.9521853923797607,1114,40.1068115234375,12.93290901184082,119.02447509765625,219.32492065429688,221.64572143554688,136.31698608398438,227.69229125976562,176.12669372558594,-0.35000309348106384,-0.16935686767101288,0.921312153339386,136.31698608398438,227.69229125976562,176.12669372558594,129.75955200195312,204.043701171875,162.48806762695312,0.2335592359304428,0.8423030376434326,0.4857734143733978,129.75955200195312,204.043701171875,162.48806762695312,122.27533721923828,197.98851013183594,174.67445373535156,0.4819139242172241,0.38989806175231934,-0.7846900820732117,122.27533721923828,197.98851013183594,174.67445373535156,118.61712646484375,200.32672119140625,187.65403747558594,0.2672867476940155,-0.17084112763404846,-0.9483518004417419
1,103.06684112548828,225.39010620117188,181.55718994140625,0.020146341994404793,0.2880670130252838,0.09755422174930573,-0.22763486206531525,0.4603574275970459,-0.8580520749092102,106.42054748535156,208.8888397216797,244.12493896484375,158.78921508789062,102.98104858398438,441.52459716796875,1110,41.38172912597656,16.309661865234375,80.88837432861328,206.39617919921875,225.0122833251953,80.88837432861328,206.39617919921875,225.0122833251953,0.0,0.0,0.0,80.88837432861328,206.39617919921875,225.0122833251953,82.1991195678711,200.78843688964844,182.8712921142578,-0.03081737644970417,0.13184553384780884,0.9907911419868469,82.1991195678711,200.78843688964844,182.8712921142578,94.09110260009766,194.0762176513672,159.49476623535156,-0.4392598271369934,0.24793243408203125,0.8634698390960693,94.09110260009766,194.0762176513672,159.49476623535156,108.81170654296875,188.13880920410156,149.83139038085938,-0.7921521067619324,0.3195066452026367,0.5200101733207703,1111,46.694664001464844,15.578988075256348,88.25896453857422,224.90028381347656,221.66552734375,83.78675842285156,233.34996032714844,159.71328735351562,0.07134349644184113,-0.13479465246200562,0.9883018732070923,83.78675842285156,233.34996032714844,159.71328735351562,88.17234802246094,231.38685607910156,125.94013977050781,-0.12855978310108185,0.0575467087328434,0.9900307059288025,88.17234802246094,231.38685607910156,125.94013977050781,90.61349487304688,226.6802215576172,107.49513244628906,-0.1271965652704239,0.24524037539958954,0.9610817432403564,90.61349487304688,226.6802215576172,107.49513244628906,92.3006362915039,221.95188903808594,94.89181518554688,-0.12436177581548691,0.34853261709213257,0.9290097951889038,1112,53.2048225402832,15.300636291503906,98.52685546875,226.81582641601562,220.67770385742188,102.44007873535156,234.9932098388672,161.92665100097656,-0.06582780927419662,-0.13755904138088226,0.9883037209510803,102.44007873535156,234.9932098388672,161.92665100097656,98.55503845214844,200.21791076660156,146.42318725585938,0.10151038318872452,0.9086273908615112,0.40508270263671875,98.55503845214844,200.21791076660156,146.42318725585938,94.8160629272461,189.8883056640625,166.1498260498047,0.165593683719635,0.45748287439346313,-0.8736635446548462,94.8160629272461,189.8883056640625,166.1498260498047,93.7055435180664,192.66957092285156,180.7675323486328,0.07442497462034225,-0.1863953024148941,-0.9796518683433533,1113,51.15785598754883,14.559525489807129,108.97087097167969,226.118896484375,220.5690460205078,120.46322631835938,233.29092407226562,168.9439239501953,-0.21532195806503296,-0.13437585532665253,0.9672536253929138,120.46322631835938,233.29092407226562,168.9439239501953,115.3930435180664,200.97325134277344,155.21580505371094,0.14291563630104065,0.9109535217285156,0.3869609832763672,115.3930435180664,200.97325134277344,155.21580505371094,108.33493041992188,192.3199920654297,174.16659545898438,0.3208802342414856,0.39339974522590637,-0.861552357673645,108.33493041992188,192.3199920654297,174.16659545898438,105.75883483886719,196.0452880859375,188.29388427734375,0.1736430823802948,-0.25110554695129395,-0.9522573947906494,1114,40.1068115234375,12.93290901184082,118.987060546875,219.3666229248047,221.63668823242188,136.273193359375,227.6646728515625,176.10256958007812,-0.3498741090297699,-0.16795387864112854,0.9216179251670837,136.273193359375,227.6646728515625,176.10256958007812,129.67112731933594,204.02493286132812,162.47015380859375,0.23514896631240845,0.8419880270957947,0.4855523109436035,129.67112731933594,204.02493286132812,162.47015380859375,122.17981719970703,197.9879913330078,174.66123962402344,0.48237061500549316,0.38872283697128296,-0.7849923968315125,122.17981719970703,197.9879913330078,174.66123962402344,118.52845001220703,200.33462524414062,187.64122009277344,0.2667869031429291,-0.17145666480064392,-0.9483814835548401
1,103.02214813232422,225.4259796142578,181.56150817871094,0.018512485548853874,0.28729164600372314,0.09722213447093964,-0.2276042252779007,0.46032729744911194,-0.8580763936042786,106.39810180664062,208.95745849609375,244.13641357421875,158.7597198486328,103.05660247802734,441.54168701171875,1110,41.38172912597656,16.309661865234375,80.8485107421875,206.49078369140625,225.04469299316406,80.8485107421875,206.49078369140625,225.04469299316406,0.0,0.0,0.0,80.8485107421875,206.49078369140625,225.04469299316406,82.18751525878906,200.83628845214844,182.91082763671875,-0.0314817801117897,0.132944718003273,0.9906233549118042,82.18751525878906,200.83628845214844,182.91082763671875,94.09561920166016,194.08290100097656,159.55438232421875,-0.4398554265499115,0.24945315718650818,0.8627283573150635,94.09561920166016,194.08290100097656,159.55438232421875,108.81877899169922,188.116455078125,149.9127960205078,-0.7922893166542053,0.3210690915584564,0.5188373923301697,1111,46.694664001464844,15.578988075256348,88.24285125732422,224.98233032226562,221.68092346191406,83.73741912841797,233.3994140625,159.72665405273438,0.07187354564666748,-0.13427472114562988,0.9883342385292053,83.73741912841797,233.3994140625,159.72665405273438,88.08557891845703,231.41378784179688,125.9499740600586,-0.12746252119541168,0.05820690095424652,0.9901339411735535,88.08557891845703,231.41378784179688,125.9499740600586,90.50113677978516,226.68441772460938,107.5074234008789,-0.12586331367492676,0.24642513692378998,0.9609542489051819,90.50113677978516,226.68441772460938,107.5074234008789,92.16847229003906,221.93592834472656,94.90904235839844,-0.1229017898440361,0.3500182330608368,0.9286454916000366,1112,53.2048225402832,15.300636291503906,98.5127182006836,226.8826904296875,220.6844024658203,102.3946533203125,235.0176239013672,161.92538452148438,-0.06530149281024933,-0.1368449628353119,0.9884377717971802,102.3946533203125,235.0176239013672,161.92538452148438,98.4530258178711,200.24778747558594,146.4239501953125,0.10298892855644226,0.9084846377372742,0.40502968430519104,98.4530258178711,200.24778747558594,146.4239501953125,94.71273803710938,189.92543029785156,166.15415954589844,0.16565164923667908,0.45716145634651184,-0.8738209009170532,94.71273803710938,189.92543029785156,166.15415954589844,93.61441040039062,192.7039794921875,180.77330017089844,0.0736079216003418,-0.18621331453323364,-0.9797481894493103,1113,51.15785598754883,14.559525489807129,108.95565795898438,226.17091369628906,220.56858825683594,120.42048645019531,233.29421997070312,168.9305877685547,-0.21480615437030792,-0.13346296548843384,0.9674946069717407,120.42048645019531,233.29421997070312,168.9305877685547,115.2999496459961,200.98085021972656,155.21104431152344,0.14433501660823822,0.910832405090332,0.38671931624412537,115.2999496459961,200.98085021972656,155.21104431152344,108.24221801757812,192.3408203125,174.16799926757812,0.3208630383014679,0.3927984833717346,-0.8618330359458923,108.24221801757812,192.3408203125,174.16799926757812,105.6784439086914,196.06832885742188,188.29693603515625,0.17281264066696167,-0.2512548267841339,-0.952368974685669,1114,40.1068115234375,12.93290901184082,118.96305084228516,219.40512084960938,221.6331787109375,136.22769165039062,227.65008544921875,176.0812530517578,-0.34943902492523193,-0.16687937080860138,0.9219780564308167,136.22769165039062,227.65008544921875,176.0812530517578,129.5861053466797,204.0170135498047,162.4564666748047,0.23655655980110168,0.84175044298172,0.4852805435657501,129.5861053466797,204.0170135498047,162.4564666748047,122.10011291503906,197.99151611328125,174.65646362304688,0.482028603553772,0.3879862427711487,-0.7855668663978577,122.10011291503906,197.99151611328125,174.65646362304688,118.46305084228516,200.34182739257812,187.63980102539062,0.26574158668518066,-0.17172525823116302,-0.9486262798309326
1,102.97512817382812,225.4558563232422,181.55850219726562,0.01657300442457199,0.2861120104789734,0.09686508774757385,-0.22731271386146545,0.4604453146457672,-0.858090341091156,106.37271881103516,209.0388946533203,244.14498901367188,158.66726684570312,103.11087799072266,441.553466796875,1110,41.38172912597656,16.309661865234375,80.80530548095703,206.60198974609375,225.07894897460938,80.80530548095703,206.60198974609375,225.07894897460938,0.0,0.0,0.0,80.80530548095703,206.60198974609375,225.07894897460938,82.1512451171875,200.8880157470703,182.95333862304688,-0.03164484351873398,0.13434317708015442,0.9904295206069946,82.1512451171875,200.8880157470703,182.95333862304688,94.05948638916016,194.083740234375,159.61172485351562,-0.4398603141307831,0.25133273005485535,0.8621801733970642,94.05948638916016,194.083740234375,159.61172485351562,108.77837371826172,188.08102416992188,149.98614501953125,-0.7920595407485962,0.32302090525627136,0.5179761052131653,1111,46.694664001464844,15.578988075256348,88.22815704345703,225.0775909423828,221.6904754638672,83.68594360351562,233.4399871826172,159.7314910888672,0.07246030867099762,-0.13340231776237488,0.9884095788002014,83.68594360351562,233.4399871826172,159.7314910888672,87.98628234863281,231.41384887695312,125.95109558105469,-0.12606067955493927,0.0593944787979126,0.9902428388595581,87.98628234863281,231.41384887695312,125.95109558105469,90.36963653564453,226.65414428710938,107.51215362548828,-0.12418529391288757,0.24800565838813782,0.9607658982276917,90.36963653564453,226.65414428710938,107.51215362548828,92.01221466064453,221.87913513183594,94.9205551147461,-0.12107695639133453,0.3519732654094696,0.9281460642814636,1112,53.2048225402832,15.300636291503906,98.50040435791016,226.95956420898438,220.68360900878906,102.34769439697266,235.02880859375,161.9132537841797,-0.06471868604421616,-0.13573993742465973,0.9886283874511719,102.34769439697266,235.02880859375,161.9132537841797,98.33828735351562,200.259521484375,146.427978515625,0.10475990921258926,0.9084703326225281,0.4046074450016022,98.33828735351562,200.259521484375,146.427978515625,94.59598541259766,189.95570373535156,166.16749572753906,0.16574083268642426,0.45634034276008606,-0.874233067035675,94.59598541259766,189.95570373535156,166.16749572753906,93.5128402709961,192.7421417236328,180.78627014160156,0.0725904032588005,-0.18674196302890778,-0.9797234535217285,1113,51.15785598754883,14.559525489807129,108.94202423095703,226.22998046875,220.55992126464844,120.37635040283203,233.28192138671875,168.90536499023438,-0.21423467993736267,-0.1321258693933487,0.9678049087524414,120.37635040283203,233.28192138671875,168.90536499023438,115.19518280029297,200.96914672851562,155.20721435546875,0.146044060587883,0.9108157157897949,0.3861163556575775,115.19518280029297,200.96914672851562,155.20721435546875,108.13741302490234,192.3526611328125,174.1748809814453,0.32086461782455444,0.39172792434692383,-0.8623195886611938,108.13741302490234,192.3526611328125,174.1748809814453,105.5892562866211,196.09140014648438,188.3036651611328,0.17176008224487305,-0.2520120143890381,-0.9523594379425049,1114,40.1068115234375,12.93290901184082,118.9388198852539,219.4483184814453,221.6230926513672,136.17987060546875,227.61822509765625,176.04872131347656,-0.34896162152290344,-0.1653602123260498,0.922432541847229,136.17987060546875,227.61822509765625,176.04872131347656,129.4983367919922,203.9856414794922,162.442626953125,0.23797936737537384,0.841732919216156,0.4846147298812866,129.4983367919922,203.9856414794922,162.442626953125,122.00122833251953,197.9867401123047,174.64889526367188,0.4827445447444916,0.3862738311290741,-0.78597092628479,122.00122833251953,197.9867401123047,174.64889526367188,118.36711883544922,200.354736328125,187.62985229492188,0.2655257284641266,-0.17301733791828156,-0.9484519362449646
1,102.92438507080078,225.49119567871094,181.5363311767578,0.015132438391447067,0.2853926122188568,0.0966968759894371,-0.2268429845571518,0.46046483516693115,-0.858204185962677,106.33068084716797,209.104736328125,244.13009643554688,158.51718139648438,103.17223358154297,441.56475830078125,1110,41.38172912597656,16.309661865234375,80.75325012207031,206.69151306152344,225.0795440673828,80.75325012207031,206.69151306152344,225.0795440673828,0.0,0.0,0.0,80.75325012207031,206.69151306152344,225.0795440673828,82.125244140625,200.92776489257812,182.96156311035156,-0.03225741907954216,0.13551345467567444,0.9902502298355103,82.125244140625,200.92776489257812,182.96156311035156,94.04691314697266,194.0834197998047,159.63851928710938,-0.44035622477531433,0.2528127431869507,0.8614940643310547,94.04691314697266,194.0834197998047,159.63851928710938,108.76933288574219,188.05380249023438,150.03518676757812,-0.7922496795654297,0.32446855306625366,0.5167789459228516,1111,46.694664001464844,15.578988075256348,88.19803619384766,225.1555633544922,221.67625427246094,83.63399505615234,233.48719787597656,159.71473693847656,0.07280851900577545,-0.1329115927219391,0.9884499907493591,83.63399505615234,233.48719787597656,159.71473693847656,87.90174865722656,231.43780517578125,125.93161010742188,-0.12510548532009125,0.060076162219047546,0.9903229475021362,87.90174865722656,231.43780517578125,125.93161010742188,90.26263427734375,226.65684509277344,107.49528503417969,-0.12301462888717651,0.2491133064031601,0.9606300592422485,90.26263427734375,226.65684509277344,107.49528503417969,91.88764190673828,221.86033630371094,94.90957641601562,-0.11978178471326828,0.3535579741001129,0.9277117252349854,1112,53.2048225402832,15.300636291503906,98.47216033935547,227.02374267578125,220.6628875732422,102.29891967773438,235.0533447265625,161.88575744628906,-0.06437332183122635,-0.13507308065891266,0.9887423515319824,102.29891967773438,235.0533447265625,161.88575744628906,98.23966217041016,200.28726196289062,146.40628051757812,0.10606242716312408,0.9083865880966187,0.4044559597969055,98.23966217041016,200.28726196289062,146.40628051757812,94.49374389648438,189.99278259277344,166.14996337890625,0.16590112447738647,0.4559271037578583,-0.8744181990623474,94.49374389648438,189.99278259277344,166.14996337890625,93.42041778564453,192.78128051757812,180.76907348632812,0.07193233072757721,-0.1868799775838852,-0.9797457456588745,1113,51.15785598754883,14.559525489807129,108.91277313232422,226.2806854248047,220.53414916992188,120.32898712158203,233.2874298095703,168.86944580078125,-0.21389535069465637,-0.1312790811061859,0.9679951071739197,120.32898712158203,233.2874298095703,168.86944580078125,115.10294342041016,200.97726440429688,155.18218994140625,0.14730900526046753,0.9107422232627869,0.3858092725276947,115.10294342041016,200.97726440429688,155.18218994140625,108.04296112060547,192.37306213378906,174.15460205078125,0.32096531987190247,0.39116960763931274,-0.8625355958938599,108.04296112060547,192.37306213378906,174.15460205078125,105.50438690185547,196.11514282226562,188.28424072265625,0.1711140125989914,-0.2522370517253876,-0.952416181564331,1114,40.1068115234375,12.93290901184082,118.90141296386719,219.48681640625,221.59608459472656,136.12896728515625,227.60765075683594,176.00784301757812,-0.3486884534358978,-0.16436699032783508,0.9227132797241211,136.12896728515625,227.60765075683594,176.00784301757812,129.41722106933594,203.97763061523438,162.41217041015625,0.23905545473098755,0.8416416645050049,0.4842435121536255,129.41722106933594,203.97763061523438,162.41217041015625,121.91165161132812,197.99497985839844,174.62123107910156,0.4832889139652252,0.3852270841598511,-0.7861500382423401,121.91165161132812,197.99497985839844,174.62123107910156,118.2789077758789,200.3718719482422,187.60093688964844,0.2654260993003845,-0.17366740107536316,-0.9483610391616821
1,102.8698501586914,225.51580810546875,181.51866149902344,0.013332540169358253,0.2846185266971588,0.0964372307062149,-0.22634819149971008,0.4602956175804138,-0.8584255576133728,106.29071044921875,209.16259765625,244.1204376220703,158.36337280273438,103.2690200805664,441.60601806640625,1110,41.38172912597656,16.309661865234375,80.69952392578125,206.7781524658203,225.08901977539062,80.69952392578125,206.7781524658203,225.08901977539062,0.0,0.0,0.0,80.69952392578125,206.7781524658203,225.08901977539062,82.08869934082031,200.9668731689453,182.97811889648438,-0.03266136720776558,0.13663092255592346,0.9900834560394287,82.08869934082031,200.9668731689453,182.97811889648438,94.01848602294922,194.07957458496094,159.67189025878906,-0.44065624475479126,0.25439944863319397,0.8608733415603638,94.01848602294922,194.07957458496094,159.67189025878906,108.74147033691406,188.01844787597656,150.0892791748047,-0.7922800183296204,0.3261641561985016,0.5156639218330383,1111,46.694664001464844,15.578988075256348,88.17129516601562,225.22824096679688,221.6691436767578,83.57684326171875,233.52914428710938,159.70574951171875,0.07329365611076355,-0.1324213594198227,0.9884800314903259,83.57684326171875,233.52914428710938,159.70574951171875,87.80914306640625,231.473876953125,125.91851806640625,-0.12406616657972336,0.06024836376309395,0.9904431104660034,87.80914306640625,231.473876953125,125.91851806640625,90.14500427246094,226.67913818359375,107.48258209228516,-0.12171071767807007,0.24983122944831848,0.9606096744537354,90.14500427246094,226.67913818359375,107.48258209228516,91.7502212524414,221.8647918701172,94.9011459350586,-0.11832298338413239,0.35487279295921326,0.927396833896637,1112,53.2048225402832,15.300636291503906,98.44766235351562,227.07943725585938,220.64739990234375,102.24575805664062,235.06689453125,161.8626708984375,-0.06389114260673523,-0.13436412811279297,0.9888702034950256,102.24575805664062,235.06689453125,161.8626708984375,98.1252670288086,200.31005859375,146.37860107421875,0.10766235738992691,0.9081448912620544,0.4045759439468384,98.1252670288086,200.31005859375,146.37860107421875,94.37519836425781,190.01815795898438,166.1228485107422,0.166084885597229,0.4558127820491791,-0.874442994594574,94.37519836425781,190.01815795898438,166.1228485107422,93.31381225585938,192.80198669433594,180.74371337890625,0.07113216817378998,-0.18656714260578156,-0.9798637628555298,1113,51.15785598754883,14.559525489807129,108.88697814941406,226.31967163085938,220.5117645263672,120.27791595458984,233.27655029296875,168.83474731445312,-0.2134217619895935,-0.13034479320049286,0.9682258367538452,120.27791595458984,233.27655029296875,168.83474731445312,114.99754333496094,200.97344970703125,155.15167236328125,0.14884041249752045,0.9105430841445923,0.38569143414497375,114.99754333496094,200.97344970703125,155.15167236328125,107.93516540527344,192.37757873535156,174.12696838378906,0.3210742175579071,0.3907908499240875,-0.8626667261123657,107.93516540527344,192.37757873535156,174.12696838378906,105.40795135498047,196.1181640625,188.259033203125,0.17034833133220673,-0.25213631987571716,-0.9525800347328186,1114,40.1068115234375,12.93290901184082,118.86553955078125,219.51055908203125,221.5708465576172,136.07386779785156,227.57601928710938,175.9654998779297,-0.34829920530319214,-0.16324615478515625,0.9230592250823975,136.07386779785156,227.57601928710938,175.9654998779297,129.32815551757812,203.95144653320312,162.3771514892578,0.2402651607990265,0.8414473533630371,0.48398250341415405,129.32815551757812,203.95144653320312,162.3771514892578,121.80736541748047,197.9866180419922,174.58555603027344,0.48426926136016846,0.3840797245502472,-0.7861081957817078,121.80736541748047,197.9866180419922,174.58555603027344,118.171630859375,200.37229919433594,187.56280517578125,0.26564475893974304,-0.17430967092514038,-0.9481819868087769
1,102.83052825927734,225.5451202392578,181.5183563232422,0.012137845158576965,0.2840679883956909,0.09612168371677399,-0.22572192549705505,0.45997846126556396,-0.858760416507721,106.26580810546875,209.21826171875,244.12664794921875,158.19439697265625,103.39765930175781,441.68927001953125,1110,41.38172912597656,16.309661865234375,80.66719055175781,206.8494110107422,225.11029052734375,80.66719055175781,206.8494110107422,225.11029052734375,0.0,0.0,0.0,80.66719055175781,206.8494110107422,225.11029052734375,82.08411407470703,201.00486755371094,183.00491333007812,-0.03331375494599342,0.13741299510002136,0.9899533987045288,82.08411407470703,201.00486755371094,183.00491333007812,94.03024291992188,194.08786010742188,159.7158660888672,-0.4412599802017212,0.2554968595504761,0.8602388501167297,94.03024291992188,194.08786010742188,159.7158660888672,108.75628662109375,188.00592041015625,150.15115356445312,-0.7924445271492004,0.3272840976715088,0.5147006511688232,1111,46.694664001464844,15.578988075256348,88.15570831298828,225.2903594970703,221.67774963378906,83.53263854980469,233.56842041015625,159.7134246826172,0.07375018298625946,-0.13205695152282715,0.9884947538375854,83.53263854980469,233.56842041015625,159.7134246826172,87.73676300048828,231.50775146484375,125.92300415039062,-0.12324023246765137,0.06040670722723007,0.990536630153656,87.73676300048828,231.50775146484375,125.92300415039062,90.05352783203125,226.70001220703125,107.48804473876953,-0.12071569263935089,0.2505086362361908,0.9605588316917419,90.05352783203125,226.70001220703125,107.48804473876953,91.64382934570312,221.86878967285156,94.91117858886719,-0.11722350865602493,0.3561166524887085,0.9270596504211426,1112,53.2048225402832,15.300636291503906,98.43334197998047,227.13063049316406,220.64903259277344,102.20439910888672,235.08810424804688,161.85848999023438,-0.06343629956245422,-0.13385972380638123,0.9889678955078125,102.20439910888672,235.08810424804688,161.85848999023438,98.04234313964844,200.33621215820312,146.37445068359375,0.10874839872121811,0.908015787601471,0.4045751690864563,98.04234313964844,200.33621215820312,146.37445068359375,94.29210662841797,190.04319763183594,166.1180877685547,0.16609229147434235,0.45586204528808594,-0.8744158148765564,94.29210662841797,190.04319763183594,166.1180877685547,93.23944091796875,192.81907653808594,180.74110412597656,0.0705476924777031,-0.18603423237800598,-0.9800072908401489,1113,51.15785598754883,14.559525489807129,108.87179565429688,226.36016845703125,220.5074920654297,120.2388916015625,233.28248596191406,168.82058715820312,-0.21297508478164673,-0.1296972632408142,0.9684112071990967,120.2388916015625,233.28248596191406,168.82058715820312,114.9208755493164,200.98233032226562,155.14512634277344,0.14990146458148956,0.9104599356651306,0.3854767382144928,114.9208755493164,200.98233032226562,155.14512634277344,107.85918426513672,192.3887481689453,174.12171936035156,0.3210429251194,0.39068669080734253,-0.8627254962921143,107.85918426513672,192.3887481689453,174.12171936035156,105.3399658203125,196.12490844726562,188.25637817382812,0.16980941593647003,-0.2518381178379059,-0.9527550935745239,1114,40.1068115234375,12.93290901184082,118.84404754638672,219.54136657714844,221.56362915039062,136.03329467773438,227.5690155029297,175.94442749023438,-0.34791308641433716,-0.16248087584972382,0.92333984375,136.03329467773438,227.5690155029297,175.94442749023438,129.26400756835938,203.94529724121094,162.3663330078125,0.2411048859357834,0.8414170742034912,0.4836173951625824,129.26400756835938,203.94529724121094,162.3663330078125,121.73087310791016,197.992919921875,174.57321166992188,0.4850638806819916,0.3832778036594391,-0.7860096096992493,121.73087310791016,197.992919921875,174.57321166992188,118.08989715576172,200.38316345214844,187.54815673828125,0.2660275995731354,-0.17464293539524078,-0.9480132460594177
1,102.79876708984375,225.6129913330078,181.53318786621094,0.011741045862436295,0.28452807664871216,0.09607955813407898,-0.2253330945968628,0.4596458971500397,-0.8590405583381653,106.23468017578125,209.26231384277344,244.1365203857422,158.07382202148438,103.51821899414062,441.7635803222656,1110,41.38172912597656,16.309661865234375,80.63572692871094,206.9034881591797,225.11935424804688,80.63572692871094,206.9034881591797,225.11935424804688,0.0,0.0,0.0,80.63572692871094,206.9034881591797,225.11935424804688,82.10772705078125,201.07363891601562,183.0138397216797,-0.034608691930770874,0.13706755638122559,0.9899569749832153,82.10772705078125,201.07363891601562,183.0138397216797,94.0800552368164,194.16175842285156,159.73670959472656,-0.44222748279571533,0.2553073763847351,0.85979825258255,94.0800552368164,194.16175842285156,159.73670959472656,108.81230163574219,188.078857421875,150.1821746826172,-0.7927785515785217,0.327335923910141,0.5141531229019165,1111,46.694664001464844,15.578988075256348,88.13020324707031,225.34349060058594,221.69476318359375,83.5002670288086,233.6538848876953,159.7352752685547,0.07385972142219543,-0.13257275521755219,0.9884175658226013,83.5002670288086,233.6538848876953,159.7352752685547,87.69239807128906,231.6245880126953,125.94147491455078,-0.12288868427276611,0.059487078338861465,0.9906359314918518,87.69239807128906,231.6245880126953,125.94147491455078,90.00143432617188,226.82704162597656,107.50288391113281,-0.12031295150518417,0.24997743964195251,0.9607477188110352,90.00143432617188,226.82704162597656,107.50288391113281,91.58563995361328,221.99453735351562,94.92575073242188,-0.11677424609661102,0.3562113642692566,0.9270799160003662,1112,53.2048225402832,15.300636291503906,98.4083251953125,227.18064880371094,220.6653289794922,102.17289733886719,235.16592407226562,161.87814331054688,-0.06332721561193466,-0.13432741165161133,0.988911509513855,102.17289733886719,235.16592407226562,161.87814331054688,98.00062561035156,200.4341278076172,146.35182189941406,0.1090153232216835,0.9074907302856445,0.40567994117736816,98.00062561035156,200.4341278076172,146.35182189941406,94.24833679199219,190.11866760253906,166.08334350585938,0.1661832481622696,0.45685628056526184,-0.8738794922828674,94.24833679199219,190.11866760253906,166.08334350585938,93.19622039794922,192.87281799316406,180.71051025390625,0.0705108642578125,-0.18457798659801483,-0.9802852272987366,1113,51.15785598754883,14.559525489807129,108.84648895263672,226.4065704345703,220.52175903320312,120.20785522460938,233.3505096435547,168.83648681640625,-0.21286770701408386,-0.13010235130786896,0.9683805108070374,120.20785522460938,233.3505096435547,168.83648681640625,114.88248443603516,201.06552124023438,155.12811279296875,0.15010876953601837,0.9100323915481567,0.38640448451042175,114.88248443603516,201.06552124023438,155.12811279296875,107.8187026977539,192.45074462890625,174.0943145751953,0.3211379647254944,0.3916502594947815,-0.8622530698776245,107.8187026977539,192.45074462890625,174.0943145751953,105.2976303100586,196.16404724121094,188.23468017578125,0.1699342131614685,-0.2502971291542053,-0.9531388282775879,1114,40.1068115234375,12.93290901184082,118.81649780273438,219.583740234375,221.5729522705078,136.00135803222656,227.62794494628906,175.9550018310547,-0.34782421588897705,-0.16281594336032867,0.9233143329620361,136.00135803222656,227.62794494628906,175.9550018310547,129.23147583007812,204.016845703125,162.35528564453125,0.2411261349916458,0.8409678339958191,0.48438760638237,129.23147583007812,204.016845703125,162.35528564453125,121.68961334228516,198.05747985839844,174.55335998535156,0.4856259524822235,0.3837278485298157,-0.7854427695274353,121.68961334228516,198.05747985839844,174.55335998535156,118.03990936279297,200.43431091308594,187.5283203125,0.2666652500629425,-0.173662930727005,-0.9480141997337341
1,102.83087158203125,225.67724609375,181.54766845703125,0.010921183973550797,0.2847110629081726,0.09600917249917984,-0.22468256950378418,0.45953720808029175,-0.8592690229415894,106.26759338378906,209.31320190429688,244.1483154296875,157.95706176757812,103.59410858154297,441.82794189453125,1110,41.38172912597656,16.309661865234375,80.66674041748047,206.972900390625,225.135498046875,80.66674041748047,206.972900390625,225.135498046875,0.0,0.0,0.0,80.66674041748047,206.972900390625,225.135498046875,82.18720245361328,201.14114379882812,183.03196716308594,-0.03574809432029724,0.13711237907409668,0.9899102449417114,82.18720245361328,201.14114379882812,183.03196716308594,94.19215393066406,194.2187957763672,159.77476501464844,-0.44343259930610657,0.25569406151771545,0.8590623140335083,94.19215393066406,194.2187957763672,159.77476501464844,108.93468475341797,188.125732421875,150.24258422851562,-0.7933317422866821,0.32788267731666565,0.5129500031471252,1111,46.694664001464844,15.578988075256348,88.17378997802734,225.40826416015625,221.71343994140625,83.5319595336914,233.73793029785156,159.75743103027344,0.0740494653582573,-0.13288019597530365,0.9883620738983154,83.5319595336914,233.73793029785156,159.75743103027344,87.7110595703125,231.72523498535156,125.96102142333984,-0.12250669300556183,0.059000417590141296,0.9907124042510986,87.7110595703125,231.72523498535156,125.96102142333984,90.01025390625,226.92921447753906,107.52081298828125,-0.11980018764734268,0.2498980313539505,0.960832417011261,90.01025390625,226.92921447753906,107.52081298828125,91.58627319335938,222.09010314941406,94.94518280029297,-0.11617075651884079,0.3566981852054596,0.9269686341285706,1112,53.2048225402832,15.300636291503906,98.45296478271484,227.2381134033203,220.68148803710938,102.2063217163086,235.2356719970703,161.895263671875,-0.06313855946063995,-0.1345340609550476,0.9888954758644104,102.2063217163086,235.2356719970703,161.895263671875,98.00841522216797,200.52182006835938,146.3357391357422,0.10968509316444397,0.907021701335907,0.4065473973751068,98.00841522216797,200.52182006835938,146.3357391357422,94.25305938720703,190.19309997558594,166.0597381591797,0.1663191020488739,0.45744356513023376,-0.8735464215278625,94.25305938720703,190.19309997558594,166.0597381591797,93.20475006103516,192.9309539794922,180.6902313232422,0.07025575637817383,-0.18348591029644012,-0.9805086255073547,1113,51.15785598754883,14.559525489807129,108.89051055908203,226.45639038085938,220.53468322753906,120.24195098876953,233.4051971435547,168.84788513183594,-0.21268174052238464,-0.1301935464143753,0.9684091210365295,120.24195098876953,233.4051971435547,168.84788513183594,114.89439392089844,201.13348388671875,155.11691284179688,0.15073414146900177,0.9096581935882568,0.38704147934913635,114.89439392089844,201.13348388671875,155.11691284179688,107.82844543457031,192.50985717773438,174.07827758789062,0.32123661041259766,0.3920527696609497,-0.8620335459709167,107.82844543457031,192.50985717773438,174.07827758789062,105.31024169921875,196.20904541015625,188.2228546142578,0.16974085569381714,-0.24934573471546173,-0.9534227252006531,1114,40.1068115234375,12.93290901184082,118.85579681396484,219.62596130371094,221.5812225341797,136.03330993652344,227.669189453125,175.96034240722656,-0.3476755917072296,-0.16279621422290802,0.923373818397522,136.03330993652344,227.669189453125,175.96034240722656,129.2506103515625,204.06982421875,162.34664916992188,0.24158263206481934,0.8405497670173645,0.4848853647708893,129.2506103515625,204.06982421875,162.34664916992188,121.70164489746094,198.11187744140625,174.541015625,0.4860834777355194,0.38363662362098694,-0.785204291343689,121.70164489746094,198.11187744140625,174.541015625,118.04875946044922,200.48243713378906,187.51622009277344,0.26689785718917847,-0.17320479452610016,-0.9480324983596802
1,102.79578399658203,225.70599365234375,181.51834106445312,0.009997018612921238,0.28544729948043823,0.09623385965824127,-0.2240983545780182,0.45916756987571716,-0.859619140625,106.21932220458984,209.30023193359375,244.1106719970703,157.77439880371094,103.66617584228516,441.870849609375,1110,41.38172912597656,16.309661865234375,80.61736297607422,206.9861297607422,225.09222412109375,80.61736297607422,206.9861297607422,225.09222412109375,0.0,0.0,0.0,80.61736297607422,206.9861297607422,225.09222412109375,82.1993408203125,201.17015075683594,182.98878479003906,-0.03719441592693329,0.13674145936965942,0.9899082183837891,82.1993408203125,201.17015075683594,182.98878479003906,94.24869537353516,194.24453735351562,159.75550842285156,-0.4450724124908447,0.25581449270248413,0.8581779599189758,94.24869537353516,194.24453735351562,159.75550842285156,109.00729370117188,188.143310546875,150.2534942626953,-0.794197142124176,0.32832229137420654,0.5113271474838257,1111,46.694664001464844,15.578988075256348,88.14094543457031,225.41744995117188,221.68479919433594,83.50286102294922,233.80203247070312,159.7359161376953,0.07398970425128937,-0.13375625014305115,0.9882484078407288,83.50286102294922,233.80203247070312,159.7359161376953,87.68167877197266,231.82286071777344,125.93748474121094,-0.12249838560819626,0.05801768973469734,0.9907714128494263,87.68167877197266,231.82286071777344,125.93748474121094,89.97730255126953,227.04031372070312,107.49333190917969,-0.1196141391992569,0.24919599294662476,0.9610379338264465,89.97730255126953,227.04031372070312,107.49333190917969,91.54912567138672,222.20297241210938,94.91649627685547,-0.1158614531159401,0.35656771063804626,0.9270575046539307,1112,53.2048225402832,15.300636291503906,98.42171478271484,227.2388153076172,220.65370178222656,102.1787109375,235.28106689453125,161.87379455566406,-0.06319976598024368,-0.1352858543395996,0.9887889623641968,102.1787109375,235.28106689453125,161.87379455566406,97.95166778564453,200.59202575683594,146.2669219970703,0.11044642329216003,0.9063736796379089,0.407784640789032,97.95166778564453,200.59202575683594,146.2669219970703,94.18718719482422,190.24209594726562,165.9780731201172,0.1667231172323227,0.45838263630867004,-0.8729768991470337,94.18718719482422,190.24209594726562,165.9780731201172,93.14016723632812,192.95758056640625,180.61282348632812,0.0701693594455719,-0.18198679387569427,-0.9807941317558289,1113,51.15785598754883,14.559525489807129,108.85853576660156,226.44772338867188,220.50559997558594,120.21310424804688,233.4285125732422,168.8238067626953,-0.21274037659168243,-0.1307927817106247,0.9683154225349426,120.21310424804688,233.4285125732422,168.8238067626953,114.8401870727539,201.17800903320312,155.052978515625,0.15144900977611542,0.909060537815094,0.3881649971008301,114.8401870727539,201.17800903320312,155.052978515625,107.76617431640625,192.5356903076172,174.00282287597656,0.3216032385826111,0.39290255308151245,-0.8615097999572754,107.76617431640625,192.5356903076172,174.00282287597656,105.24786376953125,196.212158203125,188.15328979492188,0.1697481870651245,-0.24781446158885956,-0.9538204669952393,1114,40.1068115234375,12.93290901184082,118.81768035888672,219.6073760986328,221.54592895507812,135.9996795654297,227.67234802246094,175.93057250976562,-0.34776630997657776,-0.16323627531528473,0.923261821269989,135.9996795654297,227.67234802246094,175.93057250976562,129.2040557861328,204.09217834472656,162.29006958007812,0.2420428842306137,0.8398658037185669,0.4858401119709015,129.2040557861328,204.09217834472656,162.29006958007812,121.6402359008789,198.13157653808594,174.4739227294922,0.48704013228416443,0.3838076889514923,-0.784527599811554,121.6402359008789,198.13157653808594,174.4739227294922,117.97827911376953,200.49085998535156,187.44863891601562,0.2675603926181793,-0.1723807454109192,-0.9479959607124329
1,102.75347137451172,225.74050903320312,181.4954376220703,0.009144679643213749,0.286333829164505,0.09636659175157547,-0.2236127108335495,0.45900025963783264,-0.8598349094390869,106.16964721679688,209.2833709716797,244.07640075683594,157.61300659179688,103.68780517578125,441.88623046875,1110,41.38172912597656,16.309661865234375,80.56551361083984,206.996826171875,225.05421447753906,80.56551361083984,206.996826171875,225.05421447753906,0.0,0.0,0.0,80.56551361083984,206.996826171875,225.05421447753906,82.20850372314453,201.2073974609375,182.94944763183594,-0.038628894835710526,0.13611720502376556,0.9899393916130066,82.20850372314453,201.2073974609375,182.94944763183594,94.29930877685547,194.28553771972656,159.7366180419922,-0.44660380482673645,0.2556760311126709,0.8574233055114746,94.29930877685547,194.28553771972656,159.7366180419922,109.07235717773438,188.17921447753906,150.2603302001953,-0.7949737906455994,0.3285961449146271,0.5099421739578247,1111,46.694664001464844,15.578988075256348,88.10369110107422,225.42526245117188,221.6635284423828,83.46429443359375,233.87327575683594,159.72335815429688,0.07401063293218613,-0.13476812839508057,0.988109290599823,83.46429443359375,233.87327575683594,159.72335815429688,87.64099884033203,231.9306640625,125.92255401611328,-0.12243646383285522,0.05694597586989403,0.990841269493103,87.64099884033203,231.9306640625,125.92255401611328,89.93211364746094,227.15512084960938,107.47602081298828,-0.11937916278839111,0.24883098900318146,0.9611616730690002,89.93211364746094,227.15512084960938,107.47602081298828,91.49906158447266,222.3135528564453,94.90019989013672,-0.11550206691026688,0.35687920451164246,0.9269825220108032,1112,53.2048225402832,15.300636291503906,98.38581085205078,227.23922729492188,220.63282775878906,102.14163208007812,235.3350067138672,161.86019897460938,-0.06317999958992004,-0.13618628680706024,0.9886665344238281,102.14163208007812,235.3350067138672,161.86019897460938,97.88710021972656,200.6715545654297,146.2039794921875,0.1111646294593811,0.9057047367095947,0.4090738594532013,97.88710021972656,200.6715545654297,146.2039794921875,94.11554718017578,190.29489135742188,165.8997039794922,0.16703642904758453,0.4595668613910675,-0.8722941279411316,94.11554718017578,190.29489135742188,165.8997039794922,93.06986236572266,192.98208618164062,180.53977966308594,0.07007984071969986,-0.1800907701253891,-0.9811505079269409,1113,51.15785598754883,14.559525489807129,108.82196044921875,226.4397735595703,220.48257446289062,120.1754150390625,233.46102905273438,168.8060302734375,-0.21271954476833344,-0.13155099749565125,0.9682172536849976,120.1754150390625,233.46102905273438,168.8060302734375,114.77800750732422,201.2320556640625,154.9944305419922,0.1521393358707428,0.908453643321991,0.3893142342567444,114.77800750732422,201.2320556640625,154.9944305419922,107.69783782958984,192.5662841796875,173.93125915527344,0.3218831419944763,0.39396876096725464,-0.8609180450439453,107.69783782958984,192.5662841796875,173.93125915527344,105.17937469482422,196.2156982421875,188.0886993408203,0.16975848376750946,-0.24599090218544006,-0.9542905688285828,1114,40.1068115234375,12.93290901184082,118.7756576538086,219.59030151367188,221.5150146484375,135.95823669433594,227.6851348876953,175.90516662597656,-0.3477780520915985,-0.16384068131446838,0.923150360584259,135.95823669433594,227.6851348876953,175.90516662597656,129.1493377685547,204.12425231933594,162.23800659179688,0.24251583218574524,0.8391793370246887,0.4867898225784302,129.1493377685547,204.12425231933594,162.23800659179688,121.57138061523438,198.15745544433594,174.41006469726562,0.48794975876808167,0.384206086397171,-0.78376704454422,121.57138061523438,198.15745544433594,174.41006469726562,117.89948272705078,200.5009765625,187.3848114013672,0.2682870328426361,-0.1712292581796646,-0.9479992389678955
1,102.74011993408203,225.7843780517578,181.47085571289062,0.008032144047319889,0.2867164611816406,0.09645883738994598,-0.22332322597503662,0.4588499665260315,-0.8599903583526611,106.15316009521484,209.3013153076172,244.0463104248047,157.5299072265625,103.7403335571289,441.8918762207031,1110,41.38172912597656,16.309661865234375,80.54241943359375,207.04293823242188,225.025634765625,80.54241943359375,207.04293823242188,225.025634765625,0.0,0.0,0.0,80.54241943359375,207.04293823242188,225.025634765625,82.23905181884766,201.2630615234375,182.92169189453125,-0.0398901030421257,0.13589264452457428,0.9899201393127441,82.23905181884766,201.2630615234375,182.92169189453125,94.36434936523438,194.3329315185547,159.7293243408203,-0.44787779450416565,0.2559814453125,0.8566673398017883,94.36434936523438,194.3329315185547,159.7293243408203,109.15040588378906,188.2135009765625,150.28184509277344,-0.7956743836402893,0.32930174469947815,0.5083922743797302,1111,46.694664001464844,15.578988075256348,88.09912872314453,225.46510314941406,221.64212036132812,83.45453643798828,233.94781494140625,159.70709228515625,0.0740935206413269,-0.13532167673110962,0.9880273938179016,83.45453643798828,233.94781494140625,159.70709228515625,87.63095092773438,232.02378845214844,125.90518188476562,-0.12242795526981354,0.05640115961432457,0.9908735752105713,87.63095092773438,232.02378845214844,125.90518188476562,89.91765594482422,227.24798583984375,107.45816802978516,-0.11914939433336258,0.24884450435638428,0.9611867070198059,89.91765594482422,227.24798583984375,107.45816802978516,91.4794921875,222.3992462158203,94.88448333740234,-0.11512533575296402,0.3574080169200897,0.9268255233764648,1112,53.2048225402832,15.300636291503906,98.38290405273438,227.268798828125,220.60995483398438,102.13387298583984,235.38894653320312,161.8403778076172,-0.06309837847948074,-0.1365962028503418,0.9886152148246765,102.13387298583984,235.38894653320312,161.8403778076172,97.84064483642578,200.74034118652344,146.16189575195312,0.11217572540044785,0.9053170084953308,0.4096556305885315,97.84064483642578,200.74034118652344,146.16189575195312,94.06197357177734,190.35183715820312,165.85000610351562,0.16735172271728516,0.46009138226509094,-0.8719571232795715,94.06197357177734,190.35183715820312,165.85000610351562,93.02069091796875,193.0238037109375,180.4931640625,0.06978489458560944,-0.1790703982114792,-0.9813581109046936,1113,51.15785598754883,14.559525489807129,108.81817626953125,226.45849609375,220.4569549560547,120.1672592163086,233.49276733398438,168.7812042236328,-0.21263757348060608,-0.13179482519626617,0.9682021141052246,120.1672592163086,233.49276733398438,168.7812042236328,114.73483276367188,201.278076171875,154.95001220703125,0.15312640368938446,0.9080508947372437,0.3898664116859436,114.73483276367188,201.278076171875,154.95001220703125,107.6483383178711,192.60012817382812,173.87890625,0.32217055559158325,0.39452219009399414,-0.860556960105896,107.6483383178711,192.60012817382812,173.87890625,105.13239288330078,196.2314453125,188.0414581298828,0.16958865523338318,-0.24477088451385498,-0.954634428024292,1114,40.1068115234375,12.93290901184082,118.76493072509766,219.5980987548828,221.48382568359375,135.9456329345703,227.69692993164062,175.8739776611328,-0.3477400541305542,-0.16392159461975098,0.923150360584259,135.9456329345703,227.69692993164062,175.8739776611328,129.11187744140625,204.14991760253906,162.19528198242188,0.24340099096298218,0.8386846780776978,0.4872003495693207,129.11187744140625,204.14991760253906,162.19528198242188,121.52531433105469,198.18130493164062,174.36106872558594,0.4885043799877167,0.3843233585357666,-0.783363938331604,121.52531433105469,198.18130493164062,174.36106872558594,117.85025787353516,200.51361083984375,187.3369598388672,0.26851749420166016,-0.17040961980819702,-0.9480817317962646
1,102.70217895507812,225.79661560058594,181.45095825195312,0.007654970046132803,0.2872188985347748,0.09632103145122528,-0.22298231720924377,0.45853519439697266,-0.8602467179298401,106.12140655517578,209.2874755859375,244.0205078125,157.4197235107422,103.79890441894531,441.925048828125,1110,41.38172912597656,16.309661865234375,80.50929260253906,207.0386505126953,225.00108337402344,80.50929260253906,207.0386505126953,225.00108337402344,0.0,0.0,0.0,80.50929260253906,207.0386505126953,225.00108337402344,82.25495147705078,201.2698974609375,182.89761352539062,-0.04104277864098549,0.13563111424446106,0.9899089336395264,82.25495147705078,201.2698974609375,182.89761352539062,94.41757202148438,194.34031677246094,159.72463989257812,-0.4492565095424652,0.25596120953559875,0.8559511303901672,94.41757202148438,194.34031677246094,159.72463989257812,109.22136688232422,188.21893310546875,150.30624389648438,-0.7966287732124329,0.3294067680835724,0.506827175617218,1111,46.694664001464844,15.578988075256348,88.07083129882812,225.46031188964844,221.6256103515625,83.413818359375,233.97764587402344,159.69625854492188,0.0742916539311409,-0.1358739733695984,0.9879367351531982,83.413818359375,233.97764587402344,159.69625854492188,87.5875244140625,232.06591796875,125.89332580566406,-0.12234858423471451,0.056040652096271515,0.9909037947654724,87.5875244140625,232.06591796875,125.89332580566406,89.87126159667969,227.29022216796875,107.44591522216797,-0.11899473518133163,0.2488389015197754,0.9612072706222534,89.87126159667969,227.29022216796875,107.44591522216797,91.43016052246094,222.4351806640625,94.8742904663086,-0.11490877717733383,0.3578723967075348,0.9266732931137085,1112,53.2048225402832,15.300636291503906,98.35490417480469,227.2613983154297,220.5919189453125,102.09410858154297,235.4119110107422,161.82579040527344,-0.06290046870708466,-0.1371069848537445,0.9885571002960205,102.09410858154297,235.4119110107422,161.82579040527344,97.78654479980469,200.77328491210938,146.1291961669922,0.1125502958893776,0.9050562977790833,0.4101288914680481,97.78654479980469,200.77328491210938,146.1291961669922,94.00924682617188,190.3734588623047,165.8115997314453,0.16729086637496948,0.46059271693229675,-0.8717041611671448,94.00924682617188,190.3734588623047,165.8115997314453,92.97154235839844,193.03369140625,180.4571533203125,0.06954506784677505,-0.1782839447259903,-0.9815183877944946,1113,51.15785598754883,14.559525489807129,108.7898941040039,226.44796752929688,220.43594360351562,120.12860107421875,233.50645446777344,168.76123046875,-0.21244323253631592,-0.13224856555461884,0.9681829810142517,120.12860107421875,233.50645446777344,168.76123046875,114.68375396728516,201.30174255371094,154.91172790527344,0.15347658097743988,0.907770037651062,0.3903827369213104,114.68375396728516,201.30174255371094,154.91172790527344,107.59818267822266,192.60906982421875,173.83421325683594,0.322128564119339,0.39519158005714417,-0.8602655529975891,107.59818267822266,192.60906982421875,173.83421325683594,105.08379364013672,196.22434997558594,188.0011444091797,0.1694837361574173,-0.2436898946762085,-0.9549295902252197,1114,40.1068115234375,12.93290901184082,118.73479461669922,219.583984375,221.45672607421875,135.9069061279297,227.7019805908203,175.8470458984375,-0.347566157579422,-0.16430948674678802,0.9231468439102173,135.9069061279297,227.7019805908203,175.8470458984375,129.06536865234375,204.16397094726562,162.1567840576172,0.2436782866716385,0.8383644819259644,0.4876125454902649,129.06536865234375,204.16397094726562,162.1567840576172,121.47457122802734,198.19046020507812,174.31752014160156,0.48877713084220886,0.38463881611824036,-0.7830389142036438,121.47457122802734,198.19046020507812,174.31752014160156,117.79627990722656,200.5128936767578,187.2942657470703,0.26875385642051697,-0.16968828439712524,-0.9481441378593445
1,102.65867614746094,225.79966735839844,181.41856384277344,0.0071008759550750256,0.2872389853000641,0.09589099884033203,-0.22263607382774353,0.4581168293952942,-0.8605592250823975,106.09957122802734,209.29075622558594,243.98793029785156,157.3182373046875,103.89842987060547,441.9643859863281,1110,41.38172912597656,16.309661865234375,80.48224639892578,207.04739379882812,224.9795379638672,80.48224639892578,207.04739379882812,224.9795379638672,0.0,0.0,0.0,80.48224639892578,207.04739379882812,224.9795379638672,82.25325775146484,201.2625732421875,182.8793182373047,-0.04163883998990059,0.1360088437795639,0.9898322820663452,82.25325775146484,201.2625732421875,182.8793182373047,94.45391845703125,194.3151397705078,159.73170471191406,-0.45066168904304504,0.25662070512771606,0.8550145626068115,94.45391845703125,194.3151397705078,159.73170471191406,109.27962493896484,188.1846466064453,150.35377502441406,-0.7978076338768005,0.32989686727523804,0.5046494007110596,1111,46.694664001464844,15.578988075256348,88.04917907714844,225.46632385253906,221.6011962890625,83.36164093017578,233.98977661132812,159.67498779296875,0.07477861642837524,-0.1359715759754181,0.9878866076469421,83.36164093017578,233.98977661132812,159.67498779296875,87.52561950683594,232.0699462890625,125.87130737304688,-0.12206340581178665,0.056278154253959656,0.9909254312515259,87.52561950683594,232.0699462890625,125.87130737304688,89.80213928222656,227.2839813232422,107.42567443847656,-0.11861871927976608,0.24937409162521362,0.9611150622367859,89.80213928222656,227.2839813232422,107.42567443847656,91.35503387451172,222.4158172607422,94.85838317871094,-0.11446619033813477,0.35883966088294983,0.9263538718223572,1112,53.2048225402832,15.300636291503906,98.3333969116211,227.26344299316406,220.56199645996094,102.04365539550781,235.4165496826172,161.79440307617188,-0.06241355836391449,-0.13715066015720367,0.9885819554328918,102.04365539550781,235.4165496826172,161.79440307617188,97.71460723876953,200.782470703125,146.09368896484375,0.11311165243387222,0.9049374461174011,0.41023653745651245,97.71460723876953,200.782470703125,146.09368896484375,93.94377136230469,190.3809356689453,165.77642822265625,0.16700467467308044,0.4606683850288391,-0.8717190027236938,93.94377136230469,190.3809356689453,165.77642822265625,92.91464233398438,193.03797912597656,180.4231719970703,0.06897033005952835,-0.17807015776634216,-0.9815977811813354,1113,51.15785598754883,14.559525489807129,108.76798248291016,226.4459228515625,220.4002685546875,120.08119201660156,233.5035400390625,168.71983337402344,-0.2119654417037964,-0.13223223388195038,0.9682899117469788,120.08119201660156,233.5035400390625,168.71983337402344,114.61804962158203,201.30397033691406,154.86553955078125,0.1539922058582306,0.9076246619224548,0.39051759243011475,114.61804962158203,201.30397033691406,154.86553955078125,107.53866577148438,192.60775756835938,173.78871154785156,0.3218472898006439,0.3953525424003601,-0.8602968454360962,107.53866577148438,192.60775756835938,173.78871154785156,105.03147888183594,196.21697998046875,187.9584503173828,0.16899840533733368,-0.2432817667722702,-0.9551196098327637,1114,40.1068115234375,12.93290901184082,118.71073150634766,219.57794189453125,221.4151153564453,135.861083984375,227.69236755371094,175.796630859375,-0.3471258878707886,-0.16423727571964264,0.9233254194259644,135.861083984375,227.69236755371094,175.796630859375,129.008056640625,204.15858459472656,162.10482788085938,0.24408744275569916,0.8382136225700378,0.4876672923564911,129.008056640625,204.15858459472656,162.10482788085938,121.4150390625,198.18809509277344,174.26565551757812,0.48892027139663696,0.3844444155693054,-0.7830450534820557,121.4150390625,198.18809509277344,174.26565551757812,117.73745727539062,200.5095977783203,187.24276733398438,0.26870203018188477,-0.16962029039859772,-0.9481710195541382
1,102.6195297241211,225.81082153320312,181.4040985107422,0.006782743614166975,0.2869493067264557,0.09528259932994843,-0.22221098840236664,0.4578281342983246,-0.8608226776123047,106.08958435058594,209.3192901611328,243.97679138183594,157.21046447753906,103.9933853149414,442.01385498046875,1110,41.38172912597656,16.309661865234375,80.46851348876953,207.07281494140625,224.98411560058594,80.46851348876953,207.07281494140625,224.98411560058594,0.0,0.0,0.0,80.46851348876953,207.07281494140625,224.98411560058594,82.26319122314453,201.25704956054688,182.88917541503906,-0.04219527542591095,0.1367364376783371,0.989708423614502,82.26319122314453,201.25704956054688,182.88917541503906,94.49610900878906,194.2882537841797,159.7650146484375,-0.45185309648513794,0.2574097216129303,0.8541480898857117,94.49610900878906,194.2882537841797,159.7650146484375,109.34367370605469,188.1495819091797,150.42710876464844,-0.7989840507507324,0.3303370475769043,0.5024957060813904,1111,46.694664001464844,15.578988075256348,88.0356674194336,225.48988342285156,221.59613037109375,83.30966186523438,233.99774169921875,159.6707000732422,0.07539226859807968,-0.135722815990448,0.9878741502761841,83.30966186523438,233.99774169921875,159.6707000732422,87.46063995361328,232.05953979492188,125.86647033691406,-0.121682308614254,0.0568167008459568,0.9909415245056152,87.46063995361328,232.05953979492188,125.86647033691406,89.72900390625,227.25347900390625,107.42505645751953,-0.11819376051425934,0.2504211962223053,0.9608951807022095,89.72900390625,227.25347900390625,107.42505645751953,91.27558135986328,222.3640899658203,94.86522674560547,-0.11400052905082703,0.3604041635990143,0.9258037805557251,1112,53.2048225402832,15.300636291503906,98.31945037841797,227.28538513183594,220.54989624023438,101.99321746826172,235.4226531982422,161.77780151367188,-0.06179969012737274,-0.1368841975927353,0.9886574745178223,101.99321746826172,235.4226531982422,161.77780151367188,97.65217590332031,200.791259765625,146.07447814941406,0.11342503130435944,0.9048673510551453,0.4103047251701355,97.65217590332031,200.791259765625,146.07447814941406,93.89169311523438,190.3877410888672,165.75816345214844,0.1665460616350174,0.46075600385665894,-0.8717604875564575,93.89169311523438,190.3877410888672,165.75816345214844,92.8709945678711,193.04197692871094,180.40599060058594,0.0684054046869278,-0.17788217961788177,-0.9816713929176331,1113,51.15785598754883,14.559525489807129,108.75382232666016,226.4664764404297,220.38169860839844,120.03491973876953,233.5091094970703,168.6922149658203,-0.21136383712291718,-0.13195151090621948,0.9684596061706543,120.03491973876953,233.5091094970703,168.6922149658203,114.5629653930664,201.31109619140625,154.83779907226562,0.15424060821533203,0.9075809121131897,0.3905211091041565,114.5629653930664,201.31109619140625,154.83779907226562,107.4931411743164,192.6112823486328,173.7628936767578,0.3214126229286194,0.39551618695259094,-0.8603841066360474,107.4931411743164,192.6112823486328,173.7628936767578,104.99240112304688,196.21505737304688,187.93516540527344,0.16856378316879272,-0.24291446805000305,-0.955289900302887,1114,40.1068115234375,12.93290901184082,118.69633483886719,219.5974884033203,221.39199829101562,135.81858825683594,227.69775390625,175.76043701171875,-0.346557080745697,-0.16395063698291779,0.9235899448394775,135.81858825683594,227.69775390625,175.76043701171875,128.95994567871094,204.16336059570312,162.072509765625,0.24428747594356537,0.8382354974746704,0.48752930760383606,128.95994567871094,204.16336059570312,162.072509765625,121.36817932128906,198.1939239501953,174.23464965820312,0.4888392984867096,0.38437631726264954,-0.7831289172172546,121.36817932128906,198.1939239501953,174.23464965820312,117.69192504882812,200.51451110839844,187.21229553222656,0.26860511302948,-0.1695534586906433,-0.9482102990150452
1,102.58922576904297,225.8420867919922,181.3948516845703,0.007584393490105867,0.2873983085155487,0.09456784278154373,-0.22211624681949615,0.45746317505836487,-0.8610411286354065,106.09429931640625,209.33538818359375,243.96249389648438,157.19337463378906,104.09343719482422,442.0498046875,1110,41.38172912597656,16.309661865234375,80.47542572021484,207.06689453125,224.97776794433594,80.47542572021484,207.06689453125,224.97776794433594,0.0,0.0,0.0,80.47542572021484,207.06689453125,224.97776794433594,82.30525207519531,201.25173950195312,182.88426208496094,-0.04302167147397995,0.13672208786010742,0.9896747469902039,82.30525207519531,201.25173950195312,182.88426208496094,94.57965087890625,194.2908477783203,159.7797088623047,-0.45338529348373413,0.25711777806282043,0.8534238338470459,94.57965087890625,194.2908477783203,159.7797088623047,109.45572662353516,188.1660919189453,150.4781036376953,-0.8005180954933167,0.3295881152153015,0.500542163848877,1111,46.694664001464844,15.578988075256348,88.02384185791016,225.4923095703125,221.5933380126953,83.26189422607422,234.01919555664062,159.6732940673828,0.07596565783023834,-0.13602638244628906,0.9877884984016418,83.26189422607422,234.01919555664062,159.6732940673828,87.41091918945312,232.08714294433594,125.86846923828125,-0.12162503600120544,0.05663643032312393,0.9909588694572449,87.41091918945312,232.08714294433594,125.86846923828125,89.68115234375,227.27598571777344,107.4286117553711,-0.11829113215208054,0.2506866753101349,0.9608138799667358,89.68115234375,227.27598571777344,107.4286117553711,91.22998809814453,222.37660217285156,94.87295532226562,-0.1141669973731041,0.3611408770084381,0.9254961609840393,1112,53.2048225402832,15.300636291503906,98.30546569824219,227.29782104492188,220.5431365966797,101.94506072998047,235.4607696533203,161.77249145507812,-0.061224862933158875,-0.13731621205806732,0.9886332750320435,101.94506072998047,235.4607696533203,161.77249145507812,97.62998962402344,200.8330841064453,146.05381774902344,0.11274642497301102,0.9047701954841614,0.41070568561553955,97.62998962402344,200.8330841064453,146.05381774902344,93.88800811767578,190.41761779785156,165.73471069335938,0.1657266616821289,0.4612851142883301,-0.8716367483139038,93.88800811767578,190.41761779785156,165.73471069335938,92.87120819091797,193.0640411376953,180.3842315673828,0.06814408302307129,-0.177358478307724,-0.9817842245101929,1113,51.15785598754883,14.559525489807129,108.74052429199219,226.4887237548828,220.36993408203125,119.99166870117188,233.56146240234375,168.6780242919922,-0.2108025997877121,-0.1325155645608902,0.9685049653053284,119.99166870117188,233.56146240234375,168.6780242919922,114.54462432861328,201.36477661132812,154.8107147216797,0.15353846549987793,0.9075434803962708,0.39088454842567444,114.54462432861328,201.36477661132812,154.8107147216797,107.49115753173828,192.64895629882812,173.7345428466797,0.320669025182724,0.39624395966529846,-0.8603266477584839,107.49115753173828,192.64895629882812,173.7345428466797,104.99217224121094,196.24105834960938,187.91009521484375,0.1684454083442688,-0.24212750792503357,-0.9555104970932007,1114,40.1068115234375,12.93290901184082,118.68989562988281,219.62863159179688,221.37313842773438,135.78395080566406,227.7621612548828,175.73692321777344,-0.34598636627197266,-0.1646239310503006,0.9236841797828674,135.78395080566406,227.7621612548828,175.73692321777344,128.94203186035156,204.2279510498047,162.04031372070312,0.2436918169260025,0.8382289409637451,0.4878385365009308,128.94203186035156,204.2279510498047,162.04031372070312,121.36265563964844,198.24583435058594,174.20394897460938,0.48804154992103577,0.3851928412914276,-0.7832252979278564,121.36265563964844,198.24583435058594,174.20394897460938,117.68985748291016,200.5546875,187.18466186523438,0.2683527171611786,-0.16869617998600006,-0.9484347701072693
1,102.55230712890625,225.83277893066406,181.3662567138672,0.0068721710704267025,0.2869630753993988,0.09411971271038055,-0.22220370173454285,0.45696547627449036,-0.8612828254699707,106.08402252197266,209.3505401611328,243.93930053710938,157.20323181152344,104.22308349609375,442.08221435546875,1110,41.38172912597656,16.309661865234375,80.4543685913086,207.08570861816406,224.96932983398438,80.4543685913086,207.08570861816406,224.96932983398438,0.0,0.0,0.0,80.4543685913086,207.08570861816406,224.96932983398438,82.30236053466797,201.23428344726562,182.8816375732422,-0.04344876483082771,0.13757483661174774,0.9895380139350891,82.30236053466797,201.23428344726562,182.8816375732422,94.60138702392578,194.24545288085938,159.79861450195312,-0.4542948007583618,0.258149653673172,0.852628231048584,94.60138702392578,194.24545288085938,159.79861450195312,109.49784088134766,188.10540771484375,150.53981018066406,-0.8016148805618286,0.3304109573364258,0.49823907017707825,1111,46.694664001464844,15.578988075256348,88.01065063476562,225.50579833984375,221.5735321044922,83.21643829345703,234.01214599609375,159.65313720703125,0.07648035138845444,-0.13569870591163635,0.9877938628196716,83.21643829345703,234.01214599609375,159.65313720703125,87.35430145263672,232.05479431152344,125.84840393066406,-0.12129786610603333,0.05737806484103203,0.9909564256668091,87.35430145263672,232.05479431152344,125.84840393066406,89.61589050292969,227.22181701660156,107.4131851196289,-0.11784069240093231,0.2518235445022583,0.9605719447135925,89.61589050292969,227.22181701660156,107.4131851196289,91.1574935913086,222.30194091796875,94.86466217041016,-0.11363393068313599,0.36265161633491516,0.9249709248542786,1112,53.2048225402832,15.300636291503906,98.29261779785156,227.30540466308594,220.51654052734375,101.90161895751953,235.44447326660156,161.74069213867188,-0.06071021780371666,-0.13691450655460358,0.9887208342552185,101.90161895751953,235.44447326660156,161.74069213867188,97.55939483642578,200.81512451171875,146.03318786621094,0.11345592886209488,0.9048139452934265,0.4104139804840088,97.55939483642578,200.81512451171875,146.03318786621094,93.823486328125,190.40855407714844,165.7199249267578,0.16545778512954712,0.46089139580726624,-0.8718960881233215,93.823486328125,190.40855407714844,165.7199249267578,92.81645202636719,193.0590362548828,180.36940002441406,0.06748955696821213,-0.17763034999370575,-0.9817804098129272,1113,51.15785598754883,14.559525489807129,108.72712707519531,226.4906463623047,220.33741760253906,119.9513168334961,233.53807067871094,168.63619995117188,-0.2102975994348526,-0.13204129040241241,0.9686794877052307,119.9513168334961,233.53807067871094,168.63619995117188,114.47950744628906,201.3399200439453,154.7820281982422,0.15423649549484253,0.9075846076011658,0.3905141353607178,114.47950744628906,201.3399200439453,154.7820281982422,107.43212890625,192.6316375732422,173.7115936279297,0.3203922510147095,0.39590126276016235,-0.860587477684021,107.43212890625,192.6316375732422,173.7115936279297,104.94215393066406,196.2261962890625,187.88809204101562,0.16783824563026428,-0.2422933727502823,-0.9555753469467163,1114,40.1068115234375,12.93290901184082,118.67342376708984,219.6256103515625,221.3372802734375,135.7446746826172,227.73294067382812,175.6878662109375,-0.34552478790283203,-0.16409362852573395,0.923951268196106,135.7446746826172,227.73294067382812,175.6878662109375,128.8831329345703,204.1965789794922,162.00477600097656,0.24439074099063873,0.8383055925369263,0.4873570203781128,128.8831329345703,204.1965789794922,162.00477600097656,121.30461883544922,198.22340393066406,174.17333984375,0.48798608779907227,0.3846171200275421,-0.7835427522659302,121.30461883544922,198.22340393066406,174.17333984375,117.63677978515625,200.53741455078125,187.15452575683594,0.2679905295372009,-0.16907310485839844,-0.9484699368476868
1,102.53438568115234,225.81988525390625,181.3219757080078,0.005850868299603462,0.2850148677825928,0.09370798617601395,-0.22273893654346466,0.45672717690467834,-0.8612709641456604,106.09404754638672,209.43934631347656,243.91839599609375,157.3363800048828,104.36671447753906,442.0585632324219,1110,41.38172912597656,16.309661865234375,80.44715881347656,207.1725311279297,224.97320556640625,80.44715881347656,207.1725311279297,224.97320556640625,0.0,0.0,0.0,80.44715881347656,207.1725311279297,224.97320556640625,82.31426239013672,201.22134399414062,182.9003448486328,-0.04389810189604759,0.13992036879062653,0.9891892075538635,82.31426239013672,201.22134399414062,182.9003448486328,94.64202880859375,194.16514587402344,159.85317993164062,-0.4553564786911011,0.2606380879878998,0.8513039350509644,94.64202880859375,194.16514587402344,159.85317993164062,109.56171417236328,187.99110412597656,150.6545867919922,-0.8028650283813477,0.33224040269851685,0.494998961687088,1111,46.694664001464844,15.578988075256348,88.016845703125,225.5799102783203,221.53857421875,83.1922378540039,233.97512817382812,159.60537719726562,0.07696523517370224,-0.1339258998632431,0.9879980683326721,83.1922378540039,233.97512817382812,159.60537719726562,87.3061294555664,231.9469757080078,125.80188751220703,-0.12059514969587326,0.05945352092385292,0.990919828414917,87.3061294555664,231.9469757080078,125.80188751220703,89.55128479003906,227.06997680664062,107.37625885009766,-0.11698443442583084,0.25411736965179443,0.9600724577903748,89.55128479003906,227.06997680664062,107.37625885009766,91.08000183105469,222.11447143554688,94.8401870727539,-0.11268409341573715,0.3652779459953308,0.9240531921386719,1112,53.2048225402832,15.300636291503906,98.29967498779297,227.36891174316406,220.47201538085938,101.87987518310547,235.39561462402344,161.678955078125,-0.060225725173950195,-0.135024294257164,0.989010214805603,101.87987518310547,235.39561462402344,161.678955078125,97.50182342529297,200.7476806640625,146.02247619628906,0.11439204961061478,0.9052995443344116,0.40908074378967285,97.50182342529297,200.7476806640625,146.02247619628906,93.76844787597656,190.3751220703125,165.72763061523438,0.16534563899040222,0.4593851566314697,-0.8727118968963623,93.76844787597656,190.3751220703125,165.72763061523438,92.7712173461914,193.0467529296875,180.37393188476562,0.066832534968853,-0.17904771864414215,-0.9815678000450134,1113,51.15785598754883,14.559525489807129,108.73339080810547,226.5450439453125,220.28811645507812,119.93213653564453,233.4868621826172,168.56707763671875,-0.20982082188129425,-0.13006259500980377,0.9690505266189575,119.93213653564453,233.4868621826172,168.56707763671875,114.42933654785156,201.2723388671875,154.7633514404297,0.15511007606983185,0.908046305179596,0.38909226655960083,114.42933654785156,201.2723388671875,154.7633514404297,107.38499450683594,192.5976104736328,173.70944213867188,0.32025429606437683,0.3943759500980377,-0.8613390326499939,107.38499450683594,192.5976104736328,173.70944213867188,104.90452575683594,196.21412658691406,187.8820343017578,0.1671973466873169,-0.24377323687076569,-0.9553112983703613,1114,40.1068115234375,12.93290901184082,118.67451477050781,219.6735076904297,221.29470825195312,135.7248992919922,227.68157958984375,175.61997985839844,-0.3451023995876312,-0.16208460927009583,0.9244635701179504,135.7248992919922,227.68157958984375,175.61997985839844,128.8391571044922,204.129150390625,161.97677612304688,0.2452528029680252,0.8388782143592834,0.48593655228614807,128.8391571044922,204.129150390625,161.97677612304688,121.26372528076172,198.180908203125,174.15945434570312,0.4877878427505493,0.3830118477344513,-0.784451961517334,121.26372528076172,198.180908203125,174.15945434570312,117.60444641113281,200.5164031982422,187.13922119140625,0.26736488938331604,-0.17064273357391357,-0.9483654499053955
1,102.5013656616211,225.7705078125,181.2601776123047,0.004696554504334927,0.2832763195037842,0.09306570142507553,-0.22346128523349762,0.4560566246509552,-0.8614391684532166,106.10384368896484,209.4838409423828,243.87777709960938,157.51235961914062,104.56547546386719,442.0566711425781,1110,41.38172912597656,16.309661865234375,80.43488311767578,207.2146453857422,224.96084594726562,80.43488311767578,207.2146453857422,224.96084594726562,0.0,0.0,0.0,80.43488311767578,207.2146453857422,224.96084594726562,82.29740905761719,201.1734161376953,182.90061950683594,-0.04379047825932503,0.14203739166259766,0.9888922572135925,82.29740905761719,201.1734161376953,182.90061950683594,94.64765167236328,194.05287170410156,159.88531494140625,-0.4561869204044342,0.2630150020122528,0.8501275181770325,94.64765167236328,194.05287170410156,159.88531494140625,109.59010314941406,187.84579467773438,150.74609375,-0.8040900826454163,0.3340180814266205,0.49180397391319275,1111,46.694664001464844,15.578988075256348,88.01818084716797,225.6095428466797,221.48956298828125,83.14791107177734,233.9075927734375,159.54684448242188,0.07769366353750229,-0.1323758065700531,0.9881499409675598,83.14791107177734,233.9075927734375,159.54684448242188,87.23456573486328,231.82623291015625,125.7432861328125,-0.11979672312736511,0.061013251543045044,0.9909218549728394,87.23456573486328,231.82623291015625,125.7432861328125,89.46151733398438,226.9207305908203,107.3230209350586,-0.11603595316410065,0.25560262799263,0.9597932696342468,89.46151733398438,226.9207305908203,107.3230209350586,90.97611236572266,221.94003295898438,94.79521179199219,-0.11164306104183197,0.3671346604824066,0.9234434962272644,1112,53.2048225402832,15.300636291503906,98.30170440673828,227.3874969482422,220.4112548828125,101.83859252929688,235.3146209716797,161.60205078125,-0.05949712172150612,-0.13334915041923523,0.9892815947532654,101.83859252929688,235.3146209716797,161.60205078125,97.41825866699219,200.65093994140625,145.99237060546875,0.11549682170152664,0.9057109951972961,0.4078579843044281,97.41825866699219,200.65093994140625,145.99237060546875,93.69184875488281,190.30874633789062,165.7147979736328,0.1650371253490448,0.4580402970314026,-0.8734768033027649,93.69184875488281,190.30874633789062,165.7147979736328,92.7088623046875,193.0012664794922,180.3582305908203,0.06587794423103333,-0.1804477423429489,-0.9813758730888367,1113,51.15785598754883,14.559525489807129,108.73451232910156,226.55392456054688,220.21974182128906,119.8950424194336,233.40087890625,168.47781372070312,-0.20910485088825226,-0.1282852441072464,0.9694421291351318,119.8950424194336,233.40087890625,168.47781372070312,114.3553466796875,201.17295837402344,154.7201690673828,0.15615001320838928,0.9084236025810242,0.38779324293136597,114.3553466796875,201.17295837402344,154.7201690673828,107.31844329833984,192.52883911132812,173.68301391601562,0.3199159801006317,0.39298421144485474,-0.86210036277771,107.31844329833984,192.52883911132812,173.68301391601562,104.85211944580078,196.16680908203125,187.85256958007812,0.1662440448999405,-0.24521955847740173,-0.9551074504852295,1114,40.1068115234375,12.93290901184082,118.67030334472656,219.6750946044922,221.2290802001953,135.68862915039062,227.59291076660156,175.52667236328125,-0.3444536030292511,-0.16025784611701965,0.9250239729881287,135.68862915039062,227.59291076660156,175.52667236328125,128.7758331298828,204.02687072753906,161.9207000732422,0.24621638655662537,0.8393629789352417,0.4846104681491852,128.7758331298828,204.02687072753906,161.9207000732422,121.20172119140625,198.10438537597656,174.1167449951172,0.48770272731781006,0.3813532590866089,-0.7853124737739563,121.20172119140625,198.10438537597656,174.1167449951172,117.5511703491211,200.4622802734375,187.09490966796875,0.26672735810279846,-0.172279492020607,-0.948249101638794
1,102.5374755859375,225.7518310546875,181.2024383544922,0.004075953271239996,0.28157666325569153,0.09262990206480026,-0.2243146002292633,0.4555056095123291,-0.8615089058876038,106.17118835449219,209.5587615966797,243.84129333496094,157.7760009765625,104.76715850830078,442.0362243652344,1110,41.38172912597656,16.309661865234375,80.4853515625,207.27822875976562,224.94520568847656,80.4853515625,207.27822875976562,224.94520568847656,0.0,0.0,0.0,80.4853515625,207.27822875976562,224.94520568847656,82.36065673828125,201.154052734375,182.8975372314453,-0.04409092664718628,0.14398755133152008,0.9885967373847961,82.36065673828125,201.154052734375,182.8975372314453,94.73908233642578,193.97842407226562,159.9145050048828,-0.4572279155254364,0.26504969596862793,0.8489354252815247,94.73908233642578,193.97842407226562,159.9145050048828,109.70592498779297,187.74571228027344,150.83282470703125,-0.8054026365280151,0.33539754152297974,0.4887075424194336,1111,46.694664001464844,15.578988075256348,88.07539367675781,225.66384887695312,221.43963623046875,83.1763916015625,233.86216735839844,159.4859161376953,0.07815203815698624,-0.13078486919403076,0.9883257150650024,83.1763916015625,233.86216735839844,159.4859161376953,87.2469482421875,231.73330688476562,125.6833724975586,-0.11932481825351715,0.06240569055080414,0.9908921122550964,87.2469482421875,231.73330688476562,125.6833724975586,89.46356201171875,226.80477905273438,107.26800537109375,-0.11549729108810425,0.25680235028266907,0.9595379829406738,89.46356201171875,226.80477905273438,107.26800537109375,90.97026824951172,221.80502319335938,94.74684143066406,-0.11106158792972565,0.3685395419597626,0.9229538440704346,1112,53.2048225402832,15.300636291503906,98.35916900634766,227.4352264404297,220.35299682617188,101.86881256103516,235.2638702392578,161.52899169921875,-0.059038836508989334,-0.131692573428154,0.9895309209823608,101.86881256103516,235.2638702392578,161.52899169921875,97.42605590820312,200.58140563964844,145.96746826171875,0.11608269810676575,0.9062017798423767,0.4065997004508972,97.42605590820312,200.58140563964844,145.96746826171875,93.70452117919922,190.26763916015625,165.70571899414062,0.1648210734128952,0.45678091049194336,-0.8741768598556519,93.70452117919922,190.26763916015625,165.70571899414062,92.72969055175781,192.98048400878906,180.34593200683594,0.06533141434192657,-0.18181002140045166,-0.9811609983444214,1113,51.15785598754883,14.559525489807129,108.79148864746094,226.59646606445312,220.15737915039062,119.92798614501953,233.35301208496094,168.3983917236328,-0.20865459740161896,-0.12659135460853577,0.969761848449707,119.92798614501953,233.35301208496094,168.3983917236328,114.3691635131836,201.10838317871094,154.68772888183594,0.15668922662734985,0.908894956111908,0.3864690959453583,114.3691635131836,201.10838317871094,154.68772888183594,107.3372573852539,192.4924774169922,173.66525268554688,0.31968891620635986,0.39170169830322266,-0.8627681136131287,107.3372573852539,192.4924774169922,173.66525268554688,104.87909698486328,196.1519012451172,187.83070373535156,0.16569377481937408,-0.24666564166545868,-0.9548306465148926,1114,40.1068115234375,12.93290901184082,118.724609375,219.7146759033203,221.17283630371094,135.72256469726562,227.54930114746094,175.44850158691406,-0.3440411686897278,-0.15857400000095367,0.9254674315452576,135.72256469726562,227.54930114746094,175.44850158691406,128.7953338623047,203.9663543701172,161.87921142578125,0.2467304915189743,0.8399651050567627,0.48330390453338623,128.7953338623047,203.9663543701172,161.87921142578125,121.22364807128906,198.065673828125,174.0873260498047,0.48754650354385376,0.3799492418766022,-0.7860896587371826,121.22364807128906,198.065673828125,174.0873260498047,117.57901763916016,200.44419860839844,187.0634002685547,0.26629459857940674,-0.1737866997718811,-0.9480956792831421
1,102.58136749267578,225.73178100585938,181.118408203125,0.00473447423428297,0.2814290523529053,0.09260918200016022,-0.22499939799308777,0.4544043242931366,-0.8619118332862854,106.22003936767578,209.5611114501953,243.76373291015625,157.98240661621094,105.02286529541016,442.0513610839844,1110,41.38172912597656,16.309661865234375,80.5335464477539,207.2536163330078,224.8614044189453,80.5335464477539,207.2536163330078,224.8614044189453,0.0,0.0,0.0,80.5335464477539,207.2536163330078,224.8614044189453,82.42874145507812,201.10751342773438,182.81784057617188,-0.0445585772395134,0.14450311660766602,0.9885005354881287,82.42874145507812,201.10751342773438,182.81784057617188,94.85172271728516,193.92092895507812,159.86227416992188,-0.4588734805583954,0.2654542326927185,0.8479204773902893,94.85172271728516,193.92092895507812,159.86227416992188,109.85438537597656,187.69180297851562,150.83741760253906,-0.8073302507400513,0.3352046012878418,0.4856497645378113,1111,46.694664001464844,15.578988075256348,88.11288452148438,225.64315795898438,221.3533172607422,83.21880340576172,233.82583618164062,159.39712524414062,0.07807350903749466,-0.1305353194475174,0.9883647561073303,83.21880340576172,233.82583618164062,159.39712524414062,87.29035949707031,231.6958465576172,125.59477996826172,-0.11935415118932724,0.062438804656267166,0.9908865690231323,87.29035949707031,231.6958465576172,125.59477996826172,89.51021575927734,226.7750244140625,107.177734375,-0.11566619575023651,0.2564007341861725,0.9596250057220459,89.51021575927734,226.7750244140625,107.177734375,91.02031707763672,221.78126525878906,94.65459442138672,-0.1113119125366211,0.368097722530365,0.9231000542640686,1112,53.2048225402832,15.300636291503906,98.395751953125,227.42062377929688,220.26795959472656,101.91002655029297,235.23939514160156,161.4429168701172,-0.05911673605442047,-0.13152649998664856,0.9895483255386353,101.91002655029297,235.23939514160156,161.4429168701172,97.48795318603516,200.54345703125,145.9055633544922,0.11554227024316788,0.9065538048744202,0.40596818923950195,97.48795318603516,200.54345703125,145.9055633544922,93.77114868164062,190.24481201171875,165.65257263183594,0.16461174190044403,0.4561116695404053,-0.8745656609535217,93.77114868164062,190.24481201171875,165.65257263183594,92.79505920410156,192.97463989257812,180.28956604003906,0.06541568785905838,-0.18294796347618103,-0.9809439182281494,1113,51.15785598754883,14.559525489807129,108.82860565185547,226.5882110595703,220.07418823242188,119.96926879882812,233.3410186767578,168.3155975341797,-0.20873257517814636,-0.1265212744474411,0.9697540998458862,119.96926879882812,233.3410186767578,168.3155975341797,114.4284439086914,201.0860137939453,154.62205505371094,0.15618190169334412,0.909187376499176,0.38598647713661194,114.4284439086914,201.0860137939453,154.62205505371094,107.39990234375,192.47714233398438,173.60401916503906,0.3195359408855438,0.3913818895816803,-0.8629698753356934,107.39990234375,192.47714233398438,173.60401916503906,104.94078063964844,196.1488800048828,187.76612854003906,0.1657584309577942,-0.24749547243118286,-0.9546046853065491,1114,40.1068115234375,12.93290901184082,118.76578521728516,219.71270751953125,221.09262084960938,135.76626586914062,227.5484161376953,175.3694305419922,-0.34409239888191223,-0.1585959792137146,0.9254446029663086,135.76626586914062,227.5484161376953,175.3694305419922,128.8526611328125,203.9556121826172,161.810302734375,0.24624505639076233,0.8403158187866211,0.48294174671173096,128.8526611328125,203.9556121826172,161.810302734375,121.28285217285156,198.0596923828125,174.02188110351562,0.48742565512657166,0.37964269518852234,-0.7863126993179321,121.28285217285156,198.0596923828125,174.02188110351562,117.63697052001953,200.4459686279297,186.99618530273438,0.26638591289520264,-0.1743530035018921,-0.9479660391807556
1,102.57950592041016,225.6988525390625,181.0081024169922,0.006790528539568186,0.28181973099708557,0.09230753034353256,-0.22549480199813843,0.4531935751438141,-0.8624196648597717,106.23210906982422,209.5313262939453,243.65480041503906,158.1084442138672,105.27162170410156,442.0592346191406,1110,41.38172912597656,16.309661865234375,80.55693054199219,207.1676483154297,224.7413787841797,80.55693054199219,207.1676483154297,224.7413787841797,0.0,0.0,0.0,80.55693054199219,207.1676483154297,224.7413787841797,82.4969253540039,201.03208923339844,182.69830322265625,-0.04561186581850052,0.14425517618656158,0.9884887933731079,82.4969253540039,201.03208923339844,182.69830322265625,94.97256469726562,193.86871337890625,159.76405334472656,-0.4608185589313507,0.26459699869155884,0.847133219242096,94.97256469726562,193.86871337890625,159.76405334472656,110.01496124267578,187.66871643066406,150.785400390625,-0.8094685077667236,0.33363714814186096,0.4831635057926178,1111,46.694664001464844,15.578988075256348,88.10074615478516,225.5729217529297,221.23919677734375,83.20660400390625,233.75921630859375,159.2834930419922,0.07807449251413345,-0.13059301674365997,0.9883571267127991,83.20660400390625,233.75921630859375,159.2834930419922,87.29586791992188,231.64573669433594,125.48224639892578,-0.11987322568893433,0.06195482239127159,0.9908542037010193,87.29586791992188,231.64573669433594,125.48224639892578,89.5330581665039,226.74417114257812,107.06217193603516,-0.11656943708658218,0.2553974688053131,0.9597832560539246,89.5330581665039,226.74417114257812,107.06217193603516,91.05839538574219,221.76573181152344,94.5347671508789,-0.11243487894535065,0.36696818470954895,0.9234136939048767,1112,53.2048225402832,15.300636291503906,98.38035583496094,227.37098693847656,220.1569061279297,101.89446258544922,235.2093505859375,161.33445739746094,-0.059113916009664536,-0.13185608386993408,0.9895046949386597,101.89446258544922,235.2093505859375,161.33445739746094,97.5417709350586,200.4996337890625,145.8083038330078,0.11372945457696915,0.9069139957427979,0.40567564964294434,97.5417709350586,200.4996337890625,145.8083038330078,93.84204864501953,190.20510864257812,165.5606689453125,0.1638551950454712,0.4559291899204254,-0.8748028874397278,93.84204864501953,190.20510864257812,165.5606689453125,92.85990142822266,192.94674682617188,180.19503784179688,0.06582172214984894,-0.18373960256576538,-0.9807687997817993,1113,51.15785598754883,14.559525489807129,108.81488800048828,226.55926513671875,219.96568298339844,119.95563507080078,233.3452606201172,168.21145629882812,-0.2087341696023941,-0.12714309990406036,0.969672441482544,119.95563507080078,233.3452606201172,168.21145629882812,114.47750854492188,201.07725524902344,154.5233154296875,0.1544145941734314,0.9095538258552551,0.3858342170715332,114.47750854492188,201.07725524902344,154.5233154296875,107.46250915527344,192.4599609375,173.50648498535156,0.3189200758934021,0.3917645514011383,-0.863024115562439,107.46250915527344,192.4599609375,173.50648498535156,104.99588775634766,196.1344451904297,187.6665802001953,0.16626392304897308,-0.24768055975437164,-0.9544687271118164,1114,40.1068115234375,12.93290901184082,118.76539611816406,219.70323181152344,220.9852294921875,135.76223754882812,227.58242797851562,175.26815795898438,-0.34401875734329224,-0.159476175904274,0.9253207445144653,135.76223754882812,227.58242797851562,175.26815795898438,128.8880615234375,203.97860717773438,161.70819091796875,0.2448408454656601,0.8407086730003357,0.4829718768596649,128.8880615234375,203.97860717773438,161.70819091796875,121.34270477294922,198.06546020507812,173.9265899658203,0.4858507215976715,0.3807516098022461,-0.7867511510848999,121.34270477294922,198.06546020507812,173.9265899658203,117.70487976074219,200.44334411621094,186.90469360351562,0.26579728722572327,-0.17373983561992645,-0.9482437372207642
1,102.55940246582031,225.64614868164062,180.8826141357422,0.0080917002633214,0.2829580307006836,0.0926424115896225,-0.22631695866584778,0.45208778977394104,-0.8627845644950867,106.1987075805664,209.434814453125,243.52098083496094,158.26419067382812,105.42950439453125,442.0093994140625,1110,41.38172912597656,16.309661865234375,80.53007507324219,207.04544067382812,224.5829620361328,80.53007507324219,207.04544067382812,224.5829620361328,0.0,0.0,0.0,80.53007507324219,207.04544067382812,224.5829620361328,82.52716064453125,200.94708251953125,182.5371551513672,-0.04695415124297142,0.1433805525302887,0.9885531663894653,82.52716064453125,200.94708251953125,182.5371551513672,95.06939697265625,193.8098602294922,159.631103515625,-0.4632786810398102,0.26363104581832886,0.8460919857025146,95.06939697265625,193.8098602294922,159.631103515625,110.15714263916016,187.6324005126953,150.71319580078125,-0.8119085431098938,0.33242422342300415,0.4798944592475891,1111,46.694664001464844,15.578988075256348,88.05552673339844,225.46270751953125,221.1044464111328,83.191162109375,233.7071990966797,159.15411376953125,0.07759946584701538,-0.13152141869068146,0.9882714152336121,83.191162109375,233.7071990966797,159.15411376953125,87.30270385742188,231.61911010742188,125.35398864746094,-0.1205262616276741,0.0612105093896389,0.9908212423324585,87.30270385742188,231.61911010742188,125.35398864746094,89.5562515258789,226.73797607421875,106.93048095703125,-0.1174217164516449,0.25433284044265747,0.9599618911743164,89.5562515258789,226.73797607421875,106.93048095703125,91.09467315673828,221.77621459960938,94.39806365966797,-0.11339937895536423,0.3657389283180237,0.9237833619117737,1112,53.2048225402832,15.300636291503906,98.33379364013672,227.2733612060547,220.0304718017578,101.87609100341797,235.17608642578125,161.21832275390625,-0.059588126838207245,-0.13293875753879547,0.9893313646316528,101.87609100341797,235.17608642578125,161.21832275390625,97.56719970703125,200.46568298339844,145.6814727783203,0.11258499324321747,0.9069317579269409,0.4059550166130066,97.56719970703125,200.46568298339844,145.6814727783203,93.86920928955078,190.16973876953125,165.4334259033203,0.16377846896648407,0.4559919834136963,-0.8747844696044922,93.86920928955078,190.16973876953125,165.4334259033203,92.87846374511719,192.9149627685547,180.06654357910156,0.06639795750379562,-0.18397989869117737,-0.9806848168373108,1113,51.15785598754883,14.559525489807129,108.76934814453125,226.4735107421875,219.844970703125,119.93501281738281,233.32510375976562,168.10476684570312,-0.20920106768608093,-0.1283721625804901,0.9694099426269531,119.93501281738281,233.32510375976562,168.10476684570312,114.49449920654297,201.05760192871094,154.4004364013672,0.15335436165332794,0.909539520740509,0.3862905204296112,114.49449920654297,201.05760192871094,154.4004364013672,107.47965240478516,192.4295196533203,173.37875366210938,0.31891322135925293,0.39225509762763977,-0.8628037571907043,107.47965240478516,192.4295196533203,173.37875366210938,105.00482177734375,196.10154724121094,187.5380401611328,0.16681741178035736,-0.24751518666744232,-0.9544150233268738,1114,40.1068115234375,12.93290901184082,118.72686004638672,219.62754821777344,220.86375427246094,135.7436065673828,227.5726776123047,175.16549682617188,-0.3444215655326843,-0.160810649394989,0.924939751625061,135.7436065673828,227.5726776123047,175.16549682617188,128.89381408691406,203.97189331054688,161.58790588378906,0.2439723014831543,0.840600311756134,0.4835994839668274,128.89381408691406,203.97189331054688,161.58790588378906,121.3584976196289,198.0456085205078,173.80612182617188,0.4852045476436615,0.3815978169441223,-0.7867398858070374,121.3584976196289,198.0456085205078,173.80612182617188,117.72278594970703,200.41419982910156,186.78651428222656,0.2656429409980774,-0.17306090891361237,-0.9484111666679382
1,102.5682144165039,225.59703063964844,180.78367614746094,0.010258288122713566,0.2836170792579651,0.09215280413627625,-0.22725887596607208,0.45168694853782654,-0.8627469539642334,106.23571014404297,209.36692810058594,243.41598510742188,158.51788330078125,105.4538345336914,441.8957214355469,1110,41.38172912597656,16.309661865234375,80.57366943359375,206.9286651611328,224.4727020263672,80.57366943359375,206.9286651611328,224.4727020263672,0.0,0.0,0.0,80.57366943359375,206.9286651611328,224.4727020263672,82.61689758300781,200.8433074951172,182.42723083496094,-0.0480390302836895,0.1430748999118805,0.988545298576355,82.61689758300781,200.8433074951172,182.42723083496094,95.22256469726562,193.7314453125,159.54811096191406,-0.4656214118003845,0.26269418001174927,0.8450967669487,95.22256469726562,193.7314453125,159.54811096191406,110.35966491699219,187.58673095703125,150.69143676757812,-0.8145646452903748,0.33066222071647644,0.47659945487976074,1111,46.694664001464844,15.578988075256348,88.06022644042969,225.36358642578125,221.00376892089844,83.18527221679688,233.62705993652344,159.05679321289062,0.07776838541030884,-0.13182421028614044,0.9882177710533142,83.18527221679688,233.62705993652344,159.05679321289062,87.30607604980469,231.55274963378906,125.25695037841797,-0.1207977905869484,0.06080660596489906,0.9908130764961243,87.30607604980469,231.55274963378906,125.25695037841797,89.5727767944336,226.6900634765625,106.8301773071289,-0.11810706555843353,0.25337159633636475,0.9601320624351501,89.5727767944336,226.6900634765625,106.8301773071289,91.12387084960938,221.74508666992188,94.29268646240234,-0.11433345824480057,0.36450162529945374,0.9241571426391602,1112,53.2048225402832,15.300636291503906,98.33472442626953,227.1966552734375,219.93182373046875,101.8667984008789,235.1348114013672,161.1238250732422,-0.05941614508628845,-0.1335347592830658,0.9892614483833313,101.8667984008789,235.1348114013672,161.1238250732422,97.63053894042969,200.41477966308594,145.58853149414062,0.11068723350763321,0.9071834087371826,0.40591439604759216,97.63053894042969,200.41477966308594,145.58853149414062,93.95442962646484,190.1206817626953,165.3455352783203,0.162809357047081,0.4559101164340973,-0.8750079870223999,93.95442962646484,190.1206817626953,165.3455352783203,92.9594497680664,192.8745880126953,179.9767303466797,0.06668175011873245,-0.1845618039369583,-0.9805561900138855,1113,51.15785598754883,14.559525489807129,108.77198791503906,226.4191436767578,219.74713134765625,119.92884826660156,233.31906127929688,168.01144409179688,-0.20903606712818146,-0.1292775571346283,0.9693251252174377,119.92884826660156,233.31906127929688,168.01144409179688,114.55379486083984,201.04132080078125,154.30543518066406,0.15150927007198334,0.9098285436630249,0.3863379955291748,114.55379486083984,201.04132080078125,154.30543518066406,107.55745697021484,192.4046173095703,173.28665161132812,0.3180719017982483,0.39264723658561707,-0.8629359602928162,107.55745697021484,192.4046173095703,173.28665161132812,105.07787322998047,196.07920837402344,187.4444580078125,0.16713763773441315,-0.24768772721290588,-0.9543143510818481,1114,40.1068115234375,12.93290901184082,118.74396514892578,219.5939483642578,220.7637939453125,135.74888610839844,227.59703063964844,175.0712432861328,-0.34418222308158875,-0.16198362410068512,0.9248242378234863,135.74888610839844,227.59703063964844,175.0712432861328,128.93902587890625,203.98880004882812,161.48651123046875,0.24255001544952393,0.8408655524253845,0.48385384678840637,128.93902587890625,203.98880004882812,161.48651123046875,121.43549346923828,198.04327392578125,173.71493530273438,0.4831579625606537,0.38283678889274597,-0.7873972058296204,121.43549346923828,198.04327392578125,173.71493530273438,117.81454467773438,200.402099609375,186.70123291015625,0.26456427574157715,-0.17234736680984497,-0.9488425254821777
